CellID,LongAxis,ShortAxis,Area,RegionScore,XPosition,YPosition,Fluor1Sum,Fluor1Mean,Fluor1Background,Fluor1BgStd,Fluor1FociNumber,Fluor2Sum,Fluor2Mean,Fluor2Background,Fluor2BgStd,Fluor2FociNumber,Fluor3Sum,Fluor3Mean,Fluor3Background,Fluor3BgStd,Fluor3FociNumber,MeshArea,MeshSolidity,MeshAxisLength,MeshRibsLengthMax,MeshRibsLengthMean,MeshRibsLengthStd,MeshCurvatureMax,MeshCurvatureMean,MeshCurvatureInflection,MeshSinuosity,MeshVolume,NumOfNeighbors,RegionGrayVal,TimeFrames,AgeFrames,RelativeAge,xyFolder,DateTime,Folder,StageXposition,StageYposition,StageZposition,PhaseConfig,Fluo1Config,Fluo2Config,Fluo3Config
1,191,10.8540104948245,2073,37.3415726895379,179.460684997588,115.132175590931,NaN,NaN,NaN,NaN,NaN,NaN,NaN,NaN,NaN,NaN,NaN,NaN,NaN,NaN,NaN,1896.34425747751,0.625990238623827,193.100536356815,11.5358095875043,9.77754998037183,1.01506719880535,0.0159830831084276,0.0045875902607817,7,1.00987876887172,14498.8464575029,0,17979.1963338157,1,1,1,1,2018-10-31T15:15:21.757,20181031_ecoli_ARA_M2_50K,-0,-0,162.2,DIA_100X_EMPTY_1x1_200ms,,,
2,48,9.85972543183448,473,49.6653934583125,171.006342494715,334.145877378436,NaN,NaN,NaN,NaN,NaN,NaN,NaN,NaN,NaN,NaN,NaN,NaN,NaN,NaN,NaN,460.440478168569,0.918601072258519,47.5483295646071,11.0159309967539,9.4955590211407,1.9910708750801,0.0117164930149286,0.00590141572945594,1,1.00482746431359,3367.17912767798,0,18009.3890063425,1,1,1,1,2018-10-31T15:15:21.757,20181031_ecoli_ARA_M2_50K,-0,-0,162.2,DIA_100X_EMPTY_1x1_200ms,,,
3,57,10.6059026611157,605,43.9419073347098,218.395041322314,1301.98842975207,NaN,NaN,NaN,NaN,NaN,NaN,NaN,NaN,NaN,NaN,NaN,NaN,NaN,NaN,NaN,570.093954165476,0.852969430542187,58.2153858342591,11.2956668249507,9.6629536585791,1.80971219841098,0.014984651319267,0.00653070894304295,3,1.01126423008472,4269.20938113396,0,17799.0561983471,1,1,1,1,2018-10-31T15:15:21.757,20181031_ecoli_ARA_M2_50K,-0,-0,162.2,DIA_100X_EMPTY_1x1_200ms,,,
4,36,11.2669833823641,407,47.6906011313588,266.663390663391,431.651105651106,NaN,NaN,NaN,NaN,NaN,NaN,NaN,NaN,NaN,NaN,NaN,NaN,NaN,NaN,NaN,376.304275470869,0.956395713962719,36.8429943792598,11.6643484193819,10.0253161765233,2.28217270257862,0.00695174785521343,0.0028636293473804,1,1.0004797333194,2908.31174795341,0,17003.8968058968,1,1,1,1,2018-10-31T15:15:21.757,20181031_ecoli_ARA_M2_50K,-0,-0,162.2,DIA_100X_EMPTY_1x1_200ms,,,
5,48,9.94926263509414,479,21.740275177334,399.244258872651,18.7181628392484,NaN,NaN,NaN,NaN,NaN,NaN,NaN,NaN,NaN,NaN,NaN,NaN,NaN,NaN,NaN,NaN,NaN,NaN,NaN,NaN,NaN,NaN,NaN,NaN,NaN,NaN,0,18038.4801670146,1,1,1,1,2018-10-31T15:15:21.757,20181031_ecoli_ARA_M2_50K,-0,-0,162.2,DIA_100X_EMPTY_1x1_200ms,,,
6,64,10.3500493313183,663,27.2598155018869,408.450980392157,1429.69984917044,NaN,NaN,NaN,NaN,NaN,NaN,NaN,NaN,NaN,NaN,NaN,NaN,NaN,NaN,NaN,640.98486889455,0.804255067651767,65.600529907991,11.3771578437903,9.63868183885483,1.79423308514051,0.0219089511907829,0.00806775869101885,1,1.01785697982598,4786.65932252916,0,17688.4162895928,1,1,1,1,2018-10-31T15:15:21.757,20181031_ecoli_ARA_M2_50K,-0,-0,162.2,DIA_100X_EMPTY_1x1_200ms,,,
7,43,11.0773102447293,477,49.2590909715903,424.140461215933,474.423480083857,NaN,NaN,NaN,NaN,NaN,NaN,NaN,NaN,NaN,NaN,NaN,NaN,NaN,NaN,NaN,441.049271188089,0.944242170532747,43.5619805241747,11.7135417246626,9.91150063519379,2.19542291088605,0.00625243252103253,0.0037585949391516,0,1.0013872123238,3361.06045513229,0,17612.8825995807,1,1,1,1,2018-10-31T15:15:21.757,20181031_ecoli_ARA_M2_50K,-0,-0,162.2,DIA_100X_EMPTY_1x1_200ms,,,
8,31,10.8535611625034,337,47.8044747859757,486.424332344214,515.356083086053,NaN,NaN,NaN,NaN,NaN,NaN,NaN,NaN,NaN,NaN,NaN,NaN,NaN,NaN,NaN,321.365271268317,0.963528279573558,31.5743797198144,11.7428936221386,9.90304745150235,2.52871451013461,0.0040305688886927,0.00230262548389933,1,1.00008938932228,2431.99360710493,0,17511.5578635015,1,1,1,1,2018-10-31T15:15:21.757,20181031_ecoli_ARA_M2_50K,-0,-0,162.2,DIA_100X_EMPTY_1x1_200ms,,,
9,43,10.6097459652571,457,49.3652193844942,540.575492341357,1384.45951859956,NaN,NaN,NaN,NaN,NaN,NaN,NaN,NaN,NaN,NaN,NaN,NaN,NaN,NaN,NaN,433.816636848536,0.935752003933712,43.9156419170403,11.2100645469349,9.73905036580557,2.01393624976066,0.0139103629321429,0.0061241692237589,1,1.00236282924483,3271.46546619992,0,17368.8402625821,1,1,1,1,2018-10-31T15:15:21.757,20181031_ecoli_ARA_M2_50K,-0,-0,162.2,DIA_100X_EMPTY_1x1_200ms,,,
10,45,10.8976480934193,491,49.0768499829823,573.150712830957,1217.60081466395,NaN,NaN,NaN,NaN,NaN,NaN,NaN,NaN,NaN,NaN,NaN,NaN,NaN,NaN,NaN,461.037082421855,0.925832559936785,45.7883870745773,11.6022137969438,9.90956036634637,2.00809611323301,0.00914177437451709,0.0045067989687446,1,1.00126541792445,3531.45764691649,0,17023.4154786151,1,1,1,1,2018-10-31T15:15:21.757,20181031_ecoli_ARA_M2_50K,-0,-0,162.2,DIA_100X_EMPTY_1x1_200ms,,,
11,61,10.5108620073042,641,48.6009353668369,635.254290171607,1422.5600624025,NaN,NaN,NaN,NaN,NaN,NaN,NaN,NaN,NaN,NaN,NaN,NaN,NaN,NaN,NaN,608.726091184052,0.909754891223027,61.4149878401218,11.4187026607755,9.80996332884617,1.71017628312126,0.00595669839963787,0.00344266367511022,2,1.00103851993942,4641.9346213784,0,17770.2449297972,1,1,1,1,2018-10-31T15:15:21.757,20181031_ecoli_ARA_M2_50K,-0,-0,162.2,DIA_100X_EMPTY_1x1_200ms,,,
12,32,10.0332636085306,321,45.6325539526674,633.193146417446,1700.57009345794,NaN,NaN,NaN,NaN,NaN,NaN,NaN,NaN,NaN,NaN,NaN,NaN,NaN,NaN,NaN,311.309859787507,0.964944885566526,31.257314487892,11.6636820995414,9.73491225042575,2.42077655501777,0.00780330797190269,0.00351607857293593,1,1.00019096824476,2326.51376308128,1,17572.7414330218,1,1,1,1,2018-10-31T15:15:21.757,20181031_ecoli_ARA_M2_50K,-0,-0,162.2,DIA_100X_EMPTY_1x1_200ms,,,
13,44,10.7080707833255,471,49.6174857001067,645.592356687898,1152.0127388535,NaN,NaN,NaN,NaN,NaN,NaN,NaN,NaN,NaN,NaN,NaN,NaN,NaN,NaN,NaN,438.098756547342,0.948309732270659,43.4422471860433,11.5118336911404,9.94367690616142,2.07583171767512,0.00585922006998436,0.00203048626800352,1,1.00042027529616,3373.62007998804,0,17094.804670913,1,1,1,1,2018-10-31T15:15:21.757,20181031_ecoli_ARA_M2_50K,-0,-0,162.2,DIA_100X_EMPTY_1x1_200ms,,,
14,31,10.5716182728512,328,46.7506920524534,659.213414634146,1717.81402439024,NaN,NaN,NaN,NaN,NaN,NaN,NaN,NaN,NaN,NaN,NaN,NaN,NaN,NaN,NaN,317.164192240554,0.974911235054756,31.5316056382448,11.6588996522736,9.75393627253335,2.59861360693134,0.00614864762991495,0.00276695535032673,1,1.00019273216577,2356.11126226484,1,17864.875,1,1,1,1,2018-10-31T15:15:21.757,20181031_ecoli_ARA_M2_50K,-0,-0,162.2,DIA_100X_EMPTY_1x1_200ms,,,
15,64,10.7383651089716,688,46.3382530215679,741.024709302326,1046.14680232558,NaN,NaN,NaN,NaN,NaN,NaN,NaN,NaN,NaN,NaN,NaN,NaN,NaN,NaN,NaN,643.600244611904,0.882722203817337,64.773747701708,11.5364012150362,9.82578320462405,1.730358458993,0.00921181264149868,0.00597589929767941,1,1.00425956760174,4911.60306866026,0,17464.9418604651,1,1,1,1,2018-10-31T15:15:21.757,20181031_ecoli_ARA_M2_50K,-0,-0,162.2,DIA_100X_EMPTY_1x1_200ms,,,
16,61,10.485654119868,640,48.3286721498955,724.740625,65.0125,NaN,NaN,NaN,NaN,NaN,NaN,NaN,NaN,NaN,NaN,NaN,NaN,NaN,NaN,NaN,602.69555597003,0.896814682877254,60.8595089036226,11.4719488863667,9.79573434041892,1.75635049574005,0.0128190982284766,0.0050961269945609,1,1.00211941113221,4586.6153702782,0,17964.2234375,1,1,1,1,2018-10-31T15:15:21.757,20181031_ecoli_ARA_M2_50K,-0,-0,162.2,DIA_100X_EMPTY_1x1_200ms,,,
17,68,10.261272121998,698,41.9725775258002,769.467048710602,628.558739255014,NaN,NaN,NaN,NaN,NaN,NaN,NaN,NaN,NaN,NaN,NaN,NaN,NaN,NaN,NaN,673.753827995948,0.83066009105992,69.4595619425738,11.06640941664,9.55303359222131,1.81844453124954,0.0117679078962501,0.00548797488314434,2,1.00616087798155,4978.56900725488,0,18173.9426934097,1,1,1,1,2018-10-31T15:15:21.757,20181031_ecoli_ARA_M2_50K,-0,-0,162.2,DIA_100X_EMPTY_1x1_200ms,,,
18,71,10.4241114376907,741,47.8185893379816,804.442645074224,347.993252361673,NaN,NaN,NaN,NaN,NaN,NaN,NaN,NaN,NaN,NaN,NaN,NaN,NaN,NaN,NaN,697.840134785034,0.886882053973007,71.7199541183432,11.3682826204688,9.62447081184517,1.62662439092079,0.0140301893268681,0.00598749999496361,4,1.00232630423347,5217.75405111998,0,18147.1484480432,1,1,1,1,2018-10-31T15:15:21.757,20181031_ecoli_ARA_M2_50K,-0,-0,162.2,DIA_100X_EMPTY_1x1_200ms,,,
19,58,10.7914387594565,626,49.6548273053047,851.650159744409,1634.85942492013,NaN,NaN,NaN,NaN,NaN,NaN,NaN,NaN,NaN,NaN,NaN,NaN,NaN,NaN,NaN,583.38403182243,0.923869501364413,58.9385698608568,11.4244659569876,9.79418450500035,1.78394579137841,0.00324028704823779,0.00128609351186185,4,1.00007120825114,4440.44031599029,0,17524.7268370607,1,1,1,1,2018-10-31T15:15:21.757,20181031_ecoli_ARA_M2_50K,-0,-0,162.2,DIA_100X_EMPTY_1x1_200ms,,,
20,43,10.539529025481,454,49.303140460992,865.894273127753,25.1079295154185,NaN,NaN,NaN,NaN,NaN,NaN,NaN,NaN,NaN,NaN,NaN,NaN,NaN,NaN,NaN,428.181136327637,0.926250936536851,43.7972520811773,11.3166255285479,9.51122784504577,2.25974381721307,0.00709093148403625,0.00423106217877951,1,1.00208460002686,3111.78738079911,0,18447.218061674,1,1,1,1,2018-10-31T15:15:21.757,20181031_ecoli_ARA_M2_50K,-0,-0,162.2,DIA_100X_EMPTY_1x1_200ms,,,
21,69,10.4585150369546,722,46.7072923007794,872.3891966759,993.398891966759,NaN,NaN,NaN,NaN,NaN,NaN,NaN,NaN,NaN,NaN,NaN,NaN,NaN,NaN,NaN,669.87962427409,0.895949078473074,68.5851328474432,11.1330149001173,9.63631665519773,1.67022792283373,0.00578518109709833,0.00269543867845795,2,1.00177698709176,5001.9804621823,0,17328.0138504155,1,1,1,1,2018-10-31T15:15:21.757,20181031_ecoli_ARA_M2_50K,-0,-0,162.2,DIA_100X_EMPTY_1x1_200ms,,,
22,40,10.7014216174668,428,49.6530512437264,863.492990654206,1843.84345794393,NaN,NaN,NaN,NaN,NaN,NaN,NaN,NaN,NaN,NaN,NaN,NaN,NaN,NaN,NaN,392.760602185741,0.948776294916251,39.648971745456,11.4007452854083,9.69893681063533,2.16666260741705,0.00649866326845382,0.00336644371081938,2,1.00035819992252,2929.34194283235,0,17175.3434579439,1,1,1,1,2018-10-31T15:15:21.757,20181031_ecoli_ARA_M2_50K,-0,-0,162.2,DIA_100X_EMPTY_1x1_200ms,,,
23,50,10.2598532086763,514,48.7267252308053,931.369649805447,401.671206225681,NaN,NaN,NaN,NaN,NaN,NaN,NaN,NaN,NaN,NaN,NaN,NaN,NaN,NaN,NaN,496.495075918828,0.909314390452703,51.005071462761,11.3306446943022,9.46756923352924,2.12646304966745,0.0155314089857246,0.00587176658513726,2,1.00145768632485,3590.70908971583,0,18039.126459144,1,1,1,1,2018-10-31T15:15:21.757,20181031_ecoli_ARA_M2_50K,-0,-0,162.2,DIA_100X_EMPTY_1x1_200ms,,,
24,54,10.678699426769,577,49.2830298361419,942.128249566724,348.993067590988,NaN,NaN,NaN,NaN,NaN,NaN,NaN,NaN,NaN,NaN,NaN,NaN,NaN,NaN,NaN,544.195928346793,0.880171123312913,54.6921768262574,11.4915481550853,9.80165472561551,1.88664920785961,0.0138478400196961,0.00633951591851626,0,1.00797725080485,4126.80445292101,0,17974.8110918544,1,1,1,1,2018-10-31T15:15:21.757,20181031_ecoli_ARA_M2_50K,-0,-0,162.2,DIA_100X_EMPTY_1x1_200ms,,,
25,47,10.3507451252904,487,48.916500110739,993.217659137577,1681.66119096509,NaN,NaN,NaN,NaN,NaN,NaN,NaN,NaN,NaN,NaN,NaN,NaN,NaN,NaN,NaN,462.036897005304,0.929195828106354,47.1056176572321,11.2217102751811,9.53003848828598,2.21756990536015,0.00686411327440402,0.00377832621436211,0,1.00164106112188,3360.09760653595,0,17272.6632443532,1,1,1,1,2018-10-31T15:15:21.757,20181031_ecoli_ARA_M2_50K,-0,-0,162.2,DIA_100X_EMPTY_1x1_200ms,,,
26,39,10.077798794912,393,49.5317078538685,1017.62340966921,1384.58015267176,NaN,NaN,NaN,NaN,NaN,NaN,NaN,NaN,NaN,NaN,NaN,NaN,NaN,NaN,NaN,379.519567260572,0.952007461005739,38.7150076448468,11.0495413789898,9.60589118114433,2.15656234668023,0.0095532652655297,0.00316135785305542,1,1.00092967519694,2805.72147144405,0,17405.4249363868,1,1,1,1,2018-10-31T15:15:21.757,20181031_ecoli_ARA_M2_50K,-0,-0,162.2,DIA_100X_EMPTY_1x1_200ms,,,
27,41,10.7607707341358,442,49.1611708394921,1031.73529411765,347.14479638009,NaN,NaN,NaN,NaN,NaN,NaN,NaN,NaN,NaN,NaN,NaN,NaN,NaN,NaN,NaN,416.214544613419,0.951570309822458,41.7379589159947,11.7913252747253,9.7886194689536,2.1910554253109,0.00454859993818443,0.00184671683265477,2,1.00024007117412,3140.97138585776,0,17407.3936651584,1,1,1,1,2018-10-31T15:15:21.757,20181031_ecoli_ARA_M2_50K,-0,-0,162.2,DIA_100X_EMPTY_1x1_200ms,,,
28,40,10.7718589886443,431,49.5084825038998,1101.01856148492,1722.13225058005,NaN,NaN,NaN,NaN,NaN,NaN,NaN,NaN,NaN,NaN,NaN,NaN,NaN,NaN,NaN,394.983616986783,0.95155658034526,39.3795113363489,11.6493373993788,9.74546550880532,2.42330143289417,0.0197849976473183,0.00325405281139445,1,1.00109673631922,2937.41549550393,0,17323.1740139211,1,1,1,1,2018-10-31T15:15:21.757,20181031_ecoli_ARA_M2_50K,-0,-0,162.2,DIA_100X_EMPTY_1x1_200ms,,,
29,34,11.1723968999973,381,48.7996536362224,1109.93175853018,1140.71391076115,NaN,NaN,NaN,NaN,NaN,NaN,NaN,NaN,NaN,NaN,NaN,NaN,NaN,NaN,NaN,359.22540519623,0.96415063224899,34.805647976782,11.7479947629177,9.97710761029733,2.61220758979974,0.09667596193968,0.00352963459348315,1,1.00015451265864,2721.12766459229,0,16847.6692913386,1,1,1,1,2018-10-31T15:15:21.757,20181031_ecoli_ARA_M2_50K,-0,-0,162.2,DIA_100X_EMPTY_1x1_200ms,,,
30,74,10.508284606636,778,44.4175640656579,1124.55912596401,719.516709511568,NaN,NaN,NaN,NaN,NaN,NaN,NaN,NaN,NaN,NaN,NaN,NaN,NaN,NaN,NaN,727.291893877866,0.844078423623172,74.1023866726493,11.376490267044,9.69946235773014,1.64956103727071,0.00715381613881267,0.00414026529318056,0,1.00545228650303,5475.41953524339,0,17682.1606683805,1,1,1,1,2018-10-31T15:15:21.757,20181031_ecoli_ARA_M2_50K,-0,-0,162.2,DIA_100X_EMPTY_1x1_200ms,,,
31,51,10.9550310920384,559,49.1266986527056,1192.28980322004,765.28801431127,NaN,NaN,NaN,NaN,NaN,NaN,NaN,NaN,NaN,NaN,NaN,NaN,NaN,NaN,NaN,516.197953423935,0.907241806346621,51.2702931192259,11.6227712804561,9.92803190547189,1.96920483429661,0.0153032211428247,0.00557870862776863,3,1.00401043594496,3969.00832720843,0,17245.5313059034,1,1,1,1,2018-10-31T15:15:21.757,20181031_ecoli_ARA_M2_50K,-0,-0,162.2,DIA_100X_EMPTY_1x1_200ms,,,
32,53,11.0055840976818,584,49.1505388852621,1240.2654109589,864.969178082192,NaN,NaN,NaN,NaN,NaN,NaN,NaN,NaN,NaN,NaN,NaN,NaN,NaN,NaN,NaN,534.678971771681,0.920676699130673,53.1255327070646,11.527851669633,9.90376327941483,1.9247784847936,0.00704315814046119,0.00430527700311667,1,1.00110987098034,4092.54705744279,0,17444.1386986301,1,1,1,1,2018-10-31T15:15:21.757,20181031_ecoli_ARA_M2_50K,-0,-0,162.2,DIA_100X_EMPTY_1x1_200ms,,,
33,75,10.6750605537505,800,48.6203170494338,1297.9975,1033.62,NaN,NaN,NaN,NaN,NaN,NaN,NaN,NaN,NaN,NaN,NaN,NaN,NaN,NaN,NaN,736.219070829553,0.871315374940747,74.6347674783656,11.4015795434676,9.75752887586047,1.58570339035836,0.0144379951829371,0.00617035713126122,2,1.00219334844033,5580.9837225249,0,17379.80625,1,1,1,1,2018-10-31T15:15:21.757,20181031_ecoli_ARA_M2_50K,-0,-0,162.2,DIA_100X_EMPTY_1x1_200ms,,,
34,66,11.2109175571644,740,49.0513713470876,1327.1527027027,59.2594594594595,NaN,NaN,NaN,NaN,NaN,NaN,NaN,NaN,NaN,NaN,NaN,NaN,NaN,NaN,NaN,668.777040199364,0.88049434049855,66.1845237162611,11.7455594154976,9.98214091885433,1.76658596720163,0.00729992041728419,0.0044466082990783,1,1.00398730422967,5179.5701858646,0,17614.9581081081,1,1,1,1,2018-10-31T15:15:21.757,20181031_ecoli_ARA_M2_50K,-0,-0,162.2,DIA_100X_EMPTY_1x1_200ms,,,
35,64,10.5907371409349,678,47.9283197816045,1387.80383480826,1750,NaN,NaN,NaN,NaN,NaN,NaN,NaN,NaN,NaN,NaN,NaN,NaN,NaN,NaN,NaN,631.770546047215,0.871765720742489,63.8042410306856,11.6222969073483,9.79651986505913,1.7197359671587,0.0136180848991456,0.00491300120957939,1,1.00554092953827,4809.31335995478,0,17381.1725663717,1,1,1,1,2018-10-31T15:15:21.757,20181031_ecoli_ARA_M2_50K,-0,-0,162.2,DIA_100X_EMPTY_1x1_200ms,,,
36,50,10.7533941964129,538,49.3585036435169,1404.97769516729,1813.85873605948,NaN,NaN,NaN,NaN,NaN,NaN,NaN,NaN,NaN,NaN,NaN,NaN,NaN,NaN,NaN,502.109505792585,0.927961206867256,50.1533953446418,11.5618721590084,9.84879827568733,1.98905948502986,0.00782209805855173,0.00447027981230813,1,1.00098316994569,3820.82111920376,0,17050.0092936803,1,1,1,1,2018-10-31T15:15:21.757,20181031_ecoli_ARA_M2_50K,-0,-0,162.2,DIA_100X_EMPTY_1x1_200ms,,,
37,43,10.7419094401519,462,49.7209484329081,1453.22727272727,1965.18398268398,NaN,NaN,NaN,NaN,NaN,NaN,NaN,NaN,NaN,NaN,NaN,NaN,NaN,NaN,NaN,434.521413543994,0.938983116870898,42.9338286189439,11.6471345783542,9.97670238775957,2.08722323125042,0.00943469494458928,0.00386832852984617,2,1.000634898729,3356.32133741909,0,17389.5714285714,1,1,1,1,2018-10-31T15:15:21.757,20181031_ecoli_ARA_M2_50K,-0,-0,162.2,DIA_100X_EMPTY_1x1_200ms,,,
38,47,11.0427756620929,519,49.6156186802686,1468.79383429672,623.325626204239,NaN,NaN,NaN,NaN,NaN,NaN,NaN,NaN,NaN,NaN,NaN,NaN,NaN,NaN,NaN,462.591148514166,0.947237356972645,45.7472070809764,11.3958244910021,9.94716621589855,2.08039286865625,0.00385167716697054,0.00178577968784966,1,1.00045425406932,3555.11142009789,0,17038.9595375723,1,1,1,1,2018-10-31T15:15:21.757,20181031_ecoli_ARA_M2_50K,-0,-0,162.2,DIA_100X_EMPTY_1x1_200ms,,,
39,37,10.1398641761748,376,48.926791754882,1521.33776595745,1366.38829787234,NaN,NaN,NaN,NaN,NaN,NaN,NaN,NaN,NaN,NaN,NaN,NaN,NaN,NaN,NaN,366.325276258593,0.958526333399569,37.4775589887803,11.2269735607902,9.51276993772363,2.32528808325998,0.0101561205636472,0.00367662377787875,1,1.00123648841545,2663.63777347927,0,17103.4760638298,1,1,1,1,2018-10-31T15:15:21.757,20181031_ecoli_ARA_M2_50K,-0,-0,162.2,DIA_100X_EMPTY_1x1_200ms,,,
40,45,10.787727483873,486,49.3873511886792,1531.24074074074,1599.92798353909,NaN,NaN,NaN,NaN,NaN,NaN,NaN,NaN,NaN,NaN,NaN,NaN,NaN,NaN,NaN,453.316323849922,0.924921476368199,44.548872210836,11.8619768494039,9.8577411631502,2.39864911359625,0.00629704305097667,0.00270536006888888,1,1.00040024912882,3400.01956845202,0,16251.9670781893,1,1,1,1,2018-10-31T15:15:21.757,20181031_ecoli_ARA_M2_50K,-0,-0,162.2,DIA_100X_EMPTY_1x1_200ms,,,
41,49,11.1313320232552,546,49.0496272279332,1537.55677655678,1309.8021978022,NaN,NaN,NaN,NaN,NaN,NaN,NaN,NaN,NaN,NaN,NaN,NaN,NaN,NaN,NaN,502.817953233719,0.928016609248375,49.2070692008261,11.5529682947231,10.0566891713421,2.01521700265623,0.0109970816940742,0.00567308158751117,1,1.00326718217233,3908.65586534764,0,16460.6043956044,1,1,1,1,2018-10-31T15:15:21.757,20181031_ecoli_ARA_M2_50K,-0,-0,162.2,DIA_100X_EMPTY_1x1_200ms,,,
42,48,10.6863156188408,513,49.3920768444875,1591.54970760234,719.66081871345,NaN,NaN,NaN,NaN,NaN,NaN,NaN,NaN,NaN,NaN,NaN,NaN,NaN,NaN,NaN,469.845054821714,0.907893902763265,47.5155494563562,11.5153974192779,9.68767123046068,2.12764200204518,0.0118270442103712,0.00515212759158475,2,1.00435894530838,3502.38932560862,0,17733.567251462,1,1,1,1,2018-10-31T15:15:21.757,20181031_ecoli_ARA_M2_50K,-0,-0,162.2,DIA_100X_EMPTY_1x1_200ms,,,
43,42,10.1776791130727,428,48.6579059892129,1615.58644859813,1515.73598130841,NaN,NaN,NaN,NaN,NaN,NaN,NaN,NaN,NaN,NaN,NaN,NaN,NaN,NaN,NaN,452.30155891999,0.92329137287201,43.7173293050929,12.4308612516701,10.1717501980024,2.21619509228226,0.00510489780454313,0.0030451269885125,1,1.00054845907603,3552.50646116353,2,18517.726635514,1,1,1,1,2018-10-31T15:15:21.757,20181031_ecoli_ARA_M2_50K,-0,-0,162.2,DIA_100X_EMPTY_1x1_200ms,,,
44,66,11.0003125440601,727,46.8343785597115,1614.38376891334,335.872077028886,NaN,NaN,NaN,NaN,NaN,NaN,NaN,NaN,NaN,NaN,NaN,NaN,NaN,NaN,NaN,654.04866696907,0.882597811952791,66.4364336241863,11.1982272976909,9.75364367682261,1.66556762363962,0.00860889873082394,0.00353397489088721,0,1.00371226245374,4963.97932422844,0,17715.030261348,1,1,1,1,2018-10-31T15:15:21.757,20181031_ecoli_ARA_M2_50K,-0,-0,162.2,DIA_100X_EMPTY_1x1_200ms,,,
45,40,10.0556261860872,403,49.1884074274197,1632.56327543424,1495.09925558313,NaN,NaN,NaN,NaN,NaN,NaN,NaN,NaN,NaN,NaN,NaN,NaN,NaN,NaN,NaN,421.225388758056,0.950337012049805,41.973615872627,11.6770136638699,9.79780475968072,2.32229079449117,0.00343287999800785,0.00167846190424746,2,1.00009833285571,3164.63645881404,2,18464.7518610422,1,1,1,1,2018-10-31T15:15:21.757,20181031_ecoli_ARA_M2_50K,-0,-0,162.2,DIA_100X_EMPTY_1x1_200ms,,,
46,41,9.56268529105905,392,48.5919759880727,1633.26530612245,1520.95408163265,NaN,NaN,NaN,NaN,NaN,NaN,NaN,NaN,NaN,NaN,NaN,NaN,NaN,NaN,NaN,423.527999907255,0.952716638729858,41.2138422959459,11.5293385283949,10.1013203455863,2.21330178103809,0.00495097459018857,0.00262534936332687,3,1.00004775408505,3302.85322620195,2,18672.7117346939,1,1,1,1,2018-10-31T15:15:21.757,20181031_ecoli_ARA_M2_50K,-0,-0,162.2,DIA_100X_EMPTY_1x1_200ms,,,
47,40,10.7402754354874,431,49.4032732172678,1649.78422273782,1334.00696055684,NaN,NaN,NaN,NaN,NaN,NaN,NaN,NaN,NaN,NaN,NaN,NaN,NaN,NaN,NaN,409.898103685062,0.955634383077016,40.9302429843226,11.378211740058,9.74717170194811,2.36528877787459,0.0734522979966598,0.00212422524227227,2,1.00009864718348,3054.15755434411,0,17350.939675174,1,1,1,1,2018-10-31T15:15:21.757,20181031_ecoli_ARA_M2_50K,-0,-0,162.2,DIA_100X_EMPTY_1x1_200ms,,,
48,49,11.2688517006116,553,48.1495619057493,1660.91139240506,1404.53526220615,NaN,NaN,NaN,NaN,NaN,NaN,NaN,NaN,NaN,NaN,NaN,NaN,NaN,NaN,NaN,510.817362748218,0.891510170452172,49.8019497109249,11.7173283374357,10.0418357850516,2.0925614437404,0.0158483207811158,0.00716903562186445,1,1.00836696873855,3944.23204190818,0,16765.1898734177,1,1,1,1,2018-10-31T15:15:21.757,20181031_ecoli_ARA_M2_50K,-0,-0,162.2,DIA_100X_EMPTY_1x1_200ms,,,
49,40,10.5088796579984,421,49.5015907787167,1677.9809976247,1468.29691211401,NaN,NaN,NaN,NaN,NaN,NaN,NaN,NaN,NaN,NaN,NaN,NaN,NaN,NaN,NaN,403.880838818412,0.948992349265765,40.5798571141722,11.6382345958262,9.73487976780725,2.27719272909231,0.0114421067354241,0.00408386998446633,1,1.0019874295369,3020.37995240965,0,17531.8337292162,1,1,1,1,2018-10-31T15:15:21.757,20181031_ecoli_ARA_M2_50K,-0,-0,162.2,DIA_100X_EMPTY_1x1_200ms,,,
50,46,10.9975127803746,506,49.3659929894952,1707.00988142292,543.393280632411,NaN,NaN,NaN,NaN,NaN,NaN,NaN,NaN,NaN,NaN,NaN,NaN,NaN,NaN,NaN,453.35078307043,0.925481652370911,45.3223572733609,11.5075717614187,9.77109844492088,2.15872485732647,0.00972542913444435,0.00346962041122279,1,1.00103558024554,3398.51467127852,0,17335.581027668,1,1,1,1,2018-10-31T15:15:21.757,20181031_ecoli_ARA_M2_50K,-0,-0,162.2,DIA_100X_EMPTY_1x1_200ms,,,
51,44,10.2282777702727,451,48.9791282339817,1700.80487804878,1275.34589800443,NaN,NaN,NaN,NaN,NaN,NaN,NaN,NaN,NaN,NaN,NaN,NaN,NaN,NaN,NaN,445.593627768884,0.939702366139058,45.2248161781379,11.6371792225305,9.68982535234717,2.02294989445341,0.0081681132498698,0.00377957984898693,1,1.00060038326557,3335.02113575949,0,17612.1042128603,1,1,1,1,2018-10-31T15:15:21.757,20181031_ecoli_ARA_M2_50K,-0,-0,162.2,DIA_100X_EMPTY_1x1_200ms,,,
52,50,10.9023639664868,546,48.4259529479266,1714.60989010989,1496.58974358974,NaN,NaN,NaN,NaN,NaN,NaN,NaN,NaN,NaN,NaN,NaN,NaN,NaN,NaN,NaN,509.36337688628,0.910950755290456,50.5881667040353,11.7107828969186,9.89346157359885,2.05115110861116,0.0128612547722449,0.00417638338940423,3,1.00366037264487,3888.97691336931,0,17142.2545787546,1,1,1,1,2018-10-31T15:15:21.757,20181031_ecoli_ARA_M2_50K,-0,-0,162.2,DIA_100X_EMPTY_1x1_200ms,,,
53,39,12.6087320932791,492,49.546970153677,1784.19715447154,1446.57113821138,NaN,NaN,NaN,NaN,NaN,NaN,NaN,NaN,NaN,NaN,NaN,NaN,NaN,NaN,NaN,437.223151437322,0.973670193709825,38.5718744515927,12.7489334486948,10.9333589909536,2.93206182328039,0.0101127794530719,0.00413641950105675,1,1.00081720927404,3621.32782976945,0,16877.762195122,1,1,1,1,2018-10-31T15:15:21.757,20181031_ecoli_ARA_M2_50K,-0,-0,162.2,DIA_100X_EMPTY_1x1_200ms,,,
54,45,11.355432434335,511,49.4506799376312,1814.21135029354,1080.26810176125,NaN,NaN,NaN,NaN,NaN,NaN,NaN,NaN,NaN,NaN,NaN,NaN,NaN,NaN,NaN,458.438232633032,0.933708744233979,44.1584333558268,11.9326072247634,10.1886483406278,2.22380286781944,0.0103663270440408,0.00327215413353566,2,1.00118677400954,3600.28336936558,0,16792.0254403131,1,1,1,1,2018-10-31T15:15:21.757,20181031_ecoli_ARA_M2_50K,-0,-0,162.2,DIA_100X_EMPTY_1x1_200ms,,,
55,48,9.61418031424986,462,48.9173822667665,1856.7380952381,230.798701298701,NaN,NaN,NaN,NaN,NaN,NaN,NaN,NaN,NaN,NaN,NaN,NaN,NaN,NaN,NaN,469.20460121468,0.922536476509976,49.7215725519164,11.0151675330983,9.28911579146387,1.89892266922682,0.00701178442872102,0.00354701736268873,1,1.0005053857594,3369.63988491688,1,18979.2619047619,1,1,1,1,2018-10-31T15:15:21.757,20181031_ecoli_ARA_M2_50K,-0,-0,162.2,DIA_100X_EMPTY_1x1_200ms,,,
56,50,9.85689966961826,493,48.1429322549547,1872.64503042596,209.020283975659,NaN,NaN,NaN,NaN,NaN,NaN,NaN,NaN,NaN,NaN,NaN,NaN,NaN,NaN,NaN,476.467279921147,0.889456981479768,50.0996241365008,11.6198783332349,9.26198343450189,2.10232660842059,0.0185694030643761,0.00776383203815446,1,1.0027310276675,3375.45520427287,1,18788.8742393509,1,1,1,1,2018-10-31T15:15:21.757,20181031_ecoli_ARA_M2_50K,-0,-0,162.2,DIA_100X_EMPTY_1x1_200ms,,,
57,46,11.1251548189321,513,48.9741983546148,1904.39571150097,927.705653021442,NaN,NaN,NaN,NaN,NaN,NaN,NaN,NaN,NaN,NaN,NaN,NaN,NaN,NaN,NaN,477.679296449245,0.918983786867691,47.3236826753831,11.619332984236,9.94373126675206,2.0224278291641,0.0126615350203136,0.00684460059817861,0,1.0067980484611,3675.08317519051,0,17236.9200779727,1,1,1,1,2018-10-31T15:15:21.757,20181031_ecoli_ARA_M2_50K,-0,-0,162.2,DIA_100X_EMPTY_1x1_200ms,,,
58,40,11.2434441445999,450,49.4033040073215,2011.76888888889,198.404444444444,NaN,NaN,NaN,NaN,NaN,NaN,NaN,NaN,NaN,NaN,NaN,NaN,NaN,NaN,NaN,406.567606771976,0.963929312849198,40.3651782035376,11.4574691458015,9.78970318376966,2.38821554093807,0.00464776638135011,0.00196371628887131,1,1.00027945759402,3038.33603585938,0,17220.8955555556,1,1,1,1,2018-10-31T15:15:21.757,20181031_ecoli_ARA_M2_50K,-0,-0,162.2,DIA_100X_EMPTY_1x1_200ms,,,
1,74,10.013467471781,741,44.6217074574233,79.7085020242915,1996.40350877193,NaN,NaN,NaN,NaN,NaN,NaN,NaN,NaN,NaN,NaN,NaN,NaN,NaN,NaN,NaN,690.524015832853,0.823389624900396,73.8537472873098,10.9345749868367,9.26310642751296,1.52638197393083,0.0116046096058163,0.00513578936977971,2,1.00695119833069,4977.09264724399,0,19116.9973009447,1,1,1,2,2018-10-31T15:15:24.185,20181031_ecoli_ARA_M2_50K,-500,866,162.2,DIA_100X_EMPTY_1x1_200ms,,,
2,55,11.230327260275,618,49.084923879502,444.278317152104,373.891585760518,NaN,NaN,NaN,NaN,NaN,NaN,NaN,NaN,NaN,NaN,NaN,NaN,NaN,NaN,NaN,552.660422862977,0.901203184028693,54.4360238158104,11.899424382611,9.95997550386613,2.00049067859496,0.0100717206258458,0.00445989005266852,2,1.00293534783713,4241.23969426164,0,17703.213592233,1,1,1,2,2018-10-31T15:15:24.185,20181031_ecoli_ARA_M2_50K,-500,866,162.2,DIA_100X_EMPTY_1x1_200ms,,,
3,42,12.9960713378398,546,49.7459056982063,479.545787545788,1772.66666666667,NaN,NaN,NaN,NaN,NaN,NaN,NaN,NaN,NaN,NaN,NaN,NaN,NaN,NaN,NaN,449.514533601855,0.967046229537055,40.3552592960816,12.6161489732631,10.9639247295696,2.48008316282201,0.00658104297213918,0.00351003485690515,1,1.00043149071722,3809.97489639788,0,16784.4743589744,1,1,1,2,2018-10-31T15:15:24.185,20181031_ecoli_ARA_M2_50K,-500,866,162.2,DIA_100X_EMPTY_1x1_200ms,,,
4,73,11.2186036160995,821,48.4617908310988,615.706455542022,859.186358099878,NaN,NaN,NaN,NaN,NaN,NaN,NaN,NaN,NaN,NaN,NaN,NaN,NaN,NaN,NaN,734.466150224996,0.910246938168596,73.1745251822566,11.6459803078662,9.92281593023182,1.68922456643562,0.00591592239968217,0.00294034586658173,1,1.00087820908289,5658.73901998899,0,17549.9780755177,1,1,1,2,2018-10-31T15:15:24.185,20181031_ecoli_ARA_M2_50K,-500,866,162.2,DIA_100X_EMPTY_1x1_200ms,,,
5,54,10.265063597153,555,49.4831144090178,642.192792792793,1591.46486486486,NaN,NaN,NaN,NaN,NaN,NaN,NaN,NaN,NaN,NaN,NaN,NaN,NaN,NaN,NaN,522.161422673713,0.943969136521864,54.3077646512029,10.8003585714338,9.48858222917228,1.8067306942289,0.00456299327422429,0.00211448377910442,2,1.00024471164315,3840.20545170733,0,17623.9387387387,1,1,1,2,2018-10-31T15:15:24.185,20181031_ecoli_ARA_M2_50K,-500,866,162.2,DIA_100X_EMPTY_1x1_200ms,,,
6,69,11.1979919225218,773,48.8327228523543,913.90297542044,255.917205692109,NaN,NaN,NaN,NaN,NaN,NaN,NaN,NaN,NaN,NaN,NaN,NaN,NaN,NaN,NaN,688.397937900512,0.914438864117411,68.4930564890868,11.5129622798535,9.9035554022658,1.79470894060682,0.0107939244288576,0.00438548026086398,3,1.00156856310289,5276.1690157814,0,17549.2069857697,1,1,1,2,2018-10-31T15:15:24.185,20181031_ecoli_ARA_M2_50K,-500,866,162.2,DIA_100X_EMPTY_1x1_200ms,,,
7,172,10.2114908167683,1757,49.3837142964045,1180.84632896983,1679.87421741605,NaN,NaN,NaN,NaN,NaN,NaN,NaN,NaN,NaN,NaN,NaN,NaN,NaN,NaN,NaN,1677.66116544621,0.506910360492669,175.804543412027,11.4547394352872,9.5048518366565,0.993821068615901,0.0167141913031228,0.00527384382723485,4,1.02446090743412,12474.1418617878,0,18365.296528173,1,1,1,2,2018-10-31T15:15:24.185,20181031_ecoli_ARA_M2_50K,-500,866,162.2,DIA_100X_EMPTY_1x1_200ms,,,
8,40,10.7855017220812,431,49.4786370079368,1481.59628770302,1839.84454756381,NaN,NaN,NaN,NaN,NaN,NaN,NaN,NaN,NaN,NaN,NaN,NaN,NaN,NaN,NaN,402.049561036268,0.944645680147625,40.204330359994,11.3145228965638,9.81097175391491,2.11902312865606,0.00654846554253477,0.00256483930629198,0,1.00061112496317,3039.3923430364,0,17724.1972157773,1,1,1,2,2018-10-31T15:15:24.185,20181031_ecoli_ARA_M2_50K,-500,866,162.2,DIA_100X_EMPTY_1x1_200ms,,,
9,58,12.4622597374182,723,36.3569669758294,1665.7275242047,28.865836791148,NaN,NaN,NaN,NaN,NaN,NaN,NaN,NaN,NaN,NaN,NaN,NaN,NaN,NaN,NaN,NaN,NaN,NaN,NaN,NaN,NaN,NaN,NaN,NaN,NaN,NaN,0,17715.1991701245,1,1,1,2,2018-10-31T15:15:24.185,20181031_ecoli_ARA_M2_50K,-500,866,162.2,DIA_100X_EMPTY_1x1_200ms,,,
10,38,10.7733089313372,410,49.2265270467295,1837.86585365854,951.031707317073,NaN,NaN,NaN,NaN,NaN,NaN,NaN,NaN,NaN,NaN,NaN,NaN,NaN,NaN,NaN,382.376557330342,0.960606125188337,38.1946718812895,11.5201126050088,9.80565089925687,2.25840650335582,0.00394786414234394,0.00214682299771254,1,1.00034478661402,2884.33380308048,0,17468.4195121951,1,1,1,2,2018-10-31T15:15:24.185,20181031_ecoli_ARA_M2_50K,-500,866,162.2,DIA_100X_EMPTY_1x1_200ms,,,
11,62,11.5761014046859,718,49.2782767771863,1947.09331476323,768.728412256267,NaN,NaN,NaN,NaN,NaN,NaN,NaN,NaN,NaN,NaN,NaN,NaN,NaN,NaN,NaN,642.696022701982,0.919956847483292,61.8981342687986,11.7241903535037,10.2758378077245,1.80783694920966,0.0112885583045329,0.00438684348499964,3,1.00129309267938,5133.36235843518,0,16989.8676880223,1,1,1,2,2018-10-31T15:15:24.185,20181031_ecoli_ARA_M2_50K,-500,866,162.2,DIA_100X_EMPTY_1x1_200ms,,,
1,64,10.5919882034587,680,48.0405477211211,171.973529411765,1836.56029411765,NaN,NaN,NaN,NaN,NaN,NaN,NaN,NaN,NaN,NaN,NaN,NaN,NaN,NaN,NaN,622.578104934338,0.901324596631117,63.9331586668467,11.6826426768961,9.64281429886416,1.66780731892434,0.00663012526580105,0.00300643868989724,1,1.00099859690697,4668.99758608777,0,18208.3235294118,1,1,1,7,2018-10-31T15:15:35.799,20181031_ecoli_ARA_M2_50K,500,866,162.2,DIA_100X_EMPTY_1x1_200ms,,,
2,44,10.6959583418181,471,49.4765334034008,175.543524416136,314.142250530786,NaN,NaN,NaN,NaN,NaN,NaN,NaN,NaN,NaN,NaN,NaN,NaN,NaN,NaN,NaN,432.367258703956,0.940725277357008,43.8738458832417,11.3662413939898,9.70550637665385,2.03080691128631,0.00365960584589538,0.00178370712135601,2,1.00006209003485,3245.87645221011,0,17487.8237791932,1,1,1,7,2018-10-31T15:15:35.799,20181031_ecoli_ARA_M2_50K,500,866,162.2,DIA_100X_EMPTY_1x1_200ms,,,
3,50,10.4639746714109,523,49.3424918015091,245.933078393881,1554.65391969407,NaN,NaN,NaN,NaN,NaN,NaN,NaN,NaN,NaN,NaN,NaN,NaN,NaN,NaN,NaN,475.796462872123,0.933461463286308,49.2254589585874,11.2461656695795,9.51536420103434,1.88801217875808,0.00732853927552222,0.00339092825877961,2,1.0004993568708,3500.50326086724,0,17545.4321223709,1,1,1,7,2018-10-31T15:15:35.799,20181031_ecoli_ARA_M2_50K,500,866,162.2,DIA_100X_EMPTY_1x1_200ms,,,
4,56,10.4463734426328,586,46.4829025410572,243.725255972696,1446.98293515358,NaN,NaN,NaN,NaN,NaN,NaN,NaN,NaN,NaN,NaN,NaN,NaN,NaN,NaN,NaN,557.196484044671,0.903169788020506,57.4905181260271,11.3895744412873,9.52431120486531,1.85826198744847,0.00868903712436666,0.00279612993691527,2,1.00110384536846,4095.93691371275,1,18045.4368600683,1,1,1,7,2018-10-31T15:15:35.799,20181031_ecoli_ARA_M2_50K,500,866,162.2,DIA_100X_EMPTY_1x1_200ms,,,
5,69,9.28583934763173,641,47.1937887047468,271.915756630265,1407.20124804992,NaN,NaN,NaN,NaN,NaN,NaN,NaN,NaN,NaN,NaN,NaN,NaN,NaN,NaN,NaN,646.855780175821,0.860540836733267,69.373277112088,10.9354390515958,9.17799584863504,1.71998197546889,0.0198416514322805,0.00615407784607874,3,1.00331177757169,4589.63137503001,1,18828.6708268331,1,1,1,7,2018-10-31T15:15:35.799,20181031_ecoli_ARA_M2_50K,500,866,162.2,DIA_100X_EMPTY_1x1_200ms,,,
6,36,10.5045952184608,379,48.4751878460173,269.477572559367,1284.17150395778,NaN,NaN,NaN,NaN,NaN,NaN,NaN,NaN,NaN,NaN,NaN,NaN,NaN,NaN,NaN,364.910862560789,0.94552518053924,36.8172231218901,11.4565883257783,9.72618697042146,2.20981901314271,0.0132226854914487,0.00487733480786388,2,1.00211306909852,2735.43335766024,0,17415.6569920844,1,1,1,7,2018-10-31T15:15:35.799,20181031_ecoli_ARA_M2_50K,500,866,162.2,DIA_100X_EMPTY_1x1_200ms,,,
7,52,10.1567231990267,528,48.7050618389223,289.299242424242,356.335227272727,NaN,NaN,NaN,NaN,NaN,NaN,NaN,NaN,NaN,NaN,NaN,NaN,NaN,NaN,NaN,498.535109594502,0.912537527056168,51.3313794659089,11.502999576818,9.58012215017372,1.85859903653351,0.00797903292580504,0.00343065453036865,2,1.00048583466806,3700.1123398066,0,18285.2916666667,1,1,1,7,2018-10-31T15:15:35.799,20181031_ecoli_ARA_M2_50K,500,866,162.2,DIA_100X_EMPTY_1x1_200ms,,,
8,52,10.8655359004257,565,49.3162752079737,288.437168141593,186.396460176991,NaN,NaN,NaN,NaN,NaN,NaN,NaN,NaN,NaN,NaN,NaN,NaN,NaN,NaN,NaN,515.51584748828,0.918035218968654,52.3339946656911,11.3403966735524,9.63395451494662,2.07186921728233,0.00853430561492236,0.00459296231816832,1,1.00345542902487,3814.89817259557,0,17817.5769911504,1,1,1,7,2018-10-31T15:15:35.799,20181031_ecoli_ARA_M2_50K,500,866,162.2,DIA_100X_EMPTY_1x1_200ms,,,
9,44,11.2531269645957,496,49.1265720794371,331.689516129032,1848.82661290323,NaN,NaN,NaN,NaN,NaN,NaN,NaN,NaN,NaN,NaN,NaN,NaN,NaN,NaN,NaN,440.244516146353,0.935676531047751,44.3048841769707,11.3816938012614,9.77751984042307,2.06848360629714,0.00961896768904752,0.00433444838430978,1,1.00084930851278,3326.58709721893,0,17387.4697580645,1,1,1,7,2018-10-31T15:15:35.799,20181031_ecoli_ARA_M2_50K,500,866,162.2,DIA_100X_EMPTY_1x1_200ms,,,
10,58,10.823244656475,628,49.2742213760656,407.417197452229,28.2404458598726,NaN,NaN,NaN,NaN,NaN,NaN,NaN,NaN,NaN,NaN,NaN,NaN,NaN,NaN,NaN,NaN,NaN,NaN,NaN,NaN,NaN,NaN,NaN,NaN,NaN,NaN,0,17464.3407643312,1,1,1,7,2018-10-31T15:15:35.799,20181031_ecoli_ARA_M2_50K,500,866,162.2,DIA_100X_EMPTY_1x1_200ms,,,
11,62,11.0053840667238,682,48.9882690875904,433.277126099707,1971.9633431085,NaN,NaN,NaN,NaN,NaN,NaN,NaN,NaN,NaN,NaN,NaN,NaN,NaN,NaN,NaN,601.287338014722,0.881403010400583,61.3594530492963,11.4286160667108,9.68895559218113,1.71030436472387,0.0122647551105665,0.00349928991734619,2,1.00327695004606,4524.02807988589,0,17850.1173020528,1,1,1,7,2018-10-31T15:15:35.799,20181031_ecoli_ARA_M2_50K,500,866,162.2,DIA_100X_EMPTY_1x1_200ms,,,
12,40,10.7181273153423,430,49.0603177952263,451.179069767442,1406.80697674419,NaN,NaN,NaN,NaN,NaN,NaN,NaN,NaN,NaN,NaN,NaN,NaN,NaN,NaN,NaN,403.791318574901,0.941854227544493,40.8461835397644,11.2690365179007,9.7205104217894,2.0892256474213,0.00721924842781634,0.00302634159102863,2,1.00049543404597,3031.23429826523,0,17449.776744186,1,1,1,7,2018-10-31T15:15:35.799,20181031_ecoli_ARA_M2_50K,500,866,162.2,DIA_100X_EMPTY_1x1_200ms,,,
13,52,10.5500320747476,550,48.7211910680844,461.838181818182,77.3363636363636,NaN,NaN,NaN,NaN,NaN,NaN,NaN,NaN,NaN,NaN,NaN,NaN,NaN,NaN,NaN,519.067272419484,0.925879528964382,53.3806248361791,11.0868381846457,9.60524530479495,1.84740498693828,0.00901130780798836,0.00442133442104318,1,1.00120228304692,3868.03553877205,0,18159.1290909091,1,1,1,7,2018-10-31T15:15:35.799,20181031_ecoli_ARA_M2_50K,500,866,162.2,DIA_100X_EMPTY_1x1_200ms,,,
14,50,10.5755264428444,530,49.3133498106167,528.430188679245,1406.81320754717,NaN,NaN,NaN,NaN,NaN,NaN,NaN,NaN,NaN,NaN,NaN,NaN,NaN,NaN,NaN,496.010260733233,0.904838923596517,50.2555165393587,11.3942066302366,9.65114981995422,2.04664423793939,0.0179128841016087,0.00745287973223154,3,1.00351963991864,3676.4760184304,0,17249.8452830189,1,1,1,7,2018-10-31T15:15:35.799,20181031_ecoli_ARA_M2_50K,500,866,162.2,DIA_100X_EMPTY_1x1_200ms,,,
15,60,10.7231972672545,644,48.8332770278155,540.594720496894,620.950310559006,NaN,NaN,NaN,NaN,NaN,NaN,NaN,NaN,NaN,NaN,NaN,NaN,NaN,NaN,NaN,586.928023751159,0.914490900191777,59.7869802098343,11.3392145663093,9.6972591367364,1.7274012008204,0.00953372017056159,0.00375595954492433,5,1.00103580032224,4415.64857323135,0,17795.0698757764,1,1,1,7,2018-10-31T15:15:35.799,20181031_ecoli_ARA_M2_50K,500,866,162.2,DIA_100X_EMPTY_1x1_200ms,,,
16,37,10.9445471884068,405,49.4214057384524,558.508641975309,23.1555555555556,NaN,NaN,NaN,NaN,NaN,NaN,NaN,NaN,NaN,NaN,NaN,NaN,NaN,NaN,NaN,369.08681256925,0.963984556771786,36.421986079373,11.5114699455862,9.95790154987439,2.23341716651315,0.00538813137637523,0.00336461331438337,0,1.00086208983304,2836.54163077314,0,17574.0296296296,1,1,1,7,2018-10-31T15:15:35.799,20181031_ecoli_ARA_M2_50K,500,866,162.2,DIA_100X_EMPTY_1x1_200ms,,,
17,34,12.3478408852968,421,47.9282609400748,562.128266033254,1579.90973871734,NaN,NaN,NaN,NaN,NaN,NaN,NaN,NaN,NaN,NaN,NaN,NaN,NaN,NaN,NaN,374.49114115035,0.974197520218734,34.3739072643165,12.482082588921,10.5715507736319,2.77439376945682,0.00988247696732045,0.00359340845988793,2,1.00106897845573,3017.14500013422,1,17024.5534441805,1,1,1,7,2018-10-31T15:15:35.799,20181031_ecoli_ARA_M2_50K,500,866,162.2,DIA_100X_EMPTY_1x1_200ms,,,
18,57,10.7345544120552,613,48.5626104022688,586.363784665579,1226.65089722675,NaN,NaN,NaN,NaN,NaN,NaN,NaN,NaN,NaN,NaN,NaN,NaN,NaN,NaN,NaN,566.57821129113,0.860049546393314,57.6581415472409,11.4688483578798,9.68700847906886,1.79794030762829,0.0153761632208603,0.00764483890939449,0,1.01172582750313,4249.42218704079,0,17423.0097879282,1,1,1,7,2018-10-31T15:15:35.799,20181031_ecoli_ARA_M2_50K,500,866,162.2,DIA_100X_EMPTY_1x1_200ms,,,
19,30,12.6333190461112,381,32.8123525165577,593.230971128609,1586.73490813648,NaN,NaN,NaN,NaN,NaN,NaN,NaN,NaN,NaN,NaN,NaN,NaN,NaN,NaN,NaN,340.671868832658,0.997338931612877,31.4567442265663,12.4755477978756,10.4904128387724,2.97673930756043,0.0126438049091452,0.00473961982130271,1,1.00104106763689,2718.8723113002,1,17203.031496063,1,1,1,7,2018-10-31T15:15:35.799,20181031_ecoli_ARA_M2_50K,500,866,162.2,DIA_100X_EMPTY_1x1_200ms,,,
20,52,9.76361159687531,508,47.9945643718087,637.372047244094,13.9212598425197,NaN,NaN,NaN,NaN,NaN,NaN,NaN,NaN,NaN,NaN,NaN,NaN,NaN,NaN,NaN,NaN,NaN,NaN,NaN,NaN,NaN,NaN,NaN,NaN,NaN,NaN,0,18290.8031496063,1,1,1,7,2018-10-31T15:15:35.799,20181031_ecoli_ARA_M2_50K,500,866,162.2,DIA_100X_EMPTY_1x1_200ms,,,
21,41,10.749551748504,443,48.8960890207128,665.582392776524,334.345372460497,NaN,NaN,NaN,NaN,NaN,NaN,NaN,NaN,NaN,NaN,NaN,NaN,NaN,NaN,NaN,406.020032912526,0.95635820286633,41.3014272677264,11.492586986567,9.6625070347972,2.11080417178532,0.00408339351042951,0.00168311173356047,3,1.00026926171499,3028.54888083395,0,17915.9119638826,1,1,1,7,2018-10-31T15:15:35.799,20181031_ecoli_ARA_M2_50K,500,866,162.2,DIA_100X_EMPTY_1x1_200ms,,,
22,68,10.2049774695922,694,46.3419686255367,696.896253602305,580.71325648415,NaN,NaN,NaN,NaN,NaN,NaN,NaN,NaN,NaN,NaN,NaN,NaN,NaN,NaN,NaN,667.481895388141,0.868961834682438,68.984578795702,11.3988487400584,9.53773793287164,1.74932691427981,0.0100391307114353,0.00518879145927156,3,1.00151473523454,4928.70322747144,1,18146.1340057637,1,1,1,7,2018-10-31T15:15:35.799,20181031_ecoli_ARA_M2_50K,500,866,162.2,DIA_100X_EMPTY_1x1_200ms,,,
23,66,10.0562637607031,665,44.0535749862546,729.715789473684,613.52030075188,NaN,NaN,NaN,NaN,NaN,NaN,NaN,NaN,NaN,NaN,NaN,NaN,NaN,NaN,NaN,634.053863579579,0.884843405072254,65.9795932978583,11.4556277721012,9.40873421885739,1.87171403799973,0.030247020266801,0.00904572741616817,3,1.00567575572838,4587.35042374233,1,17962.0120300752,1,1,1,7,2018-10-31T15:15:35.799,20181031_ecoli_ARA_M2_50K,500,866,162.2,DIA_100X_EMPTY_1x1_200ms,,,
24,37,10.3504581450984,384,49.3024700994469,794.736979166667,555.229166666667,NaN,NaN,NaN,NaN,NaN,NaN,NaN,NaN,NaN,NaN,NaN,NaN,NaN,NaN,NaN,357.552299911873,0.964975215531512,36.548719694805,11.1881297731364,9.53852776203067,2.28234625927255,0.00293988461545078,0.00105603468423153,2,1.00005806249398,2611.70875961814,0,17969.9375,1,1,1,7,2018-10-31T15:15:35.799,20181031_ecoli_ARA_M2_50K,500,866,162.2,DIA_100X_EMPTY_1x1_200ms,,,
25,38,11.0586532816537,421,49.3304398488998,829.114014251781,1705.31116389549,NaN,NaN,NaN,NaN,NaN,NaN,NaN,NaN,NaN,NaN,NaN,NaN,NaN,NaN,NaN,381.107537758185,0.94303160270343,37.7824312548928,11.8541903098429,9.8926333113223,2.22256543590819,0.00778042333361729,0.0034405889828337,2,1.00085396170779,2904.04676093598,0,17206.5178147268,1,1,1,7,2018-10-31T15:15:35.799,20181031_ecoli_ARA_M2_50K,500,866,162.2,DIA_100X_EMPTY_1x1_200ms,,,
26,50,10.5500528284092,528,49.3883749499297,832.876893939394,663.543560606061,NaN,NaN,NaN,NaN,NaN,NaN,NaN,NaN,NaN,NaN,NaN,NaN,NaN,NaN,NaN,495.272273174391,0.925328928252405,50.5327952409068,11.1279045642961,9.61643250875353,1.997172651495,0.0110002192617229,0.00386586457594906,1,1.00261333691731,3670.21224048856,0,17812.3371212121,1,1,1,7,2018-10-31T15:15:35.799,20181031_ecoli_ARA_M2_50K,500,866,162.2,DIA_100X_EMPTY_1x1_200ms,,,
27,42,10.7980537475596,454,49.6385257120054,841.764317180617,1950.35022026432,NaN,NaN,NaN,NaN,NaN,NaN,NaN,NaN,NaN,NaN,NaN,NaN,NaN,NaN,NaN,408.965060624208,0.937044053748194,40.9817721446909,11.4126466446049,9.75413737513061,2.19115156277064,0.00643684307464804,0.0036578570953523,1,1.00154886471756,3062.37486336606,0,17490.4162995595,1,1,1,7,2018-10-31T15:15:35.799,20181031_ecoli_ARA_M2_50K,500,866,162.2,DIA_100X_EMPTY_1x1_200ms,,,
28,93,10.276961022665,956,45.4319574318189,904.367154811716,1112.61087866109,NaN,NaN,NaN,NaN,NaN,NaN,NaN,NaN,NaN,NaN,NaN,NaN,NaN,NaN,NaN,904.098831756999,0.889174989512974,93.5362705624622,11.2237264478654,9.57106614748716,1.45521659399132,0.00965153335901795,0.00481392054766198,3,1.00125890075981,6729.6203880937,0,17732.3043933054,1,1,1,7,2018-10-31T15:15:35.799,20181031_ecoli_ARA_M2_50K,500,866,162.2,DIA_100X_EMPTY_1x1_200ms,,,
29,53,10.4163034021142,552,49.3404834037252,901.514492753623,1907.87137681159,NaN,NaN,NaN,NaN,NaN,NaN,NaN,NaN,NaN,NaN,NaN,NaN,NaN,NaN,NaN,503.297755718596,0.891947209680947,52.2835642617127,11.0664017372564,9.49267139458463,1.81089250779146,0.00946891865779042,0.00675865623769028,0,1.00726176631401,3700.25762672777,0,17695.722826087,1,1,1,7,2018-10-31T15:15:35.799,20181031_ecoli_ARA_M2_50K,500,866,162.2,DIA_100X_EMPTY_1x1_200ms,,,
30,58,10.810030474645,628,49.3321869101358,915.649681528662,1218.74203821656,NaN,NaN,NaN,NaN,NaN,NaN,NaN,NaN,NaN,NaN,NaN,NaN,NaN,NaN,NaN,596.396259693639,0.931979527940427,59.0979636052633,11.2916530010778,9.94394128782128,1.87558259654814,0.00965715289743082,0.00457377523986469,2,1.00066585871956,4589.64928483412,1,17891.1847133758,1,1,1,7,2018-10-31T15:15:35.799,20181031_ecoli_ARA_M2_50K,500,866,162.2,DIA_100X_EMPTY_1x1_200ms,,,
31,34,8.96749690058935,305,46.0635655234518,917.606557377049,1206.94754098361,NaN,NaN,NaN,NaN,NaN,NaN,NaN,NaN,NaN,NaN,NaN,NaN,NaN,NaN,NaN,339.820901177196,0.90843176784179,35.7027176103403,11.385711176955,9.32209568214397,2.21761599249326,0.0196072189009838,0.00723774324143324,0,1.00428984395538,2436.79092550861,1,19067.1540983607,1,1,1,7,2018-10-31T15:15:35.799,20181031_ecoli_ARA_M2_50K,500,866,162.2,DIA_100X_EMPTY_1x1_200ms,,,
32,34,10.3379498744647,352,48.276969797506,950.210227272727,778.772727272727,NaN,NaN,NaN,NaN,NaN,NaN,NaN,NaN,NaN,NaN,NaN,NaN,NaN,NaN,NaN,333.787330867989,0.96524371029105,34.422013832813,11.0957224843075,9.5194824425145,2.23115625290016,0.00385852900769629,0.00141097272637935,2,1.00009729361596,2449.92523200359,0,17832.9005681818,1,1,1,7,2018-10-31T15:15:35.799,20181031_ecoli_ARA_M2_50K,500,866,162.2,DIA_100X_EMPTY_1x1_200ms,,,
33,36,10.0003869296358,360,49.0663797452734,950.877777777778,280.875,NaN,NaN,NaN,NaN,NaN,NaN,NaN,NaN,NaN,NaN,NaN,NaN,NaN,NaN,NaN,338.877590809176,0.964462621764918,34.671714367275,11.191158182647,9.54762401704884,2.31352707968009,0.00944628266757419,0.00416053068836139,1,1.00119923373501,2482.30884109743,0,18202.7083333333,1,1,1,7,2018-10-31T15:15:35.799,20181031_ecoli_ARA_M2_50K,500,866,162.2,DIA_100X_EMPTY_1x1_200ms,,,
34,63,10.6849673384432,675,47.9403883729379,963.115555555556,1286.98222222222,NaN,NaN,NaN,NaN,NaN,NaN,NaN,NaN,NaN,NaN,NaN,NaN,NaN,NaN,NaN,627.796605885367,0.907556890443979,63.6194746088049,11.5059173115519,9.73409051463376,1.75781069393339,0.00995155994757838,0.00585750916470617,1,1.00218860432595,4734.46292750241,0,17304.6503703704,1,1,1,7,2018-10-31T15:15:35.799,20181031_ecoli_ARA_M2_50K,500,866,162.2,DIA_100X_EMPTY_1x1_200ms,,,
35,56,10.3118066400424,578,49.1599716172931,1020.25259515571,1125.1107266436,NaN,NaN,NaN,NaN,NaN,NaN,NaN,NaN,NaN,NaN,NaN,NaN,NaN,NaN,NaN,536.211603578771,0.907303452546769,55.1578666747789,11.7422651927301,9.58208466088604,1.81620586640366,0.010220880060409,0.00312846276913374,3,1.00061227434526,3977.5655860727,0,17896.9342560554,1,1,1,7,2018-10-31T15:15:35.799,20181031_ecoli_ARA_M2_50K,500,866,162.2,DIA_100X_EMPTY_1x1_200ms,,,
36,61,10.5032770115069,641,48.5356192461685,1049.6864274571,448.463338533541,NaN,NaN,NaN,NaN,NaN,NaN,NaN,NaN,NaN,NaN,NaN,NaN,NaN,NaN,NaN,597.366489024614,0.902207446450735,61.2354531631427,11.193570783454,9.63784684369334,1.72081034138445,0.00869814517417295,0.00521170493972948,2,1.00178431591664,4467.37962018253,0,17855.0405616225,1,1,1,7,2018-10-31T15:15:35.799,20181031_ecoli_ARA_M2_50K,500,866,162.2,DIA_100X_EMPTY_1x1_200ms,,,
37,40,11.16382351344,448,48.8694314617878,1373.17857142857,1718.171875,NaN,NaN,NaN,NaN,NaN,NaN,NaN,NaN,NaN,NaN,NaN,NaN,NaN,NaN,NaN,411.689043454173,0.942917541859074,40.9196536146932,11.6803401162174,9.90742499792375,2.14946459191393,0.00537477187658756,0.00265081853659859,1,1.00052483774988,3154.59359120857,0,17257.203125,1,1,1,7,2018-10-31T15:15:35.799,20181031_ecoli_ARA_M2_50K,500,866,162.2,DIA_100X_EMPTY_1x1_200ms,,,
38,36,11.0558167307931,398,49.54141498321,1374.12311557789,1139.26633165829,NaN,NaN,NaN,NaN,NaN,NaN,NaN,NaN,NaN,NaN,NaN,NaN,NaN,NaN,NaN,366.62088413665,0.959634526573531,35.4681064061432,11.8405381802136,10.0577176864592,2.48754551170938,0.00476284775078943,0.00179187864804641,2,1.00019619015792,2817.90771607845,0,17075.2814070352,1,1,1,7,2018-10-31T15:15:35.799,20181031_ecoli_ARA_M2_50K,500,866,162.2,DIA_100X_EMPTY_1x1_200ms,,,
39,51,11.2165760929472,572,49.1570976650786,1393.59965034965,908.921328671329,NaN,NaN,NaN,NaN,NaN,NaN,NaN,NaN,NaN,NaN,NaN,NaN,NaN,NaN,NaN,519.900738804915,0.902242751163792,51.156688120833,11.9147255750123,10.0010398263553,2.00391190917196,0.0131060354820427,0.00601706130808535,1,1.00549723196889,4018.67250354005,0,17328.6328671329,1,1,1,7,2018-10-31T15:15:35.799,20181031_ecoli_ARA_M2_50K,500,866,162.2,DIA_100X_EMPTY_1x1_200ms,,,
40,47,10.4030054316319,489,49.6671166196452,1417.56032719836,344.576687116564,NaN,NaN,NaN,NaN,NaN,NaN,NaN,NaN,NaN,NaN,NaN,NaN,NaN,NaN,NaN,455.529338199852,0.947674851013441,46.3634477811788,11.0507105790049,9.6827131118199,1.95006295190817,0.00503804788835838,0.00298678575971391,0,1.00119065079336,3413.97026811603,0,18097.1922290389,1,1,1,7,2018-10-31T15:15:35.799,20181031_ecoli_ARA_M2_50K,500,866,162.2,DIA_100X_EMPTY_1x1_200ms,,,
41,62,10.8098993451331,679,49.2427578652958,1433.00147275405,1543.25920471281,NaN,NaN,NaN,NaN,NaN,NaN,NaN,NaN,NaN,NaN,NaN,NaN,NaN,NaN,NaN,617.39535485044,0.893746885313606,62.232623019302,11.640336245844,9.79940601913934,1.77821436401803,0.00798411370727809,0.00383199476508096,2,1.0011523088307,4693.61531197843,0,17820.0530191458,1,1,1,7,2018-10-31T15:15:35.799,20181031_ecoli_ARA_M2_50K,500,866,162.2,DIA_100X_EMPTY_1x1_200ms,,,
42,74,10.7969885203089,799,47.6089267382312,1465.73717146433,1482.49937421777,NaN,NaN,NaN,NaN,NaN,NaN,NaN,NaN,NaN,NaN,NaN,NaN,NaN,NaN,NaN,732.892155596106,0.864831501572707,74.3678016765948,11.4362824082629,9.70301565121029,1.74378579835694,0.137010451216718,0.00405669516312364,3,1.00327472702011,5499.05785727951,0,17415.4618272841,1,1,1,7,2018-10-31T15:15:35.799,20181031_ecoli_ARA_M2_50K,500,866,162.2,DIA_100X_EMPTY_1x1_200ms,,,
43,81,10.8427038599123,879,47.916268715536,1440.44482366325,1285.04436860068,NaN,NaN,NaN,NaN,NaN,NaN,NaN,NaN,NaN,NaN,NaN,NaN,NaN,NaN,NaN,810.175670467528,0.867314606852576,81.78068054694,11.498684990982,9.81917280662758,1.50166044318223,0.0139498016470831,0.00456827878551106,3,1.00178922935919,6192.84782037749,0,17583.6939704209,1,1,1,7,2018-10-31T15:15:35.799,20181031_ecoli_ARA_M2_50K,500,866,162.2,DIA_100X_EMPTY_1x1_200ms,,,
44,48,11.0952732523156,534,49.4345318503063,1553.57677902622,46.0655430711611,NaN,NaN,NaN,NaN,NaN,NaN,NaN,NaN,NaN,NaN,NaN,NaN,NaN,NaN,NaN,479.628936628683,0.93621379641048,48.4181470513947,11.3429128787713,9.68180644496452,2.15120057898164,0.420844740729436,0.00770359457638012,2,1.00041344309818,3564.60029534506,0,18093.6348314607,1,1,1,7,2018-10-31T15:15:35.799,20181031_ecoli_ARA_M2_50K,500,866,162.2,DIA_100X_EMPTY_1x1_200ms,,,
45,54,10.7846827397343,597,49.548142758405,1575.92127303183,722.710217755444,NaN,NaN,NaN,NaN,NaN,NaN,NaN,NaN,NaN,NaN,NaN,NaN,NaN,NaN,NaN,554.388481285368,0.931911523156992,55.9030495868529,11.4681935843344,9.72093877096425,2.02051262231263,0.00869869608304889,0.00245832242960912,3,1.00082390599194,4148.98434901973,0,17776.378559464,1,1,1,7,2018-10-31T15:15:35.799,20181031_ecoli_ARA_M2_50K,500,866,162.2,DIA_100X_EMPTY_1x1_200ms,,,
46,71,10.183449782047,723,47.3500872003386,1589.89626556017,1947.30982019364,NaN,NaN,NaN,NaN,NaN,NaN,NaN,NaN,NaN,NaN,NaN,NaN,NaN,NaN,NaN,689.045905070636,0.914197343363066,71.3263724508381,11.2807010442253,9.56425051731391,1.59460639925575,0.00497000623510092,0.00222548345450301,3,1.00038824535599,5124.38680950944,0,18034.1715076072,1,1,1,7,2018-10-31T15:15:35.799,20181031_ecoli_ARA_M2_50K,500,866,162.2,DIA_100X_EMPTY_1x1_200ms,,,
47,49,10.3093918860137,506,49.2553932284777,1639.86956521739,1897.16403162055,NaN,NaN,NaN,NaN,NaN,NaN,NaN,NaN,NaN,NaN,NaN,NaN,NaN,NaN,NaN,477.539305048045,0.928343034816007,49.5734396671922,11.2229785066673,9.45994909077411,1.96939432200819,0.0115923477682778,0.00437022234526536,2,1.00072913120584,3484.30796273145,0,17681.0158102767,1,1,1,7,2018-10-31T15:15:35.799,20181031_ecoli_ARA_M2_50K,500,866,162.2,DIA_100X_EMPTY_1x1_200ms,,,
48,58,10.7932108079093,627,48.3474303331586,1704.3668261563,1721.86283891547,NaN,NaN,NaN,NaN,NaN,NaN,NaN,NaN,NaN,NaN,NaN,NaN,NaN,NaN,NaN,579.412397444215,0.863238394392489,58.9455555657191,11.417676751134,9.5773590747826,2.08004253537805,0.0156261059397434,0.00689545337147963,1,1.00553477047781,4246.51328706083,0,17628.6475279107,1,1,1,7,2018-10-31T15:15:35.799,20181031_ecoli_ARA_M2_50K,500,866,162.2,DIA_100X_EMPTY_1x1_200ms,,,
49,44,10.9804205927567,483,49.5237504425627,1735.8198757764,486.04347826087,NaN,NaN,NaN,NaN,NaN,NaN,NaN,NaN,NaN,NaN,NaN,NaN,NaN,NaN,NaN,432.935969349545,0.940103962970981,43.453563884166,11.4198972289882,9.73140629470747,2.16503157479919,0.0059114545387328,0.0036781029370331,0,1.00146167648616,3231.96383818009,0,17569.8737060041,1,1,1,7,2018-10-31T15:15:35.799,20181031_ecoli_ARA_M2_50K,500,866,162.2,DIA_100X_EMPTY_1x1_200ms,,,
50,39,10.9799908376029,429,47.4548953120504,1844.15850815851,861.032634032634,NaN,NaN,NaN,NaN,NaN,NaN,NaN,NaN,NaN,NaN,NaN,NaN,NaN,NaN,NaN,392.071190854549,0.932384350441558,38.7980793164305,11.5548262732202,9.92514686145215,2.17782473719251,0.0136277834731152,0.00775565917947766,1,1.00586394968326,3001.74635060552,0,17429.8088578089,1,1,1,7,2018-10-31T15:15:35.799,20181031_ecoli_ARA_M2_50K,500,866,162.2,DIA_100X_EMPTY_1x1_200ms,,,
51,39,10.3875380873951,406,49.394571240727,1862.15763546798,1961.04679802956,NaN,NaN,NaN,NaN,NaN,NaN,NaN,NaN,NaN,NaN,NaN,NaN,NaN,NaN,NaN,382.149278831879,0.951401700014151,39.0121215188204,11.2499790296666,9.5501135059795,2.29591733745986,0.00726185021044731,0.00356701562132614,1,1.00069558408008,2794.51545855503,0,17555.7463054187,1,1,1,7,2018-10-31T15:15:35.799,20181031_ecoli_ARA_M2_50K,500,866,162.2,DIA_100X_EMPTY_1x1_200ms,,,
52,49,10.4542508635249,513,49.4189606764007,1922.46978557505,679.736842105263,NaN,NaN,NaN,NaN,NaN,NaN,NaN,NaN,NaN,NaN,NaN,NaN,NaN,NaN,NaN,484.648062510908,0.937723102187044,49.5015872668499,11.3871935912185,9.59727376600016,2.00722553649372,0.00716491957902616,0.00320854627867236,2,1.00080377962635,3581.00372659854,0,18058.9395711501,1,1,1,7,2018-10-31T15:15:35.799,20181031_ecoli_ARA_M2_50K,500,866,162.2,DIA_100X_EMPTY_1x1_200ms,,,
53,33,10.2864619348645,340,31.094948313062,2033.57058823529,1241.08235294118,NaN,NaN,NaN,NaN,NaN,NaN,NaN,NaN,NaN,NaN,NaN,NaN,NaN,NaN,NaN,NaN,NaN,NaN,NaN,NaN,NaN,NaN,NaN,NaN,NaN,NaN,0,17096.8352941176,1,1,1,7,2018-10-31T15:15:35.799,20181031_ecoli_ARA_M2_50K,500,866,162.2,DIA_100X_EMPTY_1x1_200ms,,,
1,37,10.778944057203,400,47.343742836819,17.93,42.24,NaN,NaN,NaN,NaN,NaN,NaN,NaN,NaN,NaN,NaN,NaN,NaN,NaN,NaN,NaN,NaN,NaN,NaN,NaN,NaN,NaN,NaN,NaN,NaN,NaN,NaN,0,18782.7,1,1,1,38,2018-10-31T15:16:47.885,20181031_ecoli_ARA_M2_50K,1000,3464,162.2,DIA_100X_EMPTY_1x1_200ms,,,
2,27,10.2096561366543,276,36.8942441891423,13.018115942029,223.427536231884,NaN,NaN,NaN,NaN,NaN,NaN,NaN,NaN,NaN,NaN,NaN,NaN,NaN,NaN,NaN,NaN,NaN,NaN,NaN,NaN,NaN,NaN,NaN,NaN,NaN,NaN,0,18066.6050724638,1,1,1,38,2018-10-31T15:16:47.885,20181031_ecoli_ARA_M2_50K,1000,3464,162.2,DIA_100X_EMPTY_1x1_200ms,,,
3,53,9.07409149675949,481,42.6085157491205,24.3347193347193,1343.10602910603,NaN,NaN,NaN,NaN,NaN,NaN,NaN,NaN,NaN,NaN,NaN,NaN,NaN,NaN,NaN,NaN,NaN,NaN,NaN,NaN,NaN,NaN,NaN,NaN,NaN,NaN,1,19513.7006237006,1,1,1,38,2018-10-31T15:16:47.885,20181031_ecoli_ARA_M2_50K,1000,3464,162.2,DIA_100X_EMPTY_1x1_200ms,,,
4,47,10.8081114200324,508,47.2464659774021,24.0570866141732,1355.88582677165,NaN,NaN,NaN,NaN,NaN,NaN,NaN,NaN,NaN,NaN,NaN,NaN,NaN,NaN,NaN,NaN,NaN,NaN,NaN,NaN,NaN,NaN,NaN,NaN,NaN,NaN,1,18623.2007874016,1,1,1,38,2018-10-31T15:16:47.885,20181031_ecoli_ARA_M2_50K,1000,3464,162.2,DIA_100X_EMPTY_1x1_200ms,,,
5,37,10.6031224550963,393,49.2079372818803,50.5318066157761,69.4681933842239,NaN,NaN,NaN,NaN,NaN,NaN,NaN,NaN,NaN,NaN,NaN,NaN,NaN,NaN,NaN,368.504308767197,0.95463198215477,37.5636237533109,11.2445878253751,9.57305464254129,2.28077593681084,0.00483725427473543,0.00173948074554612,1,1.00006547810573,2703.69961357287,0,18498.262086514,1,1,1,38,2018-10-31T15:16:47.885,20181031_ecoli_ARA_M2_50K,1000,3464,162.2,DIA_100X_EMPTY_1x1_200ms,,,
6,52,10.5373265967296,548,49.3484344841425,64.0802919708029,1942.70437956204,NaN,NaN,NaN,NaN,NaN,NaN,NaN,NaN,NaN,NaN,NaN,NaN,NaN,NaN,NaN,493.654259885957,0.925944951283532,51.7656640332705,11.2038049553564,9.39876364643726,1.86470102762333,0.00541918935912528,0.00215996334729669,0,1.00090528966577,3591.47731434234,0,19208.7481751825,1,1,1,38,2018-10-31T15:16:47.885,20181031_ecoli_ARA_M2_50K,1000,3464,162.2,DIA_100X_EMPTY_1x1_200ms,,,
7,35,10.4658576228661,367,48.2747856967004,152.452316076294,95.7275204359673,NaN,NaN,NaN,NaN,NaN,NaN,NaN,NaN,NaN,NaN,NaN,NaN,NaN,NaN,NaN,341.128578270926,0.957247782478184,35.0782840903734,11.1601453704611,9.34498195907849,2.58477275016856,0.0167804622516231,0.00315278425470185,1,1.00038467916021,2405.94201860806,0,18802.9754768392,1,1,1,38,2018-10-31T15:16:47.885,20181031_ecoli_ARA_M2_50K,1000,3464,162.2,DIA_100X_EMPTY_1x1_200ms,,,
8,35,10.2015073167512,359,46.4955594215382,174.844011142061,1709.50417827298,NaN,NaN,NaN,NaN,NaN,NaN,NaN,NaN,NaN,NaN,NaN,NaN,NaN,NaN,NaN,341.728023174722,0.961300951500965,35.4879946799062,11.1952483745217,9.3930818775989,2.36931659322542,0.0171631761156817,0.0103994897269884,1,1.00850010287347,2459.1643637395,2,19270.0278551532,1,1,1,38,2018-10-31T15:16:47.885,20181031_ecoli_ARA_M2_50K,1000,3464,162.2,DIA_100X_EMPTY_1x1_200ms,,,
9,36,8.27038199684286,298,47.2439165480934,181.651006711409,1698.80201342282,NaN,NaN,NaN,NaN,NaN,NaN,NaN,NaN,NaN,NaN,NaN,NaN,NaN,NaN,NaN,336.893598557131,0.961081761203482,37.2096790311933,11.124564893301,8.86513279357298,2.1230647876028,0.00703500095083897,0.00284177890224013,2,1.0002197527016,2296.76359661925,2,20024.9362416107,1,1,1,38,2018-10-31T15:16:47.885,20181031_ecoli_ARA_M2_50K,1000,3464,162.2,DIA_100X_EMPTY_1x1_200ms,,,
10,51,9.78582413713274,499,47.6878699107751,201.995991983968,1715.38877755511,NaN,NaN,NaN,NaN,NaN,NaN,NaN,NaN,NaN,NaN,NaN,NaN,NaN,NaN,NaN,487.179503746725,0.882520750888057,51.6307398370114,11.2142776840772,9.28528293909404,1.87528429963468,0.0122295290666374,0.00478178964421409,1,1.00346523469013,3496.13757182826,2,19591.9639278557,1,1,1,38,2018-10-31T15:16:47.885,20181031_ecoli_ARA_M2_50K,1000,3464,162.2,DIA_100X_EMPTY_1x1_200ms,,,
11,50,10.1458410700536,508,48.8449353164036,354.994094488189,349.435039370079,NaN,NaN,NaN,NaN,NaN,NaN,NaN,NaN,NaN,NaN,NaN,NaN,NaN,NaN,NaN,487.565430196433,0.906747858452379,50.2717217041442,11.5264456830856,9.4832861988671,2.06565038846935,0.013292269453867,0.00646608385146618,2,1.0048450866622,3550.8420597935,1,18839.8326771654,1,1,1,38,2018-10-31T15:16:47.885,20181031_ecoli_ARA_M2_50K,1000,3464,162.2,DIA_100X_EMPTY_1x1_200ms,,,
12,38,10.4119177432948,396,49.1847128232449,359.371212121212,336.982323232323,NaN,NaN,NaN,NaN,NaN,NaN,NaN,NaN,NaN,NaN,NaN,NaN,NaN,NaN,NaN,386.166321046988,0.912877128575929,38.6153311020606,12.3627893721608,9.80976328702446,2.31142326438434,0.0166822832750717,0.00741130612605668,1,1.00145223396735,2918.547056983,2,19432.0732323232,1,1,1,38,2018-10-31T15:16:47.885,20181031_ecoli_ARA_M2_50K,1000,3464,162.2,DIA_100X_EMPTY_1x1_200ms,,,
13,35,9.98920261559496,350,49.4909097343557,363.934285714286,309.377142857143,NaN,NaN,NaN,NaN,NaN,NaN,NaN,NaN,NaN,NaN,NaN,NaN,NaN,NaN,NaN,337.01026486843,0.974641870079125,35.0443276740976,11.1433458179758,9.23262711482802,2.5820483579365,0.0350928380351631,0.00147950682177539,2,1.00005850755903,2346.16312849735,1,18662.4657142857,1,1,1,38,2018-10-31T15:16:47.885,20181031_ecoli_ARA_M2_50K,1000,3464,162.2,DIA_100X_EMPTY_1x1_200ms,,,
14,40,9.49450768163704,380,49.2009840474042,414.752631578947,1809.00263157895,NaN,NaN,NaN,NaN,NaN,NaN,NaN,NaN,NaN,NaN,NaN,NaN,NaN,NaN,NaN,382.982890788354,0.931927984240455,39.5556135888682,11.3474355043644,9.4638007383085,2.22212447745867,0.00737749877427921,0.00323938242368192,1,1.00026722574423,2782.46161772364,1,18871.4842105263,1,1,1,38,2018-10-31T15:16:47.885,20181031_ecoli_ARA_M2_50K,1000,3464,162.2,DIA_100X_EMPTY_1x1_200ms,,,
15,49,9.91912952935067,487,45.8348220798926,424.657084188912,1801.42710472279,NaN,NaN,NaN,NaN,NaN,NaN,NaN,NaN,NaN,NaN,NaN,NaN,NaN,NaN,NaN,475.206439555854,0.908718433911605,49.0283980035101,11.4985851579484,9.4569762793101,2.04548297781308,0.0298307481804664,0.0102353422813879,2,1.00406682508534,3443.83379668852,1,19203.0123203285,1,1,1,38,2018-10-31T15:16:47.885,20181031_ecoli_ARA_M2_50K,1000,3464,162.2,DIA_100X_EMPTY_1x1_200ms,,,
16,42,11.2124851328028,471,49.3459077553006,440.764331210191,726.895966029724,NaN,NaN,NaN,NaN,NaN,NaN,NaN,NaN,NaN,NaN,NaN,NaN,NaN,NaN,NaN,422.92277869921,0.948691310438749,41.8625199057075,11.3955475656839,9.83136529228701,2.32523798058142,0.023843566926455,0.00570219517361792,0,1.00299813824181,3177.91966439914,0,17184.7855626327,1,1,1,38,2018-10-31T15:16:47.885,20181031_ecoli_ARA_M2_50K,1000,3464,162.2,DIA_100X_EMPTY_1x1_200ms,,,
17,41,11.1407089494019,457,49.5195318238489,461.757111597374,1347.83150984683,NaN,NaN,NaN,NaN,NaN,NaN,NaN,NaN,NaN,NaN,NaN,NaN,NaN,NaN,NaN,408.007058561822,0.934182618792159,40.6066067335039,11.7825411584028,9.84146563572635,2.21935809524896,0.00517680723740152,0.0022781499306015,3,1.00020593940479,3088.91630774265,0,17497.306345733,1,1,1,38,2018-10-31T15:16:47.885,20181031_ecoli_ARA_M2_50K,1000,3464,162.2,DIA_100X_EMPTY_1x1_200ms,,,
18,56,10.9789291973949,616,48.1512578632348,486.071428571429,1120.81168831169,NaN,NaN,NaN,NaN,NaN,NaN,NaN,NaN,NaN,NaN,NaN,NaN,NaN,NaN,NaN,557.279465717543,0.907514587988081,56.5369528976454,11.2778623651845,9.68929754309961,1.90060087692547,0.00991946721077442,0.00333119580846082,2,1.00088623810405,4168.75972830378,0,17603.8555194805,1,1,1,38,2018-10-31T15:16:47.885,20181031_ecoli_ARA_M2_50K,1000,3464,162.2,DIA_100X_EMPTY_1x1_200ms,,,
19,50,11.2711202445785,565,48.2846890432103,669.451327433628,440.104424778761,NaN,NaN,NaN,NaN,NaN,NaN,NaN,NaN,NaN,NaN,NaN,NaN,NaN,NaN,NaN,507.938557525826,0.892544416517321,50.9727944827044,11.3711123436028,9.76354060997884,2.03232611700308,0.0121113187378057,0.00576179592905445,1,1.00642037383687,3816.30431963718,0,17574.0725663717,1,1,1,38,2018-10-31T15:16:47.885,20181031_ecoli_ARA_M2_50K,1000,3464,162.2,DIA_100X_EMPTY_1x1_200ms,,,
20,35,10.795543551523,378,49.256134319033,893.706349206349,378.970899470899,NaN,NaN,NaN,NaN,NaN,NaN,NaN,NaN,NaN,NaN,NaN,NaN,NaN,NaN,NaN,343.244554424583,0.961279961948793,34.6105480701548,11.3307039992905,9.66576273684504,2.3513021341477,0.00799642068342123,0.00463123354701006,0,1.00173080936334,2539.63099469969,0,18242,1,1,1,38,2018-10-31T15:16:47.885,20181031_ecoli_ARA_M2_50K,1000,3464,162.2,DIA_100X_EMPTY_1x1_200ms,,,
21,58,10.6831772424075,620,49.0145265142047,1022.82580645161,463.196774193548,NaN,NaN,NaN,NaN,NaN,NaN,NaN,NaN,NaN,NaN,NaN,NaN,NaN,NaN,NaN,553.679865904415,0.923206318205101,57.4779020964878,11.3110740015146,9.46248229201257,1.93163304604174,0.00657501183788474,0.00241515001080396,3,1.00046809031191,4042.04318532029,0,18047.7451612903,1,1,1,38,2018-10-31T15:16:47.885,20181031_ecoli_ARA_M2_50K,1000,3464,162.2,DIA_100X_EMPTY_1x1_200ms,,,
22,53,9.89129396424944,524,48.751962467861,1130.74236641221,484.246183206107,NaN,NaN,NaN,NaN,NaN,NaN,NaN,NaN,NaN,NaN,NaN,NaN,NaN,NaN,NaN,499.973848434147,0.913740584002082,52.5940935715489,11.1330510944263,9.34550486383162,1.82965882800609,0.00597141452376379,0.00318577215491177,3,1.00055257896556,3607.71640940068,0,19083.6259541985,1,1,1,38,2018-10-31T15:16:47.885,20181031_ecoli_ARA_M2_50K,1000,3464,162.2,DIA_100X_EMPTY_1x1_200ms,,,
23,59,10.907030854145,644,48.7349355849733,1149.66149068323,361.413043478261,NaN,NaN,NaN,NaN,NaN,NaN,NaN,NaN,NaN,NaN,NaN,NaN,NaN,NaN,NaN,577.795710221707,0.895647469851578,59.0518728654172,11.2048495350204,9.6359331746979,1.84585090021509,0.0178420080416273,0.00562806973367133,2,1.0053378992799,4306.36776997992,0,18295.8742236025,1,1,1,38,2018-10-31T15:16:47.885,20181031_ecoli_ARA_M2_50K,1000,3464,162.2,DIA_100X_EMPTY_1x1_200ms,,,
24,76,10.1581485574768,772,38.4849245657751,1195.94300518135,1211.5518134715,NaN,NaN,NaN,NaN,NaN,NaN,NaN,NaN,NaN,NaN,NaN,NaN,NaN,NaN,NaN,723.92087353596,0.869467755124495,75.5399084111627,11.13083094309,9.41388003956853,1.85091877388072,0.0168550484193224,0.00725872568375412,3,1.00141504468625,5257.79507094652,0,18002.981865285,1,1,1,38,2018-10-31T15:16:47.885,20181031_ecoli_ARA_M2_50K,1000,3464,162.2,DIA_100X_EMPTY_1x1_200ms,,,
25,46,11.0931924801165,511,48.9123815500146,1237.81800391389,842.471624266145,NaN,NaN,NaN,NaN,NaN,NaN,NaN,NaN,NaN,NaN,NaN,NaN,NaN,NaN,NaN,459.2153647552,0.906042350639607,46.6470272479188,11.3728747774607,9.66693178572002,2.02281802462785,0.0140013753925469,0.00709801546609096,1,1.00762215431672,3423.66419823149,0,17770.6125244618,1,1,1,38,2018-10-31T15:16:47.885,20181031_ecoli_ARA_M2_50K,1000,3464,162.2,DIA_100X_EMPTY_1x1_200ms,,,
26,46,11.5479336492919,532,48.8177195265932,1267.19360902256,1277.83270676692,NaN,NaN,NaN,NaN,NaN,NaN,NaN,NaN,NaN,NaN,NaN,NaN,NaN,NaN,NaN,471.009273689174,0.918795267164569,46.622369543697,11.617347527634,9.92275419119832,2.08133848939129,0.0180767873896144,0.00636982557822843,2,1.00464089735082,3605.36044626746,0,17461.0507518797,1,1,1,38,2018-10-31T15:16:47.885,20181031_ecoli_ARA_M2_50K,1000,3464,162.2,DIA_100X_EMPTY_1x1_200ms,,,
27,40,10.965993533005,439,49.2103903260678,1292.17995444191,1564.76537585421,NaN,NaN,NaN,NaN,NaN,NaN,NaN,NaN,NaN,NaN,NaN,NaN,NaN,NaN,NaN,394.660423775433,0.939277385342278,39.5573231987422,11.6193634476317,9.74700663566517,2.25229799765288,0.00892043815091322,0.00408195579715975,1,1.00185987929291,2951.6122254404,0,17283.8906605923,1,1,1,38,2018-10-31T15:16:47.885,20181031_ecoli_ARA_M2_50K,1000,3464,162.2,DIA_100X_EMPTY_1x1_200ms,,,
28,38,10.8969043849297,414,49.4194151486316,1320.02173913043,285.210144927536,NaN,NaN,NaN,NaN,NaN,NaN,NaN,NaN,NaN,NaN,NaN,NaN,NaN,NaN,NaN,369.53594667265,0.953936272433474,37.4620546568018,11.2569040053839,9.70397509755225,2.14703481923429,0.00925378683036286,0.00415023423415535,1,1.00178614446198,2770.64460214161,0,18492.2536231884,1,1,1,38,2018-10-31T15:16:47.885,20181031_ecoli_ARA_M2_50K,1000,3464,162.2,DIA_100X_EMPTY_1x1_200ms,,,
29,32,11.1923407757666,359,47.9375281373119,1817.80222841226,1999,NaN,NaN,NaN,NaN,NaN,NaN,NaN,NaN,NaN,NaN,NaN,NaN,NaN,NaN,NaN,317.158828709488,0.963308447603997,31.8064555303464,11.6610731642252,9.75181263334422,2.42098790648914,0.0089254443139531,0.00428546254181,1,1.00124878044644,2375.61387248889,0,18039.0167130919,1,1,1,38,2018-10-31T15:16:47.885,20181031_ecoli_ARA_M2_50K,1000,3464,162.2,DIA_100X_EMPTY_1x1_200ms,,,
30,42,9.11979714480816,383,8.4429729992454,1853.3864229765,12,NaN,NaN,NaN,NaN,NaN,NaN,NaN,NaN,NaN,NaN,NaN,NaN,NaN,NaN,NaN,NaN,NaN,NaN,NaN,NaN,NaN,NaN,NaN,NaN,NaN,NaN,0,19234.6422976501,1,1,1,38,2018-10-31T15:16:47.885,20181031_ecoli_ARA_M2_50K,1000,3464,162.2,DIA_100X_EMPTY_1x1_200ms,,,
31,44,10.6469116997261,469,49.4453343244929,1950.60554371002,40.5565031982942,NaN,NaN,NaN,NaN,NaN,NaN,NaN,NaN,NaN,NaN,NaN,NaN,NaN,NaN,NaN,413.666734767366,0.938402116086629,43.1935076160019,11.0509877692111,9.40409630139705,2.02347000736083,0.0102800500874692,0.00384274400453848,2,1.00128148396506,3000.14669327526,0,19163.2409381663,1,1,1,38,2018-10-31T15:16:47.885,20181031_ecoli_ARA_M2_50K,1000,3464,162.2,DIA_100X_EMPTY_1x1_200ms,,,
32,50,11.5143163370745,576,46.9505606901654,2024.00173611111,1641.46006944444,NaN,NaN,NaN,NaN,NaN,NaN,NaN,NaN,NaN,NaN,NaN,NaN,NaN,NaN,NaN,NaN,NaN,NaN,NaN,NaN,NaN,NaN,NaN,NaN,NaN,NaN,0,17263.3940972222,1,1,1,38,2018-10-31T15:16:47.885,20181031_ecoli_ARA_M2_50K,1000,3464,162.2,DIA_100X_EMPTY_1x1_200ms,,,
33,33,10.6850985101967,353,48.5763871995452,2032.20963172805,1725.53541076487,NaN,NaN,NaN,NaN,NaN,NaN,NaN,NaN,NaN,NaN,NaN,NaN,NaN,NaN,NaN,NaN,NaN,NaN,NaN,NaN,NaN,NaN,NaN,NaN,NaN,NaN,0,18158.9376770538,1,1,1,38,2018-10-31T15:16:47.885,20181031_ecoli_ARA_M2_50K,1000,3464,162.2,DIA_100X_EMPTY_1x1_200ms,,,
1,42,10.7753578766703,453,49.4182985214459,241.101545253863,899.399558498896,NaN,NaN,NaN,NaN,NaN,NaN,NaN,NaN,NaN,NaN,NaN,NaN,NaN,NaN,NaN,421.728540123104,0.938883421975079,41.9935353304379,11.5823419129037,9.80609656486817,2.23320292934954,0.0109048741680157,0.00478560861612807,1,1.00269330587291,3171.4995268342,0,17458.5783664459,1,1,1,39,2018-10-31T15:16:50.300,20181031_ecoli_ARA_M2_50K,-0,3464,162.2,DIA_100X_EMPTY_1x1_200ms,,,
2,56,10.9188547143386,612,47.6165858614079,491.789215686275,1859.45261437908,NaN,NaN,NaN,NaN,NaN,NaN,NaN,NaN,NaN,NaN,NaN,NaN,NaN,NaN,NaN,539.852286576025,0.894835485402296,56.0445056559673,11.2471143603726,9.47400237107266,1.8548395537305,0.0151536837817425,0.00616853506996056,1,1.00457975857457,3950.84418675177,0,18368.2924836601,1,1,1,39,2018-10-31T15:16:50.300,20181031_ecoli_ARA_M2_50K,-0,3464,162.2,DIA_100X_EMPTY_1x1_200ms,,,
3,36,11.1947192594476,403,49.4089655998257,569.349875930521,728.523573200993,NaN,NaN,NaN,NaN,NaN,NaN,NaN,NaN,NaN,NaN,NaN,NaN,NaN,NaN,NaN,368.82327220835,0.9640865217187,35.107433038044,12.0318298145369,10.2448577679175,2.52637456555924,0.00249328654541733,0.00101123983701755,2,1.00002934986057,2894.01530958711,0,17191.4094292804,1,1,1,39,2018-10-31T15:16:50.300,20181031_ecoli_ARA_M2_50K,-0,3464,162.2,DIA_100X_EMPTY_1x1_200ms,,,
4,58,10.7383736655165,624,48.3924465511822,722.049679487179,1889.91506410256,NaN,NaN,NaN,NaN,NaN,NaN,NaN,NaN,NaN,NaN,NaN,NaN,NaN,NaN,NaN,578.915318949603,0.915189935541221,58.9722697246408,11.3193499405352,9.64153079655888,1.95980394690138,0.00748215362047935,0.00352786950942602,2,1.00131872083692,4305.56063919005,0,18595.9487179487,1,1,1,39,2018-10-31T15:16:50.300,20181031_ecoli_ARA_M2_50K,-0,3464,162.2,DIA_100X_EMPTY_1x1_200ms,,,
5,33,9.74438517882126,322,49.1524419241837,731.378881987578,11.4130434782609,NaN,NaN,NaN,NaN,NaN,NaN,NaN,NaN,NaN,NaN,NaN,NaN,NaN,NaN,NaN,NaN,NaN,NaN,NaN,NaN,NaN,NaN,NaN,NaN,NaN,NaN,0,18313.5093167702,1,1,1,39,2018-10-31T15:16:50.300,20181031_ecoli_ARA_M2_50K,-0,3464,162.2,DIA_100X_EMPTY_1x1_200ms,,,
6,39,10.6550572704377,416,47.6840767062389,827.492788461538,2029.86298076923,NaN,NaN,NaN,NaN,NaN,NaN,NaN,NaN,NaN,NaN,NaN,NaN,NaN,NaN,NaN,NaN,NaN,NaN,NaN,NaN,NaN,NaN,NaN,NaN,NaN,NaN,0,18461.5552884615,1,1,1,39,2018-10-31T15:16:50.300,20181031_ecoli_ARA_M2_50K,-0,3464,162.2,DIA_100X_EMPTY_1x1_200ms,,,
7,53,11.0722645814669,588,48.5319689155313,873.168367346939,130.139455782313,NaN,NaN,NaN,NaN,NaN,NaN,NaN,NaN,NaN,NaN,NaN,NaN,NaN,NaN,NaN,534.98307078333,0.921442966300495,53.4193315440167,11.4776222332718,9.83144676082326,2.02906848854947,0.00875731777415141,0.00394089998702474,1,1.00187959284731,4055.30192807789,0,18094.4081632653,1,1,1,39,2018-10-31T15:16:50.300,20181031_ecoli_ARA_M2_50K,-0,3464,162.2,DIA_100X_EMPTY_1x1_200ms,,,
8,42,11.417730534316,480,49.55143052633,924.145833333333,644.291666666667,NaN,NaN,NaN,NaN,NaN,NaN,NaN,NaN,NaN,NaN,NaN,NaN,NaN,NaN,NaN,432.371404398803,0.933625740994803,42.2060354107643,11.984719441224,10.0583545149307,2.1987032275966,0.0108631519573164,0.00439159933264801,1,1.00249036227718,3353.65449123933,0,17601.65625,1,1,1,39,2018-10-31T15:16:50.300,20181031_ecoli_ARA_M2_50K,-0,3464,162.2,DIA_100X_EMPTY_1x1_200ms,,,
9,32,10.465475108393,335,48.4973924953953,931.471641791045,306.761194029851,NaN,NaN,NaN,NaN,NaN,NaN,NaN,NaN,NaN,NaN,NaN,NaN,NaN,NaN,NaN,310.868384344544,0.973835892186444,31.4114291176664,11.3772893227869,9.57590099277781,2.60567972499432,0.00117599575149091,0.000551780145595452,1,1.0000047074679,2262.2305945695,0,18257.4358208955,1,1,1,39,2018-10-31T15:16:50.300,20181031_ecoli_ARA_M2_50K,-0,3464,162.2,DIA_100X_EMPTY_1x1_200ms,,,
10,34,10.0900745519632,343,49.4968662646271,970.632653061224,1536.72303206997,NaN,NaN,NaN,NaN,NaN,NaN,NaN,NaN,NaN,NaN,NaN,NaN,NaN,NaN,NaN,335.875542051015,0.946283701332496,33.5972929260132,11.7924479291363,9.73882411816158,2.41804186116958,0.0111533490931718,0.00568553109818124,1,1.00262726071843,2502.69088832483,0,17867.4606413994,1,1,1,39,2018-10-31T15:16:50.300,20181031_ecoli_ARA_M2_50K,-0,3464,162.2,DIA_100X_EMPTY_1x1_200ms,,,
11,46,11.0829591522035,511,48.8285908710638,1294.30528375734,1145.75733855186,NaN,NaN,NaN,NaN,NaN,NaN,NaN,NaN,NaN,NaN,NaN,NaN,NaN,NaN,NaN,474.019784743647,0.930448580396704,47.0528437906591,11.517252543756,9.7836540282771,2.28022277087803,0.0121116692848077,0.00359563591935298,2,1.00084754473438,3537.3491728756,0,17603.1506849315,1,1,1,39,2018-10-31T15:16:50.300,20181031_ecoli_ARA_M2_50K,-0,3464,162.2,DIA_100X_EMPTY_1x1_200ms,,,
12,35,10.0080148753085,351,48.8570391980887,1394.51851851852,147.188034188034,NaN,NaN,NaN,NaN,NaN,NaN,NaN,NaN,NaN,NaN,NaN,NaN,NaN,NaN,NaN,333.156446670089,0.976807748266892,35.0400997441848,10.9338134468084,9.25007598404334,2.32026142339651,0.00782801393837167,0.00280731783152634,2,1.00052220124135,2354.75547629509,0,18798.9373219373,1,1,1,39,2018-10-31T15:16:50.300,20181031_ecoli_ARA_M2_50K,-0,3464,162.2,DIA_100X_EMPTY_1x1_200ms,,,
13,28,10.6699864548263,299,43.9592547928878,1409.35785953177,2001.18060200669,NaN,NaN,NaN,NaN,NaN,NaN,NaN,NaN,NaN,NaN,NaN,NaN,NaN,NaN,NaN,281.143456883696,0.980999820598101,28.3597884471859,11.417042637027,9.67789426678169,2.55077310287055,0.00529696266531323,0.00211172681654079,2,1.00023968360348,2086.19362662015,0,18207.7658862876,1,1,1,39,2018-10-31T15:16:50.300,20181031_ecoli_ARA_M2_50K,-0,3464,162.2,DIA_100X_EMPTY_1x1_200ms,,,
14,36,11.15012246411,402,49.2053255706784,1571.77114427861,1350.26368159204,NaN,NaN,NaN,NaN,NaN,NaN,NaN,NaN,NaN,NaN,NaN,NaN,NaN,NaN,NaN,378.79745886614,0.955559772040614,36.5563657454836,11.8611121676305,10.1093500899559,2.41151062860159,0.00665326440736793,0.0042214330839319,1,1.00152660899495,2934.26523569806,0,17431.815920398,1,1,1,39,2018-10-31T15:16:50.300,20181031_ecoli_ARA_M2_50K,-0,3464,162.2,DIA_100X_EMPTY_1x1_200ms,,,
15,72,10.7844320179502,777,45.9578695507039,1774.02831402831,635.759330759331,NaN,NaN,NaN,NaN,NaN,NaN,NaN,NaN,NaN,NaN,NaN,NaN,NaN,NaN,NaN,719.715225417715,0.855888456085189,73.1067968712561,11.5507364675511,9.73666483085695,1.61468296108283,0.0217929217744008,0.00903898453682049,1,1.00722801415738,5443.37279052518,0,18534.5456885457,1,1,1,39,2018-10-31T15:16:50.300,20181031_ecoli_ARA_M2_50K,-0,3464,162.2,DIA_100X_EMPTY_1x1_200ms,,,
16,37,10.7255128553223,397,49.3544175374772,1774.40554156171,89.7707808564232,NaN,NaN,NaN,NaN,NaN,NaN,NaN,NaN,NaN,NaN,NaN,NaN,NaN,NaN,NaN,353.569722463883,0.968001204635485,36.1072966763168,10.9101961531897,9.55428672775709,2.27584242377647,0.00797182573332248,0.00319408507502824,2,1.00101872436702,2588.69805084354,0,18434.0025188917,1,1,1,39,2018-10-31T15:16:50.300,20181031_ecoli_ARA_M2_50K,-0,3464,162.2,DIA_100X_EMPTY_1x1_200ms,,,
17,45,10.8644483723628,490,49.254696042702,1837.65510204082,1345.60816326531,NaN,NaN,NaN,NaN,NaN,NaN,NaN,NaN,NaN,NaN,NaN,NaN,NaN,NaN,NaN,446.065404733217,0.934704866015776,45.0368241007191,11.3248147130422,9.70080215359171,2.05341494210191,0.00491101765559389,0.0027834055517355,0,1.00077947345734,3328.68679682053,0,17534.0653061224,1,1,1,39,2018-10-31T15:16:50.300,20181031_ecoli_ARA_M2_50K,-0,3464,162.2,DIA_100X_EMPTY_1x1_200ms,,,
1,55,5.49027688395363,303,37.4436473499282,31.4884488448845,1551.6303630363,NaN,NaN,NaN,NaN,NaN,NaN,NaN,NaN,NaN,NaN,NaN,NaN,NaN,NaN,NaN,492.667551173615,0.834950480108153,58.2209871181046,10.4944492362766,8.3494823212136,1.64536816801363,0.0119805907124613,0.00471971816428066,1,1.00488068235467,3187.78149215494,0,29775.5379537954,1,1,1,45,2018-10-31T15:17:04.188,20181031_ecoli_ARA_M2_50K,-4000,-0,162.2,DIA_100X_EMPTY_1x1_200ms,,,
2,36,6.8847669948466,249,47.521148858955,52.3855421686747,1412.79919678715,NaN,NaN,NaN,NaN,NaN,NaN,NaN,NaN,NaN,NaN,NaN,NaN,NaN,NaN,NaN,330.619396427294,0.941795314855882,38.2614491582845,9.98930096740724,8.47425134110348,1.87851429210821,0.000976697214511985,0.000488759144061232,3,1.00000266655313,2158.01260892482,0,28853.281124498,1,1,1,45,2018-10-31T15:17:04.188,20181031_ecoli_ARA_M2_50K,-4000,-0,162.2,DIA_100X_EMPTY_1x1_200ms,,,
3,90,7.01980488758159,632,44.0687717406885,185.481012658228,958.762658227848,NaN,NaN,NaN,NaN,NaN,NaN,NaN,NaN,NaN,NaN,NaN,NaN,NaN,NaN,NaN,809.182089857788,0.859868582145651,92.7503287547489,10.3158320882334,8.60850222518306,1.44731763029815,0.0100244072631788,0.00250714341975503,5,1.00093690010273,5398.34369404718,0,28915.6408227848,1,1,1,45,2018-10-31T15:17:04.188,20181031_ecoli_ARA_M2_50K,-4000,-0,162.2,DIA_100X_EMPTY_1x1_200ms,,,
4,88,7.64721878108,673,39.2569001313136,387.175334323923,875.627043090639,NaN,NaN,NaN,NaN,NaN,NaN,NaN,NaN,NaN,NaN,NaN,NaN,NaN,NaN,NaN,806.811611166447,0.855866232202729,90.4151687714244,10.6758262574694,8.86030514713375,1.2871868317557,0.0138215506952658,0.00530229879058519,3,1.00270288319514,5574.79031641072,0,28265.3372956909,1,1,1,45,2018-10-31T15:17:04.188,20181031_ecoli_ARA_M2_50K,-4000,-0,162.2,DIA_100X_EMPTY_1x1_200ms,,,
5,48,8.87319995415597,426,48.9521616234278,413.244131455399,872.971830985916,NaN,NaN,NaN,NaN,NaN,NaN,NaN,NaN,NaN,NaN,NaN,NaN,NaN,NaN,NaN,455.665622686115,0.898123092579028,49.002605917249,10.7688916462544,9.11419719932288,1.91585134542659,0.0110343389886572,0.00400511096921153,2,1.00298554534774,3197.02402075397,0,27418.0117370892,1,1,1,45,2018-10-31T15:17:04.188,20181031_ecoli_ARA_M2_50K,-4000,-0,162.2,DIA_100X_EMPTY_1x1_200ms,,,
6,39,9.55187957948527,373,49.2042004895849,489.825737265416,275.721179624665,NaN,NaN,NaN,NaN,NaN,NaN,NaN,NaN,NaN,NaN,NaN,NaN,NaN,NaN,NaN,372.563128756027,0.942490493179081,39.4072681809411,10.7218285633659,9.20499949061734,2.21618679073183,0.0127012344665454,0.00448661133888937,2,1.00217354027454,2622.48944194774,0,26979.3753351206,1,1,1,45,2018-10-31T15:17:04.188,20181031_ecoli_ARA_M2_50K,-4000,-0,162.2,DIA_100X_EMPTY_1x1_200ms,,,
7,12,7.25742067661137,88,-49.9998079588367,513.431818181818,1265.02272727273,NaN,NaN,NaN,NaN,NaN,NaN,NaN,NaN,NaN,NaN,NaN,NaN,NaN,NaN,NaN,133.423898793952,0.999732975458632,13.2778814547798,12.7629748611161,9.52116692677808,3.65389156547135,0.000804377193438193,0.000449911710079833,1,1.00000233069003,945.363927960686,2,24029.5113636364,1,1,1,45,2018-10-31T15:17:04.188,20181031_ecoli_ARA_M2_50K,-4000,-0,162.2,DIA_100X_EMPTY_1x1_200ms,,,
8,22,7.38679510622681,163,-49.9271393900661,519.907975460123,1274.34969325153,NaN,NaN,NaN,NaN,NaN,NaN,NaN,NaN,NaN,NaN,NaN,NaN,NaN,NaN,NaN,212.704817687444,0.988116127054121,24.0005409193057,10.9137788123527,8.54811897492585,2.64041290645204,0.0169424303182845,0.00782830349786239,1,1.00264269996711,1377.3744655009,2,27442.1533742331,1,1,1,45,2018-10-31T15:17:04.188,20181031_ecoli_ARA_M2_50K,-4000,-0,162.2,DIA_100X_EMPTY_1x1_200ms,,,
9,46,9.86792078955302,454,49.2050255976644,533.720264317181,714.440528634361,NaN,NaN,NaN,NaN,NaN,NaN,NaN,NaN,NaN,NaN,NaN,NaN,NaN,NaN,NaN,446.774488918813,0.913701747440185,46.6966595272072,11.0220397674286,9.40968966521354,1.90283958238759,0.0118620681811189,0.0064816140013406,0,1.00545471177214,3247.32904126582,0,26518.6189427313,1,1,1,45,2018-10-31T15:17:04.188,20181031_ecoli_ARA_M2_50K,-4000,-0,162.2,DIA_100X_EMPTY_1x1_200ms,,,
10,68,8.76549454296794,596,45.852093740658,527.028523489933,1228.78691275168,NaN,NaN,NaN,NaN,NaN,NaN,NaN,NaN,NaN,NaN,NaN,NaN,NaN,NaN,NaN,640.278378407144,0.857295427350736,69.9247050955284,10.7944572477824,9.03313576207726,1.63072596876699,0.0182065257005438,0.00597283898228694,3,1.00389535141533,4481.23376564463,2,27545.7214765101,1,1,1,45,2018-10-31T15:17:04.188,20181031_ecoli_ARA_M2_50K,-4000,-0,162.2,DIA_100X_EMPTY_1x1_200ms,,,
11,42,10.3342463987189,434,49.4003874042091,661.488479262673,796.202764976959,NaN,NaN,NaN,NaN,NaN,NaN,NaN,NaN,NaN,NaN,NaN,NaN,NaN,NaN,NaN,419.236366812248,0.94503158909264,42.431771296509,11.3265742017463,9.73746451846018,2.02564309955412,0.00652205183743196,0.0022323556428578,3,1.00027100795974,3159.89621968162,0,25877.8433179724,1,1,1,45,2018-10-31T15:17:04.188,20181031_ecoli_ARA_M2_50K,-4000,-0,162.2,DIA_100X_EMPTY_1x1_200ms,,,
12,32,10.207300617312,327,48.6912771786947,712.850152905199,1919.07339449541,NaN,NaN,NaN,NaN,NaN,NaN,NaN,NaN,NaN,NaN,NaN,NaN,NaN,NaN,NaN,308.211335918013,0.961104715347115,31.7342486318209,11.0919323952137,9.47959251381779,2.35069076831723,0.00726692450213121,0.00270917162792195,1,1.00032190725344,2239.73914293229,0,26167.1865443425,1,1,1,45,2018-10-31T15:17:04.188,20181031_ecoli_ARA_M2_50K,-4000,-0,162.2,DIA_100X_EMPTY_1x1_200ms,,,
13,39,10.7152501761558,418,49.324303316643,762.057416267943,785.650717703349,NaN,NaN,NaN,NaN,NaN,NaN,NaN,NaN,NaN,NaN,NaN,NaN,NaN,NaN,NaN,391.944028594338,0.92414954096547,39.4595334426302,11.6698825131087,9.69861028646052,2.23198778732175,0.0140071039465329,0.00735675337625569,1,1.00532080559188,2915.14958570381,0,25771.1052631579,1,1,1,45,2018-10-31T15:17:04.188,20181031_ecoli_ARA_M2_50K,-4000,-0,162.2,DIA_100X_EMPTY_1x1_200ms,,,
14,56,10.5645885337623,592,48.8174567485529,818.400337837838,605.959459459459,NaN,NaN,NaN,NaN,NaN,NaN,NaN,NaN,NaN,NaN,NaN,NaN,NaN,NaN,NaN,545.293157713958,0.896841342492177,56.3785619873872,11.1702478466809,9.49839130146552,1.87430786029584,0.0218465197170938,0.00639279855615657,2,1.00539579755922,3994.88231433428,0,26049.1317567568,1,1,1,45,2018-10-31T15:17:04.188,20181031_ecoli_ARA_M2_50K,-4000,-0,162.2,DIA_100X_EMPTY_1x1_200ms,,,
15,56,11.1771220618778,626,47.99456645568,921.578274760383,1394.82268370607,NaN,NaN,NaN,NaN,NaN,NaN,NaN,NaN,NaN,NaN,NaN,NaN,NaN,NaN,NaN,568.54140480324,0.879656940174259,56.881729309338,11.2880561378091,9.8072543510052,1.96425851628643,0.0166981817218999,0.00708058596329675,1,1.00830452730753,4296.92279313725,0,25008.2923322684,1,1,1,45,2018-10-31T15:17:04.188,20181031_ecoli_ARA_M2_50K,-4000,-0,162.2,DIA_100X_EMPTY_1x1_200ms,,,
16,43,10.6524004204433,459,47.6824845532318,995.777777777778,906.993464052288,NaN,NaN,NaN,NaN,NaN,NaN,NaN,NaN,NaN,NaN,NaN,NaN,NaN,NaN,NaN,464.027145743053,0.902790427938021,44.7876623366285,12.6901009465888,10.0930200908302,2.46677718250828,0.013956398552002,0.00750113378086126,0,1.00673640964341,3583.36091333131,2,26098.7734204793,1,1,1,45,2018-10-31T15:17:04.188,20181031_ecoli_ARA_M2_50K,-4000,-0,162.2,DIA_100X_EMPTY_1x1_200ms,,,
17,56,10.0600086936989,564,45.1396821908641,1003.92730496454,940.171985815603,NaN,NaN,NaN,NaN,NaN,NaN,NaN,NaN,NaN,NaN,NaN,NaN,NaN,NaN,NaN,574.273207528747,0.90060161142037,56.7281630416457,11.9122630652314,9.95156783872039,1.87628320609692,0.0301682235196208,0.00716899144801223,3,1.00543450408226,4412.36689698766,2,26438.2890070922,1,1,1,45,2018-10-31T15:17:04.188,20181031_ecoli_ARA_M2_50K,-4000,-0,162.2,DIA_100X_EMPTY_1x1_200ms,,,
18,62,11.0795858278167,687,49.4443943154422,1011.72489082969,881.81077147016,NaN,NaN,NaN,NaN,NaN,NaN,NaN,NaN,NaN,NaN,NaN,NaN,NaN,NaN,NaN,665.686595865647,0.923185906340684,63.2161589275262,11.9713709039801,10.3235386996455,2.1321328541322,0.010107408995578,0.00435550552124623,3,1.00060020674348,5291.4557154171,2,25845.2998544396,1,1,1,45,2018-10-31T15:17:04.188,20181031_ecoli_ARA_M2_50K,-4000,-0,162.2,DIA_100X_EMPTY_1x1_200ms,,,
19,64,11.0937244111198,710,47.9829524646805,1031.8676056338,1410.05211267606,NaN,NaN,NaN,NaN,NaN,NaN,NaN,NaN,NaN,NaN,NaN,NaN,NaN,NaN,NaN,643.659801606413,0.866508591897232,64.3257768771475,11.4915553092101,9.89844103729243,1.71760929767934,0.0157157145605739,0.00402501397847163,5,1.00476839888496,4950.03787832163,0,24712.9704225352,1,1,1,45,2018-10-31T15:17:04.188,20181031_ecoli_ARA_M2_50K,-4000,-0,162.2,DIA_100X_EMPTY_1x1_200ms,,,
20,30,12.9179082998093,388,41.1741284351163,1040.40721649485,448.407216494845,NaN,NaN,NaN,NaN,NaN,NaN,NaN,NaN,NaN,NaN,NaN,NaN,NaN,NaN,NaN,337.521911025599,0.981217495755813,29.0242253382759,15.7692363632444,11.2782603527888,3.72256751807062,0.0340421235967704,0.0119296737109607,2,1.00904821323733,2899.57769442193,0,21866.2190721649,1,1,1,45,2018-10-31T15:17:04.188,20181031_ecoli_ARA_M2_50K,-4000,-0,162.2,DIA_100X_EMPTY_1x1_200ms,,,
21,57,11.2787871766277,644,48.5308187284583,1039.78105590062,77.8695652173913,NaN,NaN,NaN,NaN,NaN,NaN,NaN,NaN,NaN,NaN,NaN,NaN,NaN,NaN,NaN,560.922634857037,0.92046405774222,56.9682581552558,11.325873125222,9.66724735683716,1.97994125796409,0.00945097982182982,0.00394498633900904,2,1.00082004233917,4181.46517654318,0,25581.8214285714,1,1,1,45,2018-10-31T15:17:04.188,20181031_ecoli_ARA_M2_50K,-4000,-0,162.2,DIA_100X_EMPTY_1x1_200ms,,,
22,44,12.3190058599652,542,49.5237628829272,1051.35239852399,1078.84501845018,NaN,NaN,NaN,NaN,NaN,NaN,NaN,NaN,NaN,NaN,NaN,NaN,NaN,NaN,NaN,467.733212756983,0.952785198157686,42.5622885786483,12.6430852901044,10.652035411634,2.6467972469642,0.0150389967637673,0.00797174062310262,1,1.00188900179369,3792.97566547461,0,24708.6974169742,1,1,1,45,2018-10-31T15:17:04.188,20181031_ecoli_ARA_M2_50K,-4000,-0,162.2,DIA_100X_EMPTY_1x1_200ms,,,
23,28,11.6061032349872,326,44.437289462329,1124.24846625767,1323.00920245399,NaN,NaN,NaN,NaN,NaN,NaN,NaN,NaN,NaN,NaN,NaN,NaN,NaN,NaN,NaN,298.792080485841,0.9965283894468,27.2599337235757,12.5734824876328,10.665644712803,3.0430098445001,0.00644612921439059,0.00264704425753852,1,1.00026612911488,2435.5043089201,1,24010.5122699387,1,1,1,45,2018-10-31T15:17:04.188,20181031_ecoli_ARA_M2_50K,-4000,-0,162.2,DIA_100X_EMPTY_1x1_200ms,,,
24,27,12.0964455995938,327,41.5282229183694,1131.69724770642,1298.14373088685,NaN,NaN,NaN,NaN,NaN,NaN,NaN,NaN,NaN,NaN,NaN,NaN,NaN,NaN,NaN,294.656907403475,0.998104368377872,27.1905230618293,12.6937852701982,10.3548473979754,3.40889094265382,0.013385715368541,0.00612444709284985,0,1.00185644487607,2289.78575608845,1,24245.8929663609,1,1,1,45,2018-10-31T15:17:04.188,20181031_ecoli_ARA_M2_50K,-4000,-0,162.2,DIA_100X_EMPTY_1x1_200ms,,,
25,45,11.9139907223965,536,49.4922493841127,1142.79850746269,2005.46828358209,NaN,NaN,NaN,NaN,NaN,NaN,NaN,NaN,NaN,NaN,NaN,NaN,NaN,NaN,NaN,459.289136713547,0.930118584736535,44.2056031267102,12.0775434953585,10.2074907548069,2.19626822654832,0.0107032291831751,0.00571319292994431,1,1.00339696584773,3617.4721157561,0,24107.9141791045,1,1,1,45,2018-10-31T15:17:04.188,20181031_ecoli_ARA_M2_50K,-4000,-0,162.2,DIA_100X_EMPTY_1x1_200ms,,,
26,191,11.4409944708658,2185,47.8369391646689,1210.58215102975,771.429748283753,NaN,NaN,NaN,NaN,NaN,NaN,NaN,NaN,NaN,NaN,NaN,NaN,NaN,NaN,NaN,1900.91095266008,0.648788599648581,191.548968471292,11.2969719827501,9.87910327998803,1.03738987089749,0.0187984014366209,0.00589946133496249,8,1.00685991304009,14682.6602795964,0,25914.8466819222,1,1,1,45,2018-10-31T15:17:04.188,20181031_ecoli_ARA_M2_50K,-4000,-0,162.2,DIA_100X_EMPTY_1x1_200ms,,,
27,38,12.5123260444446,476,49.41706767424,1235.32983193277,324.735294117647,NaN,NaN,NaN,NaN,NaN,NaN,NaN,NaN,NaN,NaN,NaN,NaN,NaN,NaN,NaN,393.807631107146,0.962633886794949,37.3268617669457,11.9029843964523,10.3677110490564,2.33620896033739,0.00955105388804323,0.00474835561336143,2,1.00097242879198,3151.20842819454,0,24486.506302521,1,1,1,45,2018-10-31T15:17:04.188,20181031_ecoli_ARA_M2_50K,-4000,-0,162.2,DIA_100X_EMPTY_1x1_200ms,,,
28,52,11.4389278680373,595,49.4917800611815,1240.12268907563,1027.14957983193,NaN,NaN,NaN,NaN,NaN,NaN,NaN,NaN,NaN,NaN,NaN,NaN,NaN,NaN,NaN,523.501257762067,0.924532906824197,50.8512124931303,12.1339088894039,10.0901248260878,2.13199338989353,0.0113997343150652,0.00403382430726119,3,1.00179054195335,4066.15820451115,0,24330.6369747899,1,1,1,45,2018-10-31T15:17:04.188,20181031_ecoli_ARA_M2_50K,-4000,-0,162.2,DIA_100X_EMPTY_1x1_200ms,,,
29,67,11.8134793755529,793,47.9162817603864,1240.86506935687,184.534678436318,NaN,NaN,NaN,NaN,NaN,NaN,NaN,NaN,NaN,NaN,NaN,NaN,NaN,NaN,NaN,668.621101246839,0.888961056210094,66.0437468523127,11.8770186094444,9.98911067162556,1.86528082250111,0.00819628214244972,0.00349381845111025,3,1.00256227909606,5175.77317076773,0,25476.0542244641,1,1,1,45,2018-10-31T15:17:04.188,20181031_ecoli_ARA_M2_50K,-4000,-0,162.2,DIA_100X_EMPTY_1x1_200ms,,,
30,46,12.1669978469929,561,48.4723114749442,1281.99108734403,658.716577540107,NaN,NaN,NaN,NaN,NaN,NaN,NaN,NaN,NaN,NaN,NaN,NaN,NaN,NaN,NaN,475.097771904697,0.933505863825766,46.1889121208043,11.883528340369,10.1067439600063,2.11363009241203,0.00806321970895423,0.00266875976218897,1,1.00087624459318,3705.52836536283,0,24691.7540106952,1,1,1,45,2018-10-31T15:17:04.188,20181031_ecoli_ARA_M2_50K,-4000,-0,162.2,DIA_100X_EMPTY_1x1_200ms,,,
31,47,11.3990999672947,536,48.308587091331,1311.62686567164,2026.99813432836,NaN,NaN,NaN,NaN,NaN,NaN,NaN,NaN,NaN,NaN,NaN,NaN,NaN,NaN,NaN,NaN,NaN,NaN,NaN,NaN,NaN,NaN,NaN,NaN,NaN,NaN,0,24556.2835820896,1,1,1,45,2018-10-31T15:17:04.188,20181031_ecoli_ARA_M2_50K,-4000,-0,162.2,DIA_100X_EMPTY_1x1_200ms,,,
32,42,11.9513220316118,502,49.5474298468976,1327.50199203187,944.932270916335,NaN,NaN,NaN,NaN,NaN,NaN,NaN,NaN,NaN,NaN,NaN,NaN,NaN,NaN,NaN,430.420605929961,0.943388379039769,40.8640524074121,12.2386927364405,10.2500440646894,2.4208275515306,0.0129914880234765,0.00415465824144615,2,1.00092987178533,3371.96283091608,0,24114.8505976096,1,1,1,45,2018-10-31T15:17:04.188,20181031_ecoli_ARA_M2_50K,-4000,-0,162.2,DIA_100X_EMPTY_1x1_200ms,,,
33,38,12.1582741835835,462,48.5234641753926,1321.77705627706,1345.8354978355,NaN,NaN,NaN,NaN,NaN,NaN,NaN,NaN,NaN,NaN,NaN,NaN,NaN,NaN,NaN,405.8961956004,0.953832810972033,38.3716601702985,12.1534979824892,10.3985958316906,2.33017070475492,0.00628481691463821,0.00374247942972886,0,1.00129604248265,3258.74117500833,0,24163.9891774892,1,1,1,45,2018-10-31T15:17:04.188,20181031_ecoli_ARA_M2_50K,-4000,-0,162.2,DIA_100X_EMPTY_1x1_200ms,,,
34,38,11.4575062541796,436,48.7264431874978,1366.94495412844,1950.52064220183,NaN,NaN,NaN,NaN,NaN,NaN,NaN,NaN,NaN,NaN,NaN,NaN,NaN,NaN,NaN,380.174300960527,0.953711246664005,37.8586854785892,11.9160904525377,9.86428074445094,2.25865748963589,0.00283543015848694,0.00107705433292792,3,1.00006969500156,2893.25198636347,0,24951.9036697248,1,1,1,45,2018-10-31T15:17:04.188,20181031_ecoli_ARA_M2_50K,-4000,-0,162.2,DIA_100X_EMPTY_1x1_200ms,,,
35,40,14.5821465199791,585,45.6547827628844,1710.00341880342,121.111111111111,NaN,NaN,NaN,NaN,NaN,NaN,NaN,NaN,NaN,NaN,NaN,NaN,NaN,NaN,NaN,419.766816852714,0.974592869213312,39.6376038429713,13.5336637009092,10.3688011607362,3.01876300478263,0.0139550247711636,0.00667525210975051,1,1.00505242680074,3346.98962880039,0,27530.8905982906,1,1,1,45,2018-10-31T15:17:04.188,20181031_ecoli_ARA_M2_50K,-4000,-0,162.2,DIA_100X_EMPTY_1x1_200ms,,,
