CellID,LongAxis,ShortAxis,Area,RegionScore,XPosition,YPosition,Fluor1Sum,Fluor1Mean,Fluor1Background,Fluor1BgStd,Fluor1FociNumber,Fluor2Sum,Fluor2Mean,Fluor2Background,Fluor2BgStd,Fluor2FociNumber,Fluor3Sum,Fluor3Mean,Fluor3Background,Fluor3BgStd,Fluor3FociNumber,MeshArea,MeshSolidity,MeshAxisLength,MeshRibsLengthMax,MeshRibsLengthMean,MeshRibsLengthStd,MeshCurvatureMax,MeshCurvatureMean,MeshCurvatureInflection,MeshSinuosity,MeshVolume,NumOfNeighbors,RegionGrayVal,TimeFrames,AgeFrames,RelativeAge,xyFolder,DateTime,Folder,StageXposition,StageYposition,StageZposition,PhaseConfig,Fluo1Config,Fluo2Config,Fluo3Config
1,20,11.6343826555479,233,-36.1529235859355,38.3047210300429,1054.55793991416,NaN,NaN,NaN,NaN,NaN,NaN,NaN,NaN,NaN,NaN,NaN,NaN,NaN,NaN,NaN,216.418085244125,0.999898475389011,19.2205065308958,14.1226914798021,10.593645851491,4.03879299851299,0.0399435563797271,0.00747586119902821,0,1.00109781526519,1694.12562134187,2,19607.6652360515,1,1,1,1,2018-10-04T16:36:40.367,20181004_ecoli_ARA_M6_2K,-0,-0,155.025,DIA_100X_EMPTY_1x1_200ms,,,
2,15,10.1153528531695,152,-49.9801157834516,40.7960526315789,1067.99342105263,NaN,NaN,NaN,NaN,NaN,NaN,NaN,NaN,NaN,NaN,NaN,NaN,NaN,NaN,NaN,168.634330539695,0.999774424292013,15.6478407666792,13.8366152529842,10.2264754376969,3.96325250498946,0.00265888221026879,0.00145481278857319,0,1.00003394403786,1285.275587384,2,20972.3552631579,1,1,1,1,2018-10-04T16:36:40.367,20181004_ecoli_ARA_M6_2K,-0,-0,155.025,DIA_100X_EMPTY_1x1_200ms,,,
3,20,10.303505940391,207,5.62712050440024,50.4589371980676,1088.24637681159,NaN,NaN,NaN,NaN,NaN,NaN,NaN,NaN,NaN,NaN,NaN,NaN,NaN,NaN,NaN,202.496684121722,0.999687979957632,20.0026826593076,12.1096464940211,9.62569771432856,3.33931437191006,0.00479913326527856,0.00239935220960138,1,1.00016288383887,1455.60173392598,0,20057.7246376812,1,1,1,1,2018-10-04T16:36:40.367,20181004_ecoli_ARA_M6_2K,-0,-0,155.025,DIA_100X_EMPTY_1x1_200ms,,,
4,14,10.0223489947111,141,-49.9976290218938,54.5531914893617,1063.17021276596,NaN,NaN,NaN,NaN,NaN,NaN,NaN,NaN,NaN,NaN,NaN,NaN,NaN,NaN,NaN,158.984627786412,0.999817730439786,14.5293882866231,13.8524890933373,10.2212841897646,4.01683494226119,0.0196989578466608,0.0109270403569306,0,1.00172452490673,1192.1973122223,2,21198.4680851064,1,1,1,1,2018-10-04T16:36:40.367,20181004_ecoli_ARA_M6_2K,-0,-0,155.025,DIA_100X_EMPTY_1x1_200ms,,,
5,38,10.2980911769805,393,34.7398600539692,70.3282442748092,811.351145038168,NaN,NaN,NaN,NaN,NaN,NaN,NaN,NaN,NaN,NaN,NaN,NaN,NaN,NaN,NaN,431.737847822028,0.952399783164528,40.7812480157294,12.1098500182337,10.3035794359698,2.46794783489726,0.0108532121101796,0.00564970840415242,2,1.00069115785328,3400.37364063633,3,21719.2798982188,1,1,1,1,2018-10-04T16:36:40.367,20181004_ecoli_ARA_M6_2K,-0,-0,155.025,DIA_100X_EMPTY_1x1_200ms,,,
6,20,9.79941646226768,196,-27.7750719751329,73.25,833.382653061224,NaN,NaN,NaN,NaN,NaN,NaN,NaN,NaN,NaN,NaN,NaN,NaN,NaN,NaN,NaN,196.798389244003,0.999757162935334,18.8471297190013,13.0718935875145,9.85989999491442,3.72637965515482,0.0621543158389768,0.00902713067850685,0,1.0013843510154,1439.06404082752,2,20791.056122449,1,1,1,1,2018-10-04T16:36:40.367,20181004_ecoli_ARA_M6_2K,-0,-0,155.025,DIA_100X_EMPTY_1x1_200ms,,,
7,31,10.6427164838,330,49.305969808856,87.5818181818182,789.860606060606,NaN,NaN,NaN,NaN,NaN,NaN,NaN,NaN,NaN,NaN,NaN,NaN,NaN,NaN,NaN,349.757429372139,0.973227483533209,33.0511213712176,11.9921406461127,10.1457678923852,2.89025518803994,0.0089203003826192,0.00479554195291241,1,1.00173910458535,2672.05827582463,3,22845.3787878788,1,1,1,1,2018-10-04T16:36:40.367,20181004_ecoli_ARA_M6_2K,-0,-0,155.025,DIA_100X_EMPTY_1x1_200ms,,,
8,26,9.68686796245078,252,42.0639448304176,83.8412698412698,810.456349206349,NaN,NaN,NaN,NaN,NaN,NaN,NaN,NaN,NaN,NaN,NaN,NaN,NaN,NaN,NaN,275.845257612985,0.998825696262999,25.3928854361138,13.0142837341209,10.6006776285808,3.24942532828769,0.00391948892358282,0.00171748483680242,2,1.00005024851205,2241.14104709772,4,23668.8650793651,1,1,1,1,2018-10-04T16:36:40.367,20181004_ecoli_ARA_M6_2K,-0,-0,155.025,DIA_100X_EMPTY_1x1_200ms,,,
9,30,10.5532960420578,317,44.3743311077758,103.965299684543,227.536277602524,NaN,NaN,NaN,NaN,NaN,NaN,NaN,NaN,NaN,NaN,NaN,NaN,NaN,NaN,NaN,309.659145288992,0.930254055129184,30.6090026208247,12.3665427729829,9.75407072923736,2.69887085867706,0.0316675444120545,0.0147395517935011,1,1.01506613709356,2287.23538289225,0,19864.8832807571,1,1,1,1,2018-10-04T16:36:40.367,20181004_ecoli_ARA_M6_2K,-0,-0,155.025,DIA_100X_EMPTY_1x1_200ms,,,
10,24,10.6384308662638,256,24.8846112151518,97.15625,808.95703125,NaN,NaN,NaN,NaN,NaN,NaN,NaN,NaN,NaN,NaN,NaN,NaN,NaN,NaN,NaN,289.221997549397,0.979716837009934,26.9085594107078,12.6904593929454,10.2731464400607,3.16114174956438,0.0218356135088774,0.011397986505021,1,1.00198809972421,2230.42326726892,2,23668.2734375,1,1,1,1,2018-10-04T16:36:40.367,20181004_ecoli_ARA_M6_2K,-0,-0,155.025,DIA_100X_EMPTY_1x1_200ms,,,
11,26,10.8101740768815,281,46.2630826951349,121.188612099644,130.35231316726,NaN,NaN,NaN,NaN,NaN,NaN,NaN,NaN,NaN,NaN,NaN,NaN,NaN,NaN,NaN,264.121099645627,0.997983393469199,25.1630931448167,12.1937291589821,9.97144451253749,3.22720753473788,0.0407381852597516,0.00330312990159825,0,1.00026831207769,1965.03396033865,0,19368.7580071174,1,1,1,1,2018-10-04T16:36:40.367,20181004_ecoli_ARA_M6_2K,-0,-0,155.025,DIA_100X_EMPTY_1x1_200ms,,,
12,19,10.9150319369073,207,-44.0992592138454,168.164251207729,1722.11594202899,NaN,NaN,NaN,NaN,NaN,NaN,NaN,NaN,NaN,NaN,NaN,NaN,NaN,NaN,NaN,185.68610543091,0.999788305515387,17.1047946662452,13.6769833103639,10.0588111509454,4.12616356140707,0.00644904947746196,0.00339238786639399,0,1.00024255355372,1359.25536418869,0,20308.0676328502,1,1,1,1,2018-10-04T16:36:40.367,20181004_ecoli_ARA_M6_2K,-0,-0,155.025,DIA_100X_EMPTY_1x1_200ms,,,
13,34,10.6363711746427,362,48.5236085217047,200.795580110497,500.160220994475,NaN,NaN,NaN,NaN,NaN,NaN,NaN,NaN,NaN,NaN,NaN,NaN,NaN,NaN,NaN,354.071504055264,0.918303248152193,34.9295251061262,12.4558148461122,9.85114453030533,2.588053621074,0.0170830316525996,0.00781617726074553,2,1.00575497238721,2662.29357548018,0,19347.6215469613,1,1,1,1,2018-10-04T16:36:40.367,20181004_ecoli_ARA_M6_2K,-0,-0,155.025,DIA_100X_EMPTY_1x1_200ms,,,
14,21,11.3311694663027,239,12.7125889248218,214.44769874477,854.531380753138,NaN,NaN,NaN,NaN,NaN,NaN,NaN,NaN,NaN,NaN,NaN,NaN,NaN,NaN,NaN,230.784058498133,0.997899165142124,21.1812585721515,12.6378361171726,10.497391620644,3.2499433441557,0.00611351581871661,0.00263338111337772,1,1.00021786768731,1833.17717976269,1,19617.2175732218,1,1,1,1,2018-10-04T16:36:40.367,20181004_ecoli_ARA_M6_2K,-0,-0,155.025,DIA_100X_EMPTY_1x1_200ms,,,
15,26,11.0388632761328,287,47.1242138015854,215.665505226481,1317.02787456446,NaN,NaN,NaN,NaN,NaN,NaN,NaN,NaN,NaN,NaN,NaN,NaN,NaN,NaN,NaN,258.574138716611,0.997970117211329,25.0196524697703,11.9209030480735,9.94683877752891,3.05040267048343,0.00354843563246153,0.00145835127963091,1,1.00006216879864,1944.2016700004,0,19557.0174216028,1,1,1,1,2018-10-04T16:36:40.367,20181004_ecoli_ARA_M6_2K,-0,-0,155.025,DIA_100X_EMPTY_1x1_200ms,,,
16,19,9.2958687671308,178,-21.2546419417745,221.320224719101,837.769662921348,NaN,NaN,NaN,NaN,NaN,NaN,NaN,NaN,NaN,NaN,NaN,NaN,NaN,NaN,NaN,193.21909154976,0.999769007555142,19.6032455432904,12.1179484890831,9.42158599177314,3.29033252765121,0.0053764321447886,0.00279265439431761,1,1.00021143141919,1366.67702552564,2,19846.6629213483,1,1,1,1,2018-10-04T16:36:40.367,20181004_ecoli_ARA_M6_2K,-0,-0,155.025,DIA_100X_EMPTY_1x1_200ms,,,
17,18,11.5550650898128,209,-43.526061202307,228.172248803828,234.574162679426,NaN,NaN,NaN,NaN,NaN,NaN,NaN,NaN,NaN,NaN,NaN,NaN,NaN,NaN,NaN,204.701184444337,0.999863817971705,17.9188944543912,14.112520815296,11.0236040669431,3.73906709883441,0.000533546987208006,0.000259107363419936,1,1.00000060544057,1710.20552635692,0,19409.3875598086,1,1,1,1,2018-10-04T16:36:40.367,20181004_ecoli_ARA_M6_2K,-0,-0,155.025,DIA_100X_EMPTY_1x1_200ms,,,
18,21,9.55166291533476,201,-35.2527098987951,236.442786069652,826.512437810945,NaN,NaN,NaN,NaN,NaN,NaN,NaN,NaN,NaN,NaN,NaN,NaN,NaN,NaN,NaN,205.593032108957,0.99977540158173,19.9379014758702,12.398869252091,10.0030388410555,3.18773706567352,0.00650761248584924,0.0033102436990308,1,1.0002960080925,1566.8709805828,1,20046.7910447761,1,1,1,1,2018-10-04T16:36:40.367,20181004_ecoli_ARA_M6_2K,-0,-0,155.025,DIA_100X_EMPTY_1x1_200ms,,,
19,31,11.0076657138382,342,46.9784349421539,305.850877192982,234.611111111111,NaN,NaN,NaN,NaN,NaN,NaN,NaN,NaN,NaN,NaN,NaN,NaN,NaN,NaN,NaN,314.471963901598,0.970942515088408,30.6863443964801,12.1218820004599,9.84087901867471,2.79514621599508,0.0124328717080635,0.00682056680200571,0,1.00283093800298,2334.01058720794,0,19401.8421052632,1,1,1,1,2018-10-04T16:36:40.367,20181004_ecoli_ARA_M6_2K,-0,-0,155.025,DIA_100X_EMPTY_1x1_200ms,,,
20,20,10.893251970342,218,-30.1360860931126,311.600917431193,381.990825688073,NaN,NaN,NaN,NaN,NaN,NaN,NaN,NaN,NaN,NaN,NaN,NaN,NaN,NaN,NaN,207.528855092389,0.99980419452957,19.0216255510487,13.4315929026155,10.3888143948812,3.68604152597554,0.00409603490415216,0.00174092869018466,1,1.00006072690109,1612.38772819872,0,19398.8211009174,1,1,1,1,2018-10-04T16:36:40.367,20181004_ecoli_ARA_M6_2K,-0,-0,155.025,DIA_100X_EMPTY_1x1_200ms,,,
21,24,12.1875145760421,293,36.3326480938617,314.361774744027,1567.94197952218,NaN,NaN,NaN,NaN,NaN,NaN,NaN,NaN,NaN,NaN,NaN,NaN,NaN,NaN,NaN,249.74856499228,0.999610625023572,23.0868713141874,12.6858823236642,10.4344484466723,3.25899380072935,0.00841841524795859,0.00378158054069819,1,1.0002577598414,1974.21277984365,0,19093.0614334471,1,1,1,1,2018-10-04T16:36:40.367,20181004_ecoli_ARA_M6_2K,-0,-0,155.025,DIA_100X_EMPTY_1x1_200ms,,,
22,22,10.9363546448885,241,19.885816091614,323.099585062241,55.6307053941909,NaN,NaN,NaN,NaN,NaN,NaN,NaN,NaN,NaN,NaN,NaN,NaN,NaN,NaN,NaN,228.59264381197,0.999815542772436,22.630190838285,11.9591492949945,9.72542339150243,3.08104751926457,0.00491558505972661,0.00212927744152119,1,1.00015611794861,1681.10613130949,0,20208.7925311203,1,1,1,1,2018-10-04T16:36:40.367,20181004_ecoli_ARA_M6_2K,-0,-0,155.025,DIA_100X_EMPTY_1x1_200ms,,,
23,28,11.5027457645507,323,46.3490209276154,477.857585139319,52.9628482972136,NaN,NaN,NaN,NaN,NaN,NaN,NaN,NaN,NaN,NaN,NaN,NaN,NaN,NaN,NaN,300.277053563018,0.978714503857785,29.0449887909648,11.9648580840155,10.0284487936571,2.67454630898968,0.00586392985511782,0.00270489174596997,2,1.00010046497553,2294.18595748586,1,19736.5015479876,1,1,1,1,2018-10-04T16:36:40.367,20181004_ecoli_ARA_M6_2K,-0,-0,155.025,DIA_100X_EMPTY_1x1_200ms,,,
24,23,9.98759844823912,230,27.0336529148922,489.047826086957,35.1739130434783,NaN,NaN,NaN,NaN,NaN,NaN,NaN,NaN,NaN,NaN,NaN,NaN,NaN,NaN,NaN,221.417423279614,0.99962225963284,21.2758032070115,12.6345728647432,9.90991001752687,3.36879369651523,0.0172692318937957,0.00881295848607202,1,1.00249478908834,1641.02526768006,1,20700.3869565217,1,1,1,1,2018-10-04T16:36:40.367,20181004_ecoli_ARA_M6_2K,-0,-0,155.025,DIA_100X_EMPTY_1x1_200ms,,,
25,27,10.4013415066028,282,44.7540861103647,511.978723404255,414.797872340426,NaN,NaN,NaN,NaN,NaN,NaN,NaN,NaN,NaN,NaN,NaN,NaN,NaN,NaN,NaN,271.921798514092,0.982682870973728,27.3282504115966,11.5541130883241,9.56412563922231,2.88648695962485,0.0187463322799418,0.00969882248742312,0,1.00507009979376,1963.32526382739,0,19789.1276595745,1,1,1,1,2018-10-04T16:36:40.367,20181004_ecoli_ARA_M6_2K,-0,-0,155.025,DIA_100X_EMPTY_1x1_200ms,,,
26,15,9.11739002441446,137,-49.9898606202804,520.124087591241,1296.00729927007,NaN,NaN,NaN,NaN,NaN,NaN,NaN,NaN,NaN,NaN,NaN,NaN,NaN,NaN,NaN,162.84206814171,0.999862383399039,15.3844905917729,13.3248049225334,9.87490885394937,3.95170930219625,0.0503354663305056,0.00364578528661525,0,1.00006673948579,1178.25473418746,2,20372.0218978102,1,1,1,1,2018-10-04T16:36:40.367,20181004_ecoli_ARA_M6_2K,-0,-0,155.025,DIA_100X_EMPTY_1x1_200ms,,,
27,18,10.1242082181223,183,-39.9528047004972,524.360655737705,1308.37704918033,NaN,NaN,NaN,NaN,NaN,NaN,NaN,NaN,NaN,NaN,NaN,NaN,NaN,NaN,NaN,199.484643586523,0.999857922751929,18.7111808318313,13.3114030603815,10.2181463411013,3.57908762399714,0.000754617823437935,0.000285736604785768,2,1.00000191449916,1534.38842549669,4,21713.4535519126,1,1,1,1,2018-10-04T16:36:40.367,20181004_ecoli_ARA_M6_2K,-0,-0,155.025,DIA_100X_EMPTY_1x1_200ms,,,
28,30,10.3907113246128,312,43.5610902789467,540.541666666667,1322.85256410256,NaN,NaN,NaN,NaN,NaN,NaN,NaN,NaN,NaN,NaN,NaN,NaN,NaN,NaN,NaN,312.38002559703,0.967317705993065,30.5391204098826,11.8476407080872,9.79875726650494,2.83523520422953,0.0282006714577955,0.00784559171398656,1,1.00107772298481,2302.97065818634,2,21103.5096153846,1,1,1,1,2018-10-04T16:36:40.367,20181004_ecoli_ARA_M6_2K,-0,-0,155.025,DIA_100X_EMPTY_1x1_200ms,,,
29,15,9.23812596263358,139,-49.9740277075333,534.014388489209,1297.92086330935,NaN,NaN,NaN,NaN,NaN,NaN,NaN,NaN,NaN,NaN,NaN,NaN,NaN,NaN,NaN,165.00760634788,0.999782225259246,15.6423726069054,13.4365763868915,10.0291996299297,3.76724740142078,0.00864179927190915,0.00482788597817583,0,1.00038192552233,1235.73418214812,3,21622.2805755396,1,1,1,1,2018-10-04T16:36:40.367,20181004_ecoli_ARA_M6_2K,-0,-0,155.025,DIA_100X_EMPTY_1x1_200ms,,,
30,23,9.68129642222279,223,31.7518437677303,545.533632286995,1311.48430493274,NaN,NaN,NaN,NaN,NaN,NaN,NaN,NaN,NaN,NaN,NaN,NaN,NaN,NaN,NaN,226.32926572655,0.998797362970308,22.5886773129831,12.4724129927581,9.65489522616422,3.14935203406339,0.00820513792821869,0.00426794805026747,0,1.00065920789253,1653.77268015905,3,21301.8251121076,1,1,1,1,2018-10-04T16:36:40.367,20181004_ecoli_ARA_M6_2K,-0,-0,155.025,DIA_100X_EMPTY_1x1_200ms,,,
31,22,10.8791358354828,240,13.77766750432,578.170833333333,1134.975,NaN,NaN,NaN,NaN,NaN,NaN,NaN,NaN,NaN,NaN,NaN,NaN,NaN,NaN,NaN,234.802233499261,0.99802098119039,22.2532669599244,13.100164757068,10.2421564938626,3.26202798014206,0.0183406246767715,0.00939029383525,0,1.00307192643913,1833.43903676756,1,19635.4833333333,1,1,1,1,2018-10-04T16:36:40.367,20181004_ecoli_ARA_M6_2K,-0,-0,155.025,DIA_100X_EMPTY_1x1_200ms,,,
32,23,10.9560247288696,253,26.5760532431067,576.762845849802,907.229249011858,NaN,NaN,NaN,NaN,NaN,NaN,NaN,NaN,NaN,NaN,NaN,NaN,NaN,NaN,NaN,234.951884956076,0.999935757099046,22.8614553275353,12.1932475576653,9.98336534531528,3.04832206951579,0.00469360642382056,0.00243712847695139,0,1.00021060862747,1789.56585185328,0,19599.3992094862,1,1,1,1,2018-10-04T16:36:40.367,20181004_ecoli_ARA_M6_2K,-0,-0,155.025,DIA_100X_EMPTY_1x1_200ms,,,
33,18,9.22007136347799,166,-47.4995439870214,577.722891566265,1121.98192771084,NaN,NaN,NaN,NaN,NaN,NaN,NaN,NaN,NaN,NaN,NaN,NaN,NaN,NaN,NaN,176.856645031598,0.999854469390376,16.880235613876,13.1478483035975,10.0813138809379,3.56228564680051,0.00300918295829097,0.00136825724421764,1,1.00003517754777,1347.41897476161,1,19326.1204819277,1,1,1,1,2018-10-04T16:36:40.367,20181004_ecoli_ARA_M6_2K,-0,-0,155.025,DIA_100X_EMPTY_1x1_200ms,,,
34,25,11.5795110534998,290,45.916928901156,587.972413793103,94.5413793103448,NaN,NaN,NaN,NaN,NaN,NaN,NaN,NaN,NaN,NaN,NaN,NaN,NaN,NaN,NaN,261.175255462266,0.999584548547861,23.8568343411508,12.7216980555667,10.6580351026504,3.09841921419469,0.00995517002115027,0.00425621392290528,1,1.00067846602687,2128.41832201517,0,19433.1482758621,1,1,1,1,2018-10-04T16:36:40.367,20181004_ecoli_ARA_M6_2K,-0,-0,155.025,DIA_100X_EMPTY_1x1_200ms,,,
35,18,9.79319876983557,178,-49.6932329156477,639.550561797753,476.567415730337,NaN,NaN,NaN,NaN,NaN,NaN,NaN,NaN,NaN,NaN,NaN,NaN,NaN,NaN,NaN,186.86336641804,0.999796905960256,17.6213983984103,13.4741624216519,10.0995102484008,3.76339587056092,0.00232240973907775,0.00106650758332924,1,1.00002475605343,1411.6625061624,1,19602.0112359551,1,1,1,1,2018-10-04T16:36:40.367,20181004_ecoli_ARA_M6_2K,-0,-0,155.025,DIA_100X_EMPTY_1x1_200ms,,,
36,23,11.2972587148633,259,23.809675633802,655.857142857143,480.416988416988,NaN,NaN,NaN,NaN,NaN,NaN,NaN,NaN,NaN,NaN,NaN,NaN,NaN,NaN,NaN,252.716885571393,0.98423998630338,22.7132828501495,13.6191426535378,10.507076843137,3.37237317121945,0.055098697197042,0.0261621107276673,1,1.02498110212294,1969.39852147582,1,19343.6486486487,1,1,1,1,2018-10-04T16:36:40.367,20181004_ecoli_ARA_M6_2K,-0,-0,155.025,DIA_100X_EMPTY_1x1_200ms,,,
37,19,10.663088662355,203,-44.4922343394374,673.467980295566,809.28078817734,NaN,NaN,NaN,NaN,NaN,NaN,NaN,NaN,NaN,NaN,NaN,NaN,NaN,NaN,NaN,205.195826795245,0.999733992194463,18.7021401800639,13.7982563986293,10.438152180552,3.71454690715613,0.0245309433935421,0.0129139059159868,0,1.00410576538879,1600.39961329279,1,19433.9655172414,1,1,1,1,2018-10-04T16:36:40.367,20181004_ecoli_ARA_M6_2K,-0,-0,155.025,DIA_100X_EMPTY_1x1_200ms,,,
38,20,10.5771892939072,213,-17.4951436324844,688.718309859155,815.821596244131,NaN,NaN,NaN,NaN,NaN,NaN,NaN,NaN,NaN,NaN,NaN,NaN,NaN,NaN,NaN,210.54763256991,0.999794900382232,20.0917639766098,12.8191530349521,10.0492491293643,3.41166872424288,0.00601636344875931,0.00276021871129121,1,1.00021146593936,1593.58478600669,1,19655.7746478873,1,1,1,1,2018-10-04T16:36:40.367,20181004_ecoli_ARA_M6_2K,-0,-0,155.025,DIA_100X_EMPTY_1x1_200ms,,,
39,22,11.4239697530292,252,19.7192707332828,745.84126984127,667.920634920635,NaN,NaN,NaN,NaN,NaN,NaN,NaN,NaN,NaN,NaN,NaN,NaN,NaN,NaN,NaN,233.426118138856,0.999302711155083,21.4395825163836,13.1365883506263,10.461402036614,3.37933871003989,0.0207734951631134,0.0105712039129608,1,1.00355613726445,1842.83304288069,0,18828.0873015873,1,1,1,1,2018-10-04T16:36:40.367,20181004_ecoli_ARA_M6_2K,-0,-0,155.025,DIA_100X_EMPTY_1x1_200ms,,,
40,18,11.2349980575697,203,-47.3424912777212,825.48275862069,1434.6354679803,NaN,NaN,NaN,NaN,NaN,NaN,NaN,NaN,NaN,NaN,NaN,NaN,NaN,NaN,NaN,189.590422236127,0.999935725953996,17.9882334168634,13.2374683661936,10.0010929363677,3.67389580682075,0.00291949681802079,0.0012966900141716,1,1.00002692498213,1413.1013841842,0,19611.9901477832,1,1,1,1,2018-10-04T16:36:40.367,20181004_ecoli_ARA_M6_2K,-0,-0,155.025,DIA_100X_EMPTY_1x1_200ms,,,
41,20,11.398020270629,229,-14.3532703225068,866.61135371179,563.336244541485,NaN,NaN,NaN,NaN,NaN,NaN,NaN,NaN,NaN,NaN,NaN,NaN,NaN,NaN,NaN,216.025277503164,0.999751943188367,19.8470714847264,13.1851097176097,10.5458848678944,3.37375995298142,0.0134059877628873,0.00705643622723753,0,1.00131973207342,1733.61384515421,0,19256.1659388646,1,1,1,1,2018-10-04T16:36:40.367,20181004_ecoli_ARA_M6_2K,-0,-0,155.025,DIA_100X_EMPTY_1x1_200ms,,,
42,26,10.3085880171676,268,45.3879323164281,891.544776119403,274.623134328358,NaN,NaN,NaN,NaN,NaN,NaN,NaN,NaN,NaN,NaN,NaN,NaN,NaN,NaN,NaN,261.771285228004,0.993766195792789,25.5998814081477,11.7552872346428,9.87690543827461,2.9322638755835,0.0045307774651912,0.00280230683260279,0,1.00033844882416,1961.41560623219,0,20275.4365671642,1,1,1,1,2018-10-04T16:36:40.367,20181004_ecoli_ARA_M6_2K,-0,-0,155.025,DIA_100X_EMPTY_1x1_200ms,,,
43,21,10.6669918836648,224,24.5326638484052,910.040178571429,126.232142857143,NaN,NaN,NaN,NaN,NaN,NaN,NaN,NaN,NaN,NaN,NaN,NaN,NaN,NaN,NaN,212.231100871071,0.999723109540039,20.1875479176378,12.671469297328,9.8904310793527,3.6202866438251,0.00814235807591991,0.00432039027420561,1,1.00049312810227,1550.97177256071,0,19606.8348214286,1,1,1,1,2018-10-04T16:36:40.367,20181004_ecoli_ARA_M6_2K,-0,-0,155.025,DIA_100X_EMPTY_1x1_200ms,,,
44,33,10.9238414157637,362,46.9970096860594,922.381215469613,1070.63259668508,NaN,NaN,NaN,NaN,NaN,NaN,NaN,NaN,NaN,NaN,NaN,NaN,NaN,NaN,NaN,351.807823764029,0.952465386118344,34.1443544729191,11.7533145999422,10.0503212406619,2.39735670147883,0.00709961407912553,0.00274526039560746,2,1.0006183926485,2708.74844281408,1,19273.0883977901,1,1,1,1,2018-10-04T16:36:40.367,20181004_ecoli_ARA_M6_2K,-0,-0,155.025,DIA_100X_EMPTY_1x1_200ms,,,
45,23,11.6198871553094,268,13.8309235252472,919.070895522388,615.940298507463,NaN,NaN,NaN,NaN,NaN,NaN,NaN,NaN,NaN,NaN,NaN,NaN,NaN,NaN,NaN,254.318820015934,0.999684271324135,23.0885881096083,13.3698515864871,10.6359805644792,3.41571067863894,0.0135420488840269,0.00583414098846541,1,1.00119401505974,2051.36210109831,0,19109.9589552239,1,1,1,1,2018-10-04T16:36:40.367,20181004_ecoli_ARA_M6_2K,-0,-0,155.025,DIA_100X_EMPTY_1x1_200ms,,,
46,18,9.97760123742117,181,-25.3263251880715,937.646408839779,1066.8729281768,NaN,NaN,NaN,NaN,NaN,NaN,NaN,NaN,NaN,NaN,NaN,NaN,NaN,NaN,NaN,193.841355930509,0.99965781610688,18.3471253272244,12.8701393605419,10.1903048905153,3.38200956128289,0.00522221638602547,0.00276197138852379,1,1.00017146842645,1496.34682077865,1,19887.044198895,1,1,1,1,2018-10-04T16:36:40.367,20181004_ecoli_ARA_M6_2K,-0,-0,155.025,DIA_100X_EMPTY_1x1_200ms,,,
47,28,10.8571573331557,304,46.5915661367379,945.914473684211,81.4671052631579,NaN,NaN,NaN,NaN,NaN,NaN,NaN,NaN,NaN,NaN,NaN,NaN,NaN,NaN,NaN,282.661003342252,0.981443901671558,27.7464982231199,11.6297860691598,9.75203919623856,2.9434225377614,0.0102971506419891,0.00380796501337838,1,1.00073138376891,2072.47327059878,0,19362.4276315789,1,1,1,1,2018-10-04T16:36:40.367,20181004_ecoli_ARA_M6_2K,-0,-0,155.025,DIA_100X_EMPTY_1x1_200ms,,,
48,27,11.0412739200311,299,47.3323631503485,963.963210702341,612.605351170569,NaN,NaN,NaN,NaN,NaN,NaN,NaN,NaN,NaN,NaN,NaN,NaN,NaN,NaN,NaN,278.58630456165,0.991320184429403,26.7876428843174,12.0880527252669,10.1235574541674,2.76180965696132,0.00779213410419979,0.00336455307253739,1,1.00049342754708,2156.20816287501,0,19531.5183946488,1,1,1,1,2018-10-04T16:36:40.367,20181004_ecoli_ARA_M6_2K,-0,-0,155.025,DIA_100X_EMPTY_1x1_200ms,,,
49,19,10.9206345671717,208,-40.8157646053225,1039.40384615385,14.7980769230769,NaN,NaN,NaN,NaN,NaN,NaN,NaN,NaN,NaN,NaN,NaN,NaN,NaN,NaN,NaN,194.14860326378,0.999904268432411,18.3278017625323,13.2629232465563,10.2154050132518,3.52731559542193,0.0071357631447373,0.0039011968574198,0,1.00034468883641,1502.14355918057,0,19824.7788461538,1,1,1,1,2018-10-04T16:36:40.367,20181004_ecoli_ARA_M6_2K,-0,-0,155.025,DIA_100X_EMPTY_1x1_200ms,,,
50,18,11.1889197049681,202,-48.1979103956535,1058.39108910891,1752.5297029703,NaN,NaN,NaN,NaN,NaN,NaN,NaN,NaN,NaN,NaN,NaN,NaN,NaN,NaN,NaN,182.105515660962,0.999814055093053,16.7505306112712,13.7574939589461,10.403580125911,3.7857690087147,0.00529079417257957,0.00299424947315197,0,1.0001665084679,1423.91505863025,0,20123.9900990099,1,1,1,1,2018-10-04T16:36:40.367,20181004_ecoli_ARA_M6_2K,-0,-0,155.025,DIA_100X_EMPTY_1x1_200ms,,,
51,20,10.6057411247077,212,-12.5617235466436,1087.10849056604,490.721698113208,NaN,NaN,NaN,NaN,NaN,NaN,NaN,NaN,NaN,NaN,NaN,NaN,NaN,NaN,NaN,207.6226578966,0.999838969045931,19.3457931506276,13.1896212391536,10.3683735808306,3.47923926905628,0.00518696190318592,0.00239809936677301,1,1.00014742111784,1633.41934534171,0,19787.7594339623,1,1,1,1,2018-10-04T16:36:40.367,20181004_ecoli_ARA_M6_2K,-0,-0,155.025,DIA_100X_EMPTY_1x1_200ms,,,
52,31,10.4508601643288,324,48.5646573040367,1144.19444444444,115.490740740741,NaN,NaN,NaN,NaN,NaN,NaN,NaN,NaN,NaN,NaN,NaN,NaN,NaN,NaN,NaN,314.849505370291,0.982088275925381,30.4910570287449,11.7191590866298,9.98815414636529,2.74987200192362,0.00733838056784252,0.00284407926811813,0,1.00044608538286,2389.09177940061,1,19821.462962963,1,1,1,1,2018-10-04T16:36:40.367,20181004_ecoli_ARA_M6_2K,-0,-0,155.025,DIA_100X_EMPTY_1x1_200ms,,,
53,24,9.95842088202259,240,32.1031116689124,1146.10833333333,464.733333333333,NaN,NaN,NaN,NaN,NaN,NaN,NaN,NaN,NaN,NaN,NaN,NaN,NaN,NaN,NaN,240.71355946234,0.994083664404989,24.2182708344448,11.4212783087594,9.62115593598649,2.76761326955572,0.00472073609292629,0.00196167647856098,1,1.00007319690673,1760.70874049676,1,19902.1666666667,1,1,1,1,2018-10-04T16:36:40.367,20181004_ecoli_ARA_M6_2K,-0,-0,155.025,DIA_100X_EMPTY_1x1_200ms,,,
54,22,9.86426663381322,217,31.7996524805357,1153.06451612903,104.198156682028,NaN,NaN,NaN,NaN,NaN,NaN,NaN,NaN,NaN,NaN,NaN,NaN,NaN,NaN,NaN,216.308999026696,0.999805508929737,21.3637329667852,11.8734524554668,9.62246763132734,3.2685658052717,0.00987202255265313,0.00547836600046167,0,1.00095548729898,1553.60260230134,1,20766.2211981567,1,1,1,1,2018-10-04T16:36:40.367,20181004_ecoli_ARA_M6_2K,-0,-0,155.025,DIA_100X_EMPTY_1x1_200ms,,,
55,34,10.5309731800123,359,44.6937797590315,1169.4930362117,481.515320334262,NaN,NaN,NaN,NaN,NaN,NaN,NaN,NaN,NaN,NaN,NaN,NaN,NaN,NaN,NaN,345.729883326383,0.97693179232029,34.1331732388816,11.8136620317189,9.88078136920321,2.50033305890218,0.00613427916871269,0.00326181971692551,0,1.00084196504938,2617.27360863841,1,19095.3231197772,1,1,1,1,2018-10-04T16:36:40.367,20181004_ecoli_ARA_M6_2K,-0,-0,155.025,DIA_100X_EMPTY_1x1_200ms,,,
56,20,10.3708459558918,208,-27.9390025603377,1267.97115384615,449.740384615385,NaN,NaN,NaN,NaN,NaN,NaN,NaN,NaN,NaN,NaN,NaN,NaN,NaN,NaN,NaN,215.233593724828,0.99974736264296,20.7308872458064,12.357305261197,9.80167983863043,3.47920560454855,0.00303376065368597,0.00154601760431339,1,1.00001852803503,1564.25948197188,1,19588.9375,1,1,1,1,2018-10-04T16:36:40.367,20181004_ecoli_ARA_M6_2K,-0,-0,155.025,DIA_100X_EMPTY_1x1_200ms,,,
57,20,11.5358782752571,231,-41.0772172833651,1282.58008658009,440.571428571429,NaN,NaN,NaN,NaN,NaN,NaN,NaN,NaN,NaN,NaN,NaN,NaN,NaN,NaN,NaN,209.392816109124,0.999804860223314,18.882821577111,13.8728558727005,10.5891846666653,3.72573679283079,0.0218993186538389,0.0117593878355375,0,1.00342131343413,1662.96004621081,1,19578.4545454545,1,1,1,1,2018-10-04T16:36:40.367,20181004_ecoli_ARA_M6_2K,-0,-0,155.025,DIA_100X_EMPTY_1x1_200ms,,,
58,25,11.191142414293,280,44.316840232691,1373.7,232.546428571429,NaN,NaN,NaN,NaN,NaN,NaN,NaN,NaN,NaN,NaN,NaN,NaN,NaN,NaN,NaN,263.008450179169,0.997713846630795,24.7691716844526,12.6012545409704,10.1404215118398,3.26772576441701,0.0151614184273494,0.00674905037781886,1,1.00196138090954,2000.38403863715,0,19590.0357142857,1,1,1,1,2018-10-04T16:36:40.367,20181004_ecoli_ARA_M6_2K,-0,-0,155.025,DIA_100X_EMPTY_1x1_200ms,,,
59,27,11.2812217685168,307,43.3016616278246,1422.97719869707,412.022801302932,NaN,NaN,NaN,NaN,NaN,NaN,NaN,NaN,NaN,NaN,NaN,NaN,NaN,NaN,NaN,291.310343791285,0.984516784829942,27.515397729177,12.2231537322708,10.2118498686054,2.99985005112676,0.000859075994308341,0.000473456504720504,2,1.00000163710901,2253.58798648456,0,19289.0651465798,1,1,1,1,2018-10-04T16:36:40.367,20181004_ecoli_ARA_M6_2K,-0,-0,155.025,DIA_100X_EMPTY_1x1_200ms,,,
60,31,9.9243546708747,308,46.0714676122793,1426.1038961039,198.529220779221,NaN,NaN,NaN,NaN,NaN,NaN,NaN,NaN,NaN,NaN,NaN,NaN,NaN,NaN,NaN,312.819270424089,0.97055967085791,31.5723484686633,11.3125429589127,9.65558615696218,2.45609637504033,0.0139710532979349,0.00443253831756549,2,1.00100967523534,2311.82020844591,2,19828.8571428571,1,1,1,1,2018-10-04T16:36:40.367,20181004_ecoli_ARA_M6_2K,-0,-0,155.025,DIA_100X_EMPTY_1x1_200ms,,,
61,16,11.2914145805773,181,-49.9819915936994,1435.98342541436,207.944751381215,NaN,NaN,NaN,NaN,NaN,NaN,NaN,NaN,NaN,NaN,NaN,NaN,NaN,NaN,NaN,190.1455012029,0.999844648611662,16.2072268856936,15.1014869749555,11.1991972029617,4.23903381467431,0.0069974780634835,0.00391100455442642,0,1.00026695240607,1596.51269900014,1,20052.1712707182,1,1,1,1,2018-10-04T16:36:40.367,20181004_ecoli_ARA_M6_2K,-0,-0,155.025,DIA_100X_EMPTY_1x1_200ms,,,
62,17,10.1003529680749,172,-49.8357362122903,1444.70930232558,185.238372093023,NaN,NaN,NaN,NaN,NaN,NaN,NaN,NaN,NaN,NaN,NaN,NaN,NaN,NaN,NaN,188.648456222557,0.999820659661354,17.3085238507702,13.8625937152249,10.4360146593109,3.67008518655522,0.0263181117934655,0.0136648381629904,0,1.00385315793218,1480.53702689199,2,22227.8430232558,1,1,1,1,2018-10-04T16:36:40.367,20181004_ecoli_ARA_M6_2K,-0,-0,155.025,DIA_100X_EMPTY_1x1_200ms,,,
63,16,9.47705038574388,152,-49.9750415419071,1455.74342105263,178.026315789474,NaN,NaN,NaN,NaN,NaN,NaN,NaN,NaN,NaN,NaN,NaN,NaN,NaN,NaN,NaN,168.279184595056,0.999831257688455,15.6450380768595,13.744475315671,10.1926308281947,3.91480896100155,0.000378051340787025,0.000174588864668729,1,1.00000039123854,1276.5537184084,1,20942.5394736842,1,1,1,1,2018-10-04T16:36:40.367,20181004_ecoli_ARA_M6_2K,-0,-0,155.025,DIA_100X_EMPTY_1x1_200ms,,,
64,21,13.1489240971753,277,-18.8308516947176,1468.89530685921,1910.87364620939,NaN,NaN,NaN,NaN,NaN,NaN,NaN,NaN,NaN,NaN,NaN,NaN,NaN,NaN,NaN,228.526367960021,0.999795631692899,18.814889130389,15.064189486697,11.455020996375,4.2535527842988,0.00870427881340654,0.00444003414356556,0,1.00047814331515,1939.02462272726,0,17588.9494584838,1,1,1,1,2018-10-04T16:36:40.367,20181004_ecoli_ARA_M6_2K,-0,-0,155.025,DIA_100X_EMPTY_1x1_200ms,,,
65,30,10.2103730598967,307,44.8186328560939,1497.12052117264,467.114006514658,NaN,NaN,NaN,NaN,NaN,NaN,NaN,NaN,NaN,NaN,NaN,NaN,NaN,NaN,NaN,313.353180295973,0.966489743243061,31.2908407859831,11.9493755296097,9.65925471155325,2.75135415857277,0.0144282421428609,0.00648152566091032,1,1.00267534384802,2292.94876673918,1,21318.4625407166,1,1,1,1,2018-10-04T16:36:40.367,20181004_ecoli_ARA_M6_2K,-0,-0,155.025,DIA_100X_EMPTY_1x1_200ms,,,
66,23,9.48266967978807,218,43.3893157199892,1504.22018348624,456.811926605505,NaN,NaN,NaN,NaN,NaN,NaN,NaN,NaN,NaN,NaN,NaN,NaN,NaN,NaN,NaN,229.811872970143,0.980966856313648,23.87647161033,12.3797247993347,9.18903462461476,3.083125614452,0.0186290416918577,0.00370730730636365,1,1.00033411816614,1583.43341597088,3,22622.747706422,1,1,1,1,2018-10-04T16:36:40.367,20181004_ecoli_ARA_M6_2K,-0,-0,155.025,DIA_100X_EMPTY_1x1_200ms,,,
67,20,10.3830486505543,209,-0.481076844249395,1507.91387559809,442.875598086124,NaN,NaN,NaN,NaN,NaN,NaN,NaN,NaN,NaN,NaN,NaN,NaN,NaN,NaN,NaN,217.192472847365,0.998462997313767,21.2568921923926,12.1313407064239,9.70380270394306,3.2963292332241,0.0160668655537528,0.00822407050184999,1,1.00218831777081,1572.07610712371,2,21028.7846889952,1,1,1,1,2018-10-04T16:36:40.367,20181004_ecoli_ARA_M6_2K,-0,-0,155.025,DIA_100X_EMPTY_1x1_200ms,,,
68,31,9.175401443273,286,37.4847288659863,1530.37062937063,469.965034965035,NaN,NaN,NaN,NaN,NaN,NaN,NaN,NaN,NaN,NaN,NaN,NaN,NaN,NaN,NaN,314.341894991503,0.896201716717018,33.4087507982343,11.4770135788251,9.16064217394519,2.44444562595655,0.0258403219001538,0.0147837942804173,1,1.01683283070839,2201.92213462681,2,22732.2272727273,1,1,1,1,2018-10-04T16:36:40.367,20181004_ecoli_ARA_M6_2K,-0,-0,155.025,DIA_100X_EMPTY_1x1_200ms,,,
69,19,8.69267134195012,166,-33.1955718712253,1523.24096385542,456.632530120482,NaN,NaN,NaN,NaN,NaN,NaN,NaN,NaN,NaN,NaN,NaN,NaN,NaN,NaN,NaN,182.944521715632,0.999686534867072,19.2393878108206,11.4435143571506,9.14451579034817,3.00563698070218,0.00682749790116335,0.00407188452879871,0,1.00039933300095,1263.57946263426,3,22149.3915662651,1,1,1,1,2018-10-04T16:36:40.367,20181004_ecoli_ARA_M6_2K,-0,-0,155.025,DIA_100X_EMPTY_1x1_200ms,,,
70,24,8.70256002554591,210,25.6001938846391,1528.55714285714,485.695238095238,NaN,NaN,NaN,NaN,NaN,NaN,NaN,NaN,NaN,NaN,NaN,NaN,NaN,NaN,NaN,246.671982185998,0.974341428604484,26.2700713290084,11.1396877918979,9.1344009586437,2.48465738601445,0.00733767158951917,0.00493604317680823,0,1.00100322216305,1721.51684190366,2,22194.9,1,1,1,1,2018-10-04T16:36:40.367,20181004_ecoli_ARA_M6_2K,-0,-0,155.025,DIA_100X_EMPTY_1x1_200ms,,,
71,20,9.79222878493535,196,10.4930106279984,1534.80612244898,495.831632653061,NaN,NaN,NaN,NaN,NaN,NaN,NaN,NaN,NaN,NaN,NaN,NaN,NaN,NaN,NaN,203.279726846856,0.999807342364313,19.7643216248722,12.8474995958033,9.928166955844,3.34223838596886,0.0116153160974496,0.00629979049888251,0,1.00105439225479,1530.06519975789,1,21264.8673469388,1,1,1,1,2018-10-04T16:36:40.367,20181004_ecoli_ARA_M6_2K,-0,-0,155.025,DIA_100X_EMPTY_1x1_200ms,,,
72,25,10.3252375949754,258,46.3480081436015,1553.11627906977,710.503875968992,NaN,NaN,NaN,NaN,NaN,NaN,NaN,NaN,NaN,NaN,NaN,NaN,NaN,NaN,NaN,247.043699892707,0.995569489097023,24.1104375662946,12.1505988709822,9.90722823916033,3.02266021194155,0.0124165511717208,0.00626225641389888,0,1.00157212680559,1858.65724980403,0,20033.1162790698,1,1,1,1,2018-10-04T16:36:40.367,20181004_ecoli_ARA_M6_2K,-0,-0,155.025,DIA_100X_EMPTY_1x1_200ms,,,
73,28,10.2625208566109,288,38.7095168434337,1563.32291666667,321.996527777778,NaN,NaN,NaN,NaN,NaN,NaN,NaN,NaN,NaN,NaN,NaN,NaN,NaN,NaN,NaN,285.603881622126,0.980545211714328,28.6127352477085,11.7572024146867,9.71345256984622,2.71276587973426,0.0119429015436807,0.00604527331215729,1,1.00052629957761,2120.29605600138,2,21094.7534722222,1,1,1,1,2018-10-04T16:36:40.367,20181004_ecoli_ARA_M6_2K,-0,-0,155.025,DIA_100X_EMPTY_1x1_200ms,,,
74,24,10.500250268255,252,45.5382102561959,1560.71428571429,574.27380952381,NaN,NaN,NaN,NaN,NaN,NaN,NaN,NaN,NaN,NaN,NaN,NaN,NaN,NaN,NaN,239.197398079543,0.997695091104368,23.3117828761154,12.1523262748689,9.7620696151366,3.26298654843554,0.025682141473958,0.00234076004012582,1,1.00007092072768,1744.81413778781,0,19272.2341269841,1,1,1,1,2018-10-04T16:36:40.367,20181004_ecoli_ARA_M6_2K,-0,-0,155.025,DIA_100X_EMPTY_1x1_200ms,,,
75,30,10.799753451845,324,46.9005545575176,1567.5462962963,335.552469135802,NaN,NaN,NaN,NaN,NaN,NaN,NaN,NaN,NaN,NaN,NaN,NaN,NaN,NaN,NaN,315.094605936751,0.973103898049428,30.7553293588524,12.2374280896951,9.99709786150922,2.58160322826979,0.0095481016657468,0.00428297787648429,1,1.00124843982348,2414.11608925164,2,21319.5092592593,1,1,1,1,2018-10-04T16:36:40.367,20181004_ecoli_ARA_M6_2K,-0,-0,155.025,DIA_100X_EMPTY_1x1_200ms,,,
76,22,9.50000266061855,210,22.7150712888383,1576.27619047619,348.685714285714,NaN,NaN,NaN,NaN,NaN,NaN,NaN,NaN,NaN,NaN,NaN,NaN,NaN,NaN,NaN,225.210035886404,0.99684398362438,24.0240611983368,11.189495321548,9.00453848759632,2.83055390532875,0.00405657467110815,0.0015967114280317,2,1.00011876761826,1529.88654195676,1,22107.7619047619,1,1,1,1,2018-10-04T16:36:40.367,20181004_ecoli_ARA_M6_2K,-0,-0,155.025,DIA_100X_EMPTY_1x1_200ms,,,
77,18,8.97904531533088,163,-30.513684234387,1575.74846625767,307.693251533742,NaN,NaN,NaN,NaN,NaN,NaN,NaN,NaN,NaN,NaN,NaN,NaN,NaN,NaN,NaN,189.484794437447,0.999468790299342,19.3814187840727,11.8960384674748,9.25949599447454,3.27802781224988,0.0111523346932339,0.00607368697808118,1,1.00090833894783,1305.11909359626,2,21547.0736196319,1,1,1,1,2018-10-04T16:36:40.367,20181004_ecoli_ARA_M6_2K,-0,-0,155.025,DIA_100X_EMPTY_1x1_200ms,,,
78,26,8.9216585980096,232,38.2534333010245,1588.83620689655,314.814655172414,NaN,NaN,NaN,NaN,NaN,NaN,NaN,NaN,NaN,NaN,NaN,NaN,NaN,NaN,NaN,254.135499860852,0.973404614451823,26.5539699573847,11.7551006139988,9.28225392276602,2.65533856741745,0.0140704595879801,0.00516189178893046,1,1.00076915112461,1796.90960575732,1,21821.5862068966,1,1,1,1,2018-10-04T16:36:40.367,20181004_ecoli_ARA_M6_2K,-0,-0,155.025,DIA_100X_EMPTY_1x1_200ms,,,
79,27,10.3497824398323,280,46.9565267951655,1771.27142857143,108.35,NaN,NaN,NaN,NaN,NaN,NaN,NaN,NaN,NaN,NaN,NaN,NaN,NaN,NaN,NaN,275.679016619572,0.981915275120297,26.9290058279004,12.2690607553128,9.8605620411425,2.84994711296192,0.00697177027607934,0.0039722703184978,1,1.00020342858907,2056.42815654366,1,20518.9035714286,1,1,1,1,2018-10-04T16:36:40.367,20181004_ecoli_ARA_M6_2K,-0,-0,155.025,DIA_100X_EMPTY_1x1_200ms,,,
80,26,10.0396901166737,261,47.1216938568817,1787.92337164751,107.386973180077,NaN,NaN,NaN,NaN,NaN,NaN,NaN,NaN,NaN,NaN,NaN,NaN,NaN,NaN,NaN,257.925555059807,0.998641111997889,26.0601298431282,12.487258019344,9.54686626312759,3.11653817595484,0.00191482729528939,0.000742058904274096,1,1.00002516675308,1865.46942010464,2,21306.0076628353,1,1,1,1,2018-10-04T16:36:40.367,20181004_ecoli_ARA_M6_2K,-0,-0,155.025,DIA_100X_EMPTY_1x1_200ms,,,
81,21,10.3264607743583,217,5.88305313720165,1794.44700460829,43.7557603686636,NaN,NaN,NaN,NaN,NaN,NaN,NaN,NaN,NaN,NaN,NaN,NaN,NaN,NaN,NaN,217.861278820557,0.999658136940244,21.2212061588147,12.3683839523935,9.90463704669208,3.15138778058211,0.00756752216619125,0.00376205887537574,1,1.00043115975926,1635.07273573785,0,20312.0046082949,1,1,1,1,2018-10-04T16:36:40.367,20181004_ecoli_ARA_M6_2K,-0,-0,155.025,DIA_100X_EMPTY_1x1_200ms,,,
82,18,8.05245008696413,145,-37.7283684096561,1803.48275862069,108.213793103448,NaN,NaN,NaN,NaN,NaN,NaN,NaN,NaN,NaN,NaN,NaN,NaN,NaN,NaN,NaN,174.793254389363,0.99977550713614,18.554405591766,11.8615655128774,8.99184957968667,3.22580036242147,0.00131411110143588,0.000687565383185346,1,1.00000884303797,1178.24334000398,2,22037.5724137931,1,1,1,1,2018-10-04T16:36:40.367,20181004_ecoli_ARA_M6_2K,-0,-0,155.025,DIA_100X_EMPTY_1x1_200ms,,,
83,16,10.9978185383044,176,-49.9836697972048,1806,95.7613636363636,NaN,NaN,NaN,NaN,NaN,NaN,NaN,NaN,NaN,NaN,NaN,NaN,NaN,NaN,NaN,180.145780688212,0.999874806157116,15.5136434565839,14.8718217776805,10.6904452620564,4.53701416794547,0.00490566376459786,0.00124555565281865,1,1.00002128546236,1392.50023036942,1,20695.5909090909,1,1,1,1,2018-10-04T16:36:40.367,20181004_ecoli_ARA_M6_2K,-0,-0,155.025,DIA_100X_EMPTY_1x1_200ms,,,
84,23,9.96332861693161,229,38.189506915779,1869.73362445415,1694.90829694323,NaN,NaN,NaN,NaN,NaN,NaN,NaN,NaN,NaN,NaN,NaN,NaN,NaN,NaN,NaN,218.280752737701,0.999597042937526,22.340125651022,11.5710604388042,9.47733073585627,2.94114042149038,0.00127352866357054,0.000454670872215886,1,1.00000503463808,1575.96862178406,1,21453.9344978166,1,1,1,1,2018-10-04T16:36:40.367,20181004_ecoli_ARA_M6_2K,-0,-0,155.025,DIA_100X_EMPTY_1x1_200ms,,,
85,20,11.6088540143636,233,-33.1891308382453,1888.67811158798,1701.65665236051,NaN,NaN,NaN,NaN,NaN,NaN,NaN,NaN,NaN,NaN,NaN,NaN,NaN,NaN,NaN,207.965538286164,0.999747041443567,19.2348775120356,13.4280782904677,10.285333820849,3.63146528111402,0.0097495301860455,0.00423249543442506,1,1.00027162715556,1598.14466691688,1,21190.5793991416,1,1,1,1,2018-10-04T16:36:40.367,20181004_ecoli_ARA_M6_2K,-0,-0,155.025,DIA_100X_EMPTY_1x1_200ms,,,
86,22,10.2841861452151,226,33.3978116789639,1895.07079646018,335.367256637168,NaN,NaN,NaN,NaN,NaN,NaN,NaN,NaN,NaN,NaN,NaN,NaN,NaN,NaN,NaN,222.907277728439,0.999753626892703,21.2044295978696,12.5061382362714,9.9757568418202,3.40121560113965,0.0139322216432572,0.00691220949756082,1,1.00149088188943,1657.32692185857,1,19933.9336283186,1,1,1,1,2018-10-04T16:36:40.367,20181004_ecoli_ARA_M6_2K,-0,-0,155.025,DIA_100X_EMPTY_1x1_200ms,,,
87,17,12.2563377032703,210,-49.2429355840765,1906.49047619048,345.666666666667,NaN,NaN,NaN,NaN,NaN,NaN,NaN,NaN,NaN,NaN,NaN,NaN,NaN,NaN,NaN,210.037848376738,0.99980742739229,17.49892808593,14.89174941171,11.2743212124708,4.19784556892911,0.0274793111684483,0.0153220195201334,0,1.00493018781166,1746.95667982723,1,19997.8714285714,1,1,1,1,2018-10-04T16:36:40.367,20181004_ecoli_ARA_M6_2K,-0,-0,155.025,DIA_100X_EMPTY_1x1_200ms,,,
88,31,11.2823062276875,350,48.7095603394502,1917.49428571429,181.091428571429,NaN,NaN,NaN,NaN,NaN,NaN,NaN,NaN,NaN,NaN,NaN,NaN,NaN,NaN,NaN,316.10596827269,0.986767801300008,29.9789041948809,12.1524223996773,10.1996322849786,2.84806069907954,0.0102462356616247,0.00432523334138103,1,1.00120829651819,2449.48432998318,0,19689.6142857143,1,1,1,1,2018-10-04T16:36:40.367,20181004_ecoli_ARA_M6_2K,-0,-0,155.025,DIA_100X_EMPTY_1x1_200ms,,,
89,28,11.204357825562,314,47.2902264963295,1924.24522292994,813.808917197452,NaN,NaN,NaN,NaN,NaN,NaN,NaN,NaN,NaN,NaN,NaN,NaN,NaN,NaN,NaN,294.163794963629,0.992058323409606,28.3463706824665,11.970522816444,9.97104027510002,2.97485476336855,0.157213448797068,0.00847534687561298,0,1.00173466395933,2213.44270297791,0,20235.2165605096,1,1,1,1,2018-10-04T16:36:40.367,20181004_ecoli_ARA_M6_2K,-0,-0,155.025,DIA_100X_EMPTY_1x1_200ms,,,
90,19,10.954855640524,209,-46.2131683249644,1924.13875598086,1580.24401913876,NaN,NaN,NaN,NaN,NaN,NaN,NaN,NaN,NaN,NaN,NaN,NaN,NaN,NaN,NaN,196.944303524309,0.999878314901498,18.5975147132565,13.2775330397406,10.1021964787141,3.65980170202155,0.00448301783134326,0.00250455509231636,0,1.00014682369975,1490.65250461667,0,20790.3732057416,1,1,1,1,2018-10-04T16:36:40.367,20181004_ecoli_ARA_M6_2K,-0,-0,155.025,DIA_100X_EMPTY_1x1_200ms,,,
91,31,11.1981490043545,348,48.1904679947668,1931.26149425287,493.681034482759,NaN,NaN,NaN,NaN,NaN,NaN,NaN,NaN,NaN,NaN,NaN,NaN,NaN,NaN,NaN,320.342254288027,0.976785398784551,30.8850032716678,12.0204534243329,10.1586037919978,2.53092304269556,0.0117377649907208,0.00503480305984935,1,1.00160396153414,2503.25779648264,0,19730.5632183908,1,1,1,1,2018-10-04T16:36:40.367,20181004_ecoli_ARA_M6_2K,-0,-0,155.025,DIA_100X_EMPTY_1x1_200ms,,,
92,37,10.7535852312423,398,49.2843787418804,1989.68592964824,454.251256281407,NaN,NaN,NaN,NaN,NaN,NaN,NaN,NaN,NaN,NaN,NaN,NaN,NaN,NaN,NaN,377.021229191672,0.931589748920091,37.1615839032719,11.8668264101774,9.93280581552826,2.37467786446592,0.0255061804130255,0.0102371579572459,2,1.0116199339029,2879.57230493591,1,20712.0577889447,1,1,1,1,2018-10-04T16:36:40.367,20181004_ecoli_ARA_M6_2K,-0,-0,155.025,DIA_100X_EMPTY_1x1_200ms,,,
93,31,9.52541216151194,296,45.8969119498411,2010.57432432432,465.851351351351,NaN,NaN,NaN,NaN,NaN,NaN,NaN,NaN,NaN,NaN,NaN,NaN,NaN,NaN,NaN,304.19308669809,0.969965263699715,32.0259071004247,11.1766940752898,9.23924245822936,2.37518334677576,0.015729192069026,0.00735038788258471,0,1.00328970223825,2147.15822576807,1,21581.3614864865,1,1,1,1,2018-10-04T16:36:40.367,20181004_ecoli_ARA_M6_2K,-0,-0,155.025,DIA_100X_EMPTY_1x1_200ms,,,
94,19,10.5440506336248,201,-31.4192301035367,2010.20895522388,1094.3184079602,NaN,NaN,NaN,NaN,NaN,NaN,NaN,NaN,NaN,NaN,NaN,NaN,NaN,NaN,NaN,190.477892509321,0.999749476956786,18.4216677453697,12.6677950144243,9.83313333034662,3.45000688353921,0.0122724464351843,0.00675947286212086,0,1.00105435423256,1398.95157736731,0,21076.5373134328,1,1,1,1,2018-10-04T16:36:40.367,20181004_ecoli_ARA_M6_2K,-0,-0,155.025,DIA_100X_EMPTY_1x1_200ms,,,
1,25,11.7105744358205,294,43.4602643077373,24.5578231292517,1755.04761904762,NaN,NaN,NaN,NaN,NaN,NaN,NaN,NaN,NaN,NaN,NaN,NaN,NaN,NaN,NaN,247.199606580641,0.995995787063397,23.7937249872532,12.1670390859138,9.94489344565147,3.14002502322836,0.0235887230954965,0.0126845827500267,0,1.00624433301269,1848.21541213244,0,20184.656462585,1,1,1,3,2018-10-04T16:36:45.155,20181004_ecoli_ARA_M6_2K,-1000,-0,155.025,DIA_100X_EMPTY_1x1_200ms,,,
2,22,11.5609409305443,255,8.39297170231413,189.360784313726,1652.1568627451,NaN,NaN,NaN,NaN,NaN,NaN,NaN,NaN,NaN,NaN,NaN,NaN,NaN,NaN,NaN,217.683115240773,0.999809329263829,21.0049064546331,12.7287109405108,9.88144738235433,3.47202452266452,0.000761065486512684,0.000328007566071953,1,1.00000252288438,1610.83759864131,0,20054.4470588235,1,1,1,3,2018-10-04T16:36:45.155,20181004_ecoli_ARA_M6_2K,-1000,-0,155.025,DIA_100X_EMPTY_1x1_200ms,,,
3,26,12.0483473843625,314,44.8023701624016,324.127388535032,254.945859872611,NaN,NaN,NaN,NaN,NaN,NaN,NaN,NaN,NaN,NaN,NaN,NaN,NaN,NaN,NaN,288.372455197665,0.999143361437863,26.2077001855177,12.8250282207851,10.6875234100941,3.12329239894513,0.00530325883214209,0.00269882622560725,1,1.00033677725793,2351.11001372607,0,18245.652866242,1,1,1,3,2018-10-04T16:36:45.155,20181004_ecoli_ARA_M6_2K,-1000,-0,155.025,DIA_100X_EMPTY_1x1_200ms,,,
4,20,10.2371554861698,205,-15.4262329057039,336.829268292683,1650.84390243902,NaN,NaN,NaN,NaN,NaN,NaN,NaN,NaN,NaN,NaN,NaN,NaN,NaN,NaN,NaN,195.162335458647,0.999864963047581,19.2828406870178,12.5860963452428,9.52027432565809,3.62048409553341,0.00806590715528629,0.00232048797629854,0,1.00011852866436,1372.65001754853,0,20899.5902439024,1,1,1,3,2018-10-04T16:36:45.155,20181004_ecoli_ARA_M6_2K,-1000,-0,155.025,DIA_100X_EMPTY_1x1_200ms,,,
5,24,10.6748029314925,257,39.2229591329744,366.805447470817,1658.41245136187,NaN,NaN,NaN,NaN,NaN,NaN,NaN,NaN,NaN,NaN,NaN,NaN,NaN,NaN,NaN,227.362821190908,0.999717231532528,22.3962297662445,12.1834153128051,9.85840973002005,3.00665222618652,0.00112026595838225,0.00051324877929278,1,1.00000326126186,1709.53707531254,0,20201.3035019455,1,1,1,3,2018-10-04T16:36:45.155,20181004_ecoli_ARA_M6_2K,-1000,-0,155.025,DIA_100X_EMPTY_1x1_200ms,,,
6,30,11.9797559420124,360,48.6236850434351,494.133333333333,1762.04722222222,NaN,NaN,NaN,NaN,NaN,NaN,NaN,NaN,NaN,NaN,NaN,NaN,NaN,NaN,NaN,300.227657555857,0.991747520239168,28.0058363447399,12.1716759745572,10.348048888003,2.98987653828246,0.00482282804164527,0.00227601137904505,1,1.00023519626233,2355.34956687589,0,19628.1611111111,1,1,1,3,2018-10-04T16:36:45.155,20181004_ecoli_ARA_M6_2K,-1000,-0,155.025,DIA_100X_EMPTY_1x1_200ms,,,
7,27,11.4131986134131,308,47.9689238561857,571.915584415584,2028.27597402597,NaN,NaN,NaN,NaN,NaN,NaN,NaN,NaN,NaN,NaN,NaN,NaN,NaN,NaN,NaN,258.467669750459,0.999660878219216,24.9022273347333,12.3491299635489,9.94322943323837,3.23649915931984,0.00243492833834723,0.00104793198217083,2,1.00004105178387,1933.6728346095,0,20650.3831168831,1,1,1,3,2018-10-04T16:36:45.155,20181004_ecoli_ARA_M6_2K,-1000,-0,155.025,DIA_100X_EMPTY_1x1_200ms,,,
8,30,14.6639478005081,440,4.61448293845823,908.740909090909,1882.84318181818,NaN,NaN,NaN,NaN,NaN,NaN,NaN,NaN,NaN,NaN,NaN,NaN,NaN,NaN,NaN,368.327043835523,0.882151434536734,29.6482541906275,16.4794720519848,11.7529858788806,3.38901516582307,0.0860228006697262,0.0308673568054775,2,1.06859523180999,3216.51392207611,0,20478.35,1,1,1,3,2018-10-04T16:36:45.155,20181004_ecoli_ARA_M6_2K,-1000,-0,155.025,DIA_100X_EMPTY_1x1_200ms,,,
9,22,10.6198418496126,234,2.3271276969539,926.068376068376,1038.96153846154,NaN,NaN,NaN,NaN,NaN,NaN,NaN,NaN,NaN,NaN,NaN,NaN,NaN,NaN,NaN,217.945235619382,0.999028227570031,21.8098907725639,12.0646881085515,9.52567291692356,3.19451595300294,0.00715250352577254,0.00311629718440439,1,1.00025337990603,1554.29948122589,0,19733.1666666667,1,1,1,3,2018-10-04T16:36:45.155,20181004_ecoli_ARA_M6_2K,-1000,-0,155.025,DIA_100X_EMPTY_1x1_200ms,,,
10,20,10.7595403356402,216,-12.6831578028247,1021.18518518519,1784.12962962963,NaN,NaN,NaN,NaN,NaN,NaN,NaN,NaN,NaN,NaN,NaN,NaN,NaN,NaN,NaN,197.463454048664,0.999797899975517,19.2719025572419,12.7127804476837,9.64346613623623,3.64301535836755,0.111692060758303,0.00614061357784008,1,1.00029073208482,1407.60497136308,0,20630.6435185185,1,1,1,3,2018-10-04T16:36:45.155,20181004_ecoli_ARA_M6_2K,-1000,-0,155.025,DIA_100X_EMPTY_1x1_200ms,,,
11,23,11.0817765132099,255,37.5863696868057,1024.5568627451,1850.59215686275,NaN,NaN,NaN,NaN,NaN,NaN,NaN,NaN,NaN,NaN,NaN,NaN,NaN,NaN,NaN,211.3714948173,0.999798947351728,20.1733852243569,12.7373485714623,9.83844310227986,3.63998761488368,0.00465045469461774,0.00263500997001053,0,1.00019323031643,1533.63291136427,0,20384.4274509804,1,1,1,3,2018-10-04T16:36:45.155,20181004_ecoli_ARA_M6_2K,-1000,-0,155.025,DIA_100X_EMPTY_1x1_200ms,,,
12,27,10.4966021895604,283,47.9270667154893,1041.14134275618,1053.98586572438,NaN,NaN,NaN,NaN,NaN,NaN,NaN,NaN,NaN,NaN,NaN,NaN,NaN,NaN,NaN,261.068658566566,0.993695005590137,25.6508993421698,11.9105488449447,9.84701930580748,2.82749060771102,0.00513494724451766,0.00267230843486339,1,1.00031647053364,1953.44890686015,0,19494.703180212,1,1,1,3,2018-10-04T16:36:45.155,20181004_ecoli_ARA_M6_2K,-1000,-0,155.025,DIA_100X_EMPTY_1x1_200ms,,,
13,24,10.1665619093112,244,43.8823416477276,1504.32786885246,893.143442622951,NaN,NaN,NaN,NaN,NaN,NaN,NaN,NaN,NaN,NaN,NaN,NaN,NaN,NaN,NaN,236.309893066933,0.999908256843889,22.9949173056896,12.1245899181946,9.6327002837397,3.51300619154307,0.0271808391863208,0.00329229579259235,0,1.00027140875408,1675.78318669875,0,19789.0901639344,1,1,1,3,2018-10-04T16:36:45.155,20181004_ecoli_ARA_M6_2K,-1000,-0,155.025,DIA_100X_EMPTY_1x1_200ms,,,
14,23,11.7185352866396,270,30.3206149760254,1795.6037037037,923.637037037037,NaN,NaN,NaN,NaN,NaN,NaN,NaN,NaN,NaN,NaN,NaN,NaN,NaN,NaN,NaN,243.001428821329,0.998993771079896,22.6824607681372,12.5728354233144,10.1423554099401,3.43632103747784,0.0334861014261185,0.00444449010229704,0,1.00049675753998,1832.55787803195,0,19549.1814814815,1,1,1,3,2018-10-04T16:36:45.155,20181004_ecoli_ARA_M6_2K,-1000,-0,155.025,DIA_100X_EMPTY_1x1_200ms,,,
1,22,11.0603662162322,244,-1.01246665204531,24.3852459016393,2038.91803278689,NaN,NaN,NaN,NaN,NaN,NaN,NaN,NaN,NaN,NaN,NaN,NaN,NaN,NaN,NaN,214.946720820663,0.999851763251842,19.9756815794457,13.205619387349,10.2854787035903,3.53160134082779,0.014120216293093,0.00780674006449555,0,1.00167014646461,1659.74170390382,0,21488.3483606557,1,1,1,10,2018-10-04T16:37:01.417,20181004_ecoli_ARA_M6_2K,-1500,866,155.025,DIA_100X_EMPTY_1x1_200ms,,,
2,25,12.1711287118632,305,41.9103553175764,26.0459016393443,2005.82295081967,NaN,NaN,NaN,NaN,NaN,NaN,NaN,NaN,NaN,NaN,NaN,NaN,NaN,NaN,NaN,252.132931193281,0.999785338678388,23.4535462667017,13.001290904217,10.2887788836034,3.48158972477779,0.00714941381389766,0.00326766054582642,1,1.00040263327393,1949.96164106168,0,20985.0196721311,1,1,1,10,2018-10-04T16:37:01.417,20181004_ecoli_ARA_M6_2K,-1500,866,155.025,DIA_100X_EMPTY_1x1_200ms,,,
3,22,11.5295456756827,254,27.593764174321,587.681102362205,1617.45669291339,NaN,NaN,NaN,NaN,NaN,NaN,NaN,NaN,NaN,NaN,NaN,NaN,NaN,NaN,NaN,213.04378094406,0.999686988845761,20.4083856874189,12.6595062237571,10.1214496847497,3.25360741473277,0.00533928086267425,0.00292266720305381,0,1.00023862706025,1642.04091976622,0,19650.8464566929,1,1,1,10,2018-10-04T16:37:01.417,20181004_ecoli_ARA_M6_2K,-1500,866,155.025,DIA_100X_EMPTY_1x1_200ms,,,
4,24,10.7117173306321,257,42.1969201886495,818.20233463035,1797.1439688716,NaN,NaN,NaN,NaN,NaN,NaN,NaN,NaN,NaN,NaN,NaN,NaN,NaN,NaN,NaN,227.164610230868,0.999621671313759,22.3056609791545,12.0889812300397,9.8624092767313,3.07062216296601,0.00392184474378371,0.00204257234970533,0,1.000144646058,1704.00561263806,0,20427.813229572,1,1,1,10,2018-10-04T16:37:01.417,20181004_ecoli_ARA_M6_2K,-1500,866,155.025,DIA_100X_EMPTY_1x1_200ms,,,
5,19,11.2062278871723,213,-44.700561322477,1056.74178403756,1791.85915492958,NaN,NaN,NaN,NaN,NaN,NaN,NaN,NaN,NaN,NaN,NaN,NaN,NaN,NaN,NaN,186.114899936733,0.999836289072448,17.0017380586695,13.7599237243483,10.057832616934,4.20929648400699,0.0182542362612319,0.00363291498191983,0,1.00020574725828,1350.80297912196,0,20083.882629108,1,1,1,10,2018-10-04T16:37:01.417,20181004_ecoli_ARA_M6_2K,-1500,866,155.025,DIA_100X_EMPTY_1x1_200ms,,,
6,20,10.6440699667557,213,-17.0218289790436,1057.91079812207,1299.92018779343,NaN,NaN,NaN,NaN,NaN,NaN,NaN,NaN,NaN,NaN,NaN,NaN,NaN,NaN,NaN,202.285165746577,0.999806761766324,19.45776449626,12.8676237315689,9.71320474214492,3.706025327626,0.0161956032819141,0.0084200469227102,0,1.00196334762317,1441.80959207664,0,19770.79342723,1,1,1,10,2018-10-04T16:37:01.417,20181004_ecoli_ARA_M6_2K,-1500,866,155.025,DIA_100X_EMPTY_1x1_200ms,,,
7,20,11.0261502906744,221,-21.5911833218524,1057.96832579186,966.330316742081,NaN,NaN,NaN,NaN,NaN,NaN,NaN,NaN,NaN,NaN,NaN,NaN,NaN,NaN,NaN,203.687349123598,0.999880006613321,19.850029445565,12.5670891384902,9.91954651795078,3.28075798998778,0.00204947240155525,0.000911853489032649,1,1.00001445158105,1534.03289853122,0,19651.9095022624,1,1,1,10,2018-10-04T16:37:01.417,20181004_ecoli_ARA_M6_2K,-1500,866,155.025,DIA_100X_EMPTY_1x1_200ms,,,
8,19,11.0494670308304,213,-46.8250366405354,1093.52112676056,180.830985915493,NaN,NaN,NaN,NaN,NaN,NaN,NaN,NaN,NaN,NaN,NaN,NaN,NaN,NaN,NaN,205.479705957983,0.999928742026798,19.9023559534345,12.744889462157,9.99892590511787,3.31628559866342,0.00168324841250855,0.000786856883867099,1,1.00001654842844,1562.79160992038,0,19189.3708920188,1,1,1,10,2018-10-04T16:37:01.417,20181004_ecoli_ARA_M6_2K,-1500,866,155.025,DIA_100X_EMPTY_1x1_200ms,,,
9,26,10.5923858993939,276,46.2308384827328,1124.51449275362,1368.83695652174,NaN,NaN,NaN,NaN,NaN,NaN,NaN,NaN,NaN,NaN,NaN,NaN,NaN,NaN,NaN,259.049351932523,0.98887787396108,25.4858127374847,12.0749984492307,9.80556990377185,2.8654311177424,0.00775976442477789,0.00404057577255479,1,1.00018582711819,1924.57149574733,0,19972.1557971014,1,1,1,10,2018-10-04T16:37:01.417,20181004_ecoli_ARA_M6_2K,-1500,866,155.025,DIA_100X_EMPTY_1x1_200ms,,,
10,25,10.8315846436518,272,43.474299134718,1150.94485294118,1244.76470588235,NaN,NaN,NaN,NaN,NaN,NaN,NaN,NaN,NaN,NaN,NaN,NaN,NaN,NaN,NaN,247.381439521024,0.987394336415903,24.4214634208955,11.6880848006109,9.73800095487652,2.90532456152041,0.0124127529582445,0.00614964089589477,1,1.00162788330989,1818.86803975373,0,19711.9007352941,1,1,1,10,2018-10-04T16:37:01.417,20181004_ecoli_ARA_M6_2K,-1500,866,155.025,DIA_100X_EMPTY_1x1_200ms,,,
11,22,10.5852168395598,233,28.4905728507021,1161.05150214592,1537.88412017167,NaN,NaN,NaN,NaN,NaN,NaN,NaN,NaN,NaN,NaN,NaN,NaN,NaN,NaN,NaN,214.221207156794,0.999891776602995,21.117772454539,12.2025839821986,9.52311347181342,3.49817811152353,0.00323317106699989,0.00148603188599274,1,1.00006966780475,1504.16647792067,0,19888.7467811159,1,1,1,10,2018-10-04T16:37:01.417,20181004_ecoli_ARA_M6_2K,-1500,866,155.025,DIA_100X_EMPTY_1x1_200ms,,,
12,20,12.0238196623056,242,-41.0684630370876,1163.5,1174.76033057851,NaN,NaN,NaN,NaN,NaN,NaN,NaN,NaN,NaN,NaN,NaN,NaN,NaN,NaN,NaN,215.769372460326,0.999920532296763,19.88434974294,13.5031801965613,10.2826989216216,3.78727100631903,0.00985939870973163,0.00526606897585945,0,1.00077278739634,1651.26020360186,0,19424.0289256198,1,1,1,10,2018-10-04T16:37:01.417,20181004_ecoli_ARA_M6_2K,-1500,866,155.025,DIA_100X_EMPTY_1x1_200ms,,,
13,21,10.4737804768501,220,11.8732744029142,1215.50909090909,876.231818181818,NaN,NaN,NaN,NaN,NaN,NaN,NaN,NaN,NaN,NaN,NaN,NaN,NaN,NaN,NaN,211.873698739573,0.999661993923502,20.4940153926738,12.5289519658625,9.89356463828408,3.33265468195176,0.0100121031679581,0.00446996749997457,1,1.00058141072962,1575.5149570296,0,19722.3,1,1,1,10,2018-10-04T16:37:01.417,20181004_ecoli_ARA_M6_2K,-1500,866,155.025,DIA_100X_EMPTY_1x1_200ms,,,
14,26,11.6239866005446,303,44.1872322362475,1260.09240924092,157.864686468647,NaN,NaN,NaN,NaN,NaN,NaN,NaN,NaN,NaN,NaN,NaN,NaN,NaN,NaN,NaN,283.627602180397,0.985624098157296,26.6152510495655,12.3407549911604,10.1582168073623,3.16917327431843,0.0142973910219858,0.00742581321831139,1,1.00271781238247,2157.02611900188,0,19459.399339934,1,1,1,10,2018-10-04T16:37:01.417,20181004_ecoli_ARA_M6_2K,-1500,866,155.025,DIA_100X_EMPTY_1x1_200ms,,,
15,31,10.5491375030891,327,48.5038324635547,1281.66055045872,1440.69113149847,NaN,NaN,NaN,NaN,NaN,NaN,NaN,NaN,NaN,NaN,NaN,NaN,NaN,NaN,NaN,294.669423175003,0.974842157027801,29.8470849612367,11.339843173912,9.50684159225541,2.68909023656464,0.0102756171804981,0.00504816448986085,0,1.00147614763018,2118.67488414973,0,19536.1131498471,1,1,1,10,2018-10-04T16:37:01.417,20181004_ecoli_ARA_M6_2K,-1500,866,155.025,DIA_100X_EMPTY_1x1_200ms,,,
16,22,9.40722071579741,207,39.4470234278799,1282.50724637681,694.768115942029,NaN,NaN,NaN,NaN,NaN,NaN,NaN,NaN,NaN,NaN,NaN,NaN,NaN,NaN,NaN,219.457508620255,0.998380222248034,22.3391151950897,11.4833149011186,9.33842815619875,3.14294443183443,0.0153340600881379,0.00613141174598002,0,1.00117052064382,1530.04221296617,2,20561.2415458937,1,1,1,10,2018-10-04T16:37:01.417,20181004_ecoli_ARA_M6_2K,-1500,866,155.025,DIA_100X_EMPTY_1x1_200ms,,,
17,30,9.03675778784678,272,48.4363226749146,1304.46691176471,684.025735294118,NaN,NaN,NaN,NaN,NaN,NaN,NaN,NaN,NaN,NaN,NaN,NaN,NaN,NaN,NaN,291.025793349213,0.970730173892616,30.4609642420976,11.0433711740197,9.24923771319703,2.50572444275432,0.00918615147477952,0.0040947730575259,1,1.00064331891414,2046.65862885403,2,20838.1691176471,1,1,1,10,2018-10-04T16:37:01.417,20181004_ecoli_ARA_M6_2K,-1500,866,155.025,DIA_100X_EMPTY_1x1_200ms,,,
18,31,11.6341659326319,363,41.318240404575,1305.93939393939,696.534435261708,NaN,NaN,NaN,NaN,NaN,NaN,NaN,NaN,NaN,NaN,NaN,NaN,NaN,NaN,NaN,321.113803963649,0.98820427784735,30.7425620739943,12.1479445977005,10.0467988365129,2.9936347641973,0.0316202566266301,0.0054775335880984,1,1.00043387221099,2437.16736037754,2,19481.435261708,1,1,1,10,2018-10-04T16:37:01.417,20181004_ecoli_ARA_M6_2K,-1500,866,155.025,DIA_100X_EMPTY_1x1_200ms,,,
19,21,10.4139937475048,219,31.2886782729843,1317.08219178082,88.0639269406393,NaN,NaN,NaN,NaN,NaN,NaN,NaN,NaN,NaN,NaN,NaN,NaN,NaN,NaN,NaN,225.070131025111,0.99893419006879,21.0868964498435,12.4619635126518,10.2357151258089,3.23186212222252,0.00455476439985047,0.00187997253528126,1,1.00010478900367,1735.15760270748,1,19810.2328767123,1,1,1,10,2018-10-04T16:37:01.417,20181004_ecoli_ARA_M6_2K,-1500,866,155.025,DIA_100X_EMPTY_1x1_200ms,,,
20,25,11.3859736901332,286,37.1421389782218,1326.95804195804,78.7727272727273,NaN,NaN,NaN,NaN,NaN,NaN,NaN,NaN,NaN,NaN,NaN,NaN,NaN,NaN,NaN,280.799092204675,0.993488772341682,25.8099482317362,12.388403187873,10.4463963490751,3.07268156390156,0.00748898981343391,0.00325570597713731,1,1.00018713193802,2212.12678217748,1,19678.1993006993,1,1,1,10,2018-10-04T16:37:01.417,20181004_ecoli_ARA_M6_2K,-1500,866,155.025,DIA_100X_EMPTY_1x1_200ms,,,
21,26,10.4960042811383,273,47.2351557714194,1367.56776556777,1055.336996337,NaN,NaN,NaN,NaN,NaN,NaN,NaN,NaN,NaN,NaN,NaN,NaN,NaN,NaN,NaN,260.374621897043,0.989831372056885,25.6909287950951,11.6113026797985,9.82149923411182,2.82902984502949,0.00295705254110384,0.00145133502390697,1,1.00003287213021,1946.36936800404,0,19612.2271062271,1,1,1,10,2018-10-04T16:37:01.417,20181004_ecoli_ARA_M6_2K,-1500,866,155.025,DIA_100X_EMPTY_1x1_200ms,,,
22,20,11.2295582309566,225,-29.8440453788608,1405.68444444444,232.293333333333,NaN,NaN,NaN,NaN,NaN,NaN,NaN,NaN,NaN,NaN,NaN,NaN,NaN,NaN,NaN,214.49650862906,0.999919925303493,20.3312949736558,12.7783017894302,10.204405848759,3.32417195149613,0.00445836294159031,0.0025269429112134,0,1.0001752594383,1662.76306397583,0,19905.5377777778,1,1,1,10,2018-10-04T16:37:01.417,20181004_ecoli_ARA_M6_2K,-1500,866,155.025,DIA_100X_EMPTY_1x1_200ms,,,
23,24,11.1137314926442,267,43.9824031336987,1428.08988764045,1037.60674157303,NaN,NaN,NaN,NaN,NaN,NaN,NaN,NaN,NaN,NaN,NaN,NaN,NaN,NaN,NaN,239.60458872667,0.999334109113774,22.1954631147199,12.6399250766182,10.4364822884948,3.20778940763105,0.0125734879014191,0.0062297112971692,1,1.00129697967445,1898.72633197997,0,19274.2584269663,1,1,1,10,2018-10-04T16:37:01.417,20181004_ecoli_ARA_M6_2K,-1500,866,155.025,DIA_100X_EMPTY_1x1_200ms,,,
24,25,10.2022950853121,256,44.2382840368992,1457.80859375,639.80078125,NaN,NaN,NaN,NaN,NaN,NaN,NaN,NaN,NaN,NaN,NaN,NaN,NaN,NaN,NaN,253.799357219402,0.987928990082799,25.3581466935625,11.599620836863,9.74396751280938,2.64956780703167,0.00289648647516887,0.00142610071330946,1,1.00002107771073,1890.94564747345,0,19408.66015625,1,1,1,10,2018-10-04T16:37:01.417,20181004_ecoli_ARA_M6_2K,-1500,866,155.025,DIA_100X_EMPTY_1x1_200ms,,,
25,20,10.2255133253861,205,-28.1162557786056,1554.72195121951,117.239024390244,NaN,NaN,NaN,NaN,NaN,NaN,NaN,NaN,NaN,NaN,NaN,NaN,NaN,NaN,NaN,204.368943268063,0.999780831178385,20.106364977192,12.3769469378843,9.73687331099453,3.33578010057121,0.00474176809788515,0.00222967927826369,1,1.00014303850234,1497.14023417814,0,20117.2487804878,1,1,1,10,2018-10-04T16:37:01.417,20181004_ecoli_ARA_M6_2K,-1500,866,155.025,DIA_100X_EMPTY_1x1_200ms,,,
26,42,11.1954971338689,470,19.9896542711297,1675.72553191489,1234.70638297872,NaN,NaN,NaN,NaN,NaN,NaN,NaN,NaN,NaN,NaN,NaN,NaN,NaN,NaN,NaN,412.533013453603,0.848359190893752,41.4386079156524,12.491291735648,9.73388189852857,2.75924132556958,0.0296591159799464,0.0132941202140316,1,1.01367066986629,3083.66494646217,0,19948.3659574468,1,1,1,10,2018-10-04T16:37:01.417,20181004_ecoli_ARA_M6_2K,-1500,866,155.025,DIA_100X_EMPTY_1x1_200ms,,,
27,22,10.7385901985327,237,-2.43427362351722,1777.26160337553,61.2236286919831,NaN,NaN,NaN,NaN,NaN,NaN,NaN,NaN,NaN,NaN,NaN,NaN,NaN,NaN,NaN,233.73540511882,0.999824612129876,22.0325044404194,12.7916501234176,10.152597652666,3.4318607818454,0.0035279806429837,0.00216803198887828,0,1.00014923867155,1783.64367686408,2,19754.7552742616,1,1,1,10,2018-10-04T16:37:01.417,20181004_ecoli_ARA_M6_2K,-1500,866,155.025,DIA_100X_EMPTY_1x1_200ms,,,
28,20,8.51194965050429,171,19.7939039853919,1790.68421052632,45.8070175438597,NaN,NaN,NaN,NaN,NaN,NaN,NaN,NaN,NaN,NaN,NaN,NaN,NaN,NaN,NaN,193.683844211044,0.999164513957926,20.9219274411557,11.02265041002,8.84252720775618,2.93082242073508,0.0125912283127393,0.00675731389971818,0,1.00137822219591,1284.82619532737,1,21095.0116959064,1,1,1,10,2018-10-04T16:37:01.417,20181004_ecoli_ARA_M6_2K,-1500,866,155.025,DIA_100X_EMPTY_1x1_200ms,,,
29,29,9.45161978481606,275,47.7756630085092,1797.07636363636,67.9054545454545,NaN,NaN,NaN,NaN,NaN,NaN,NaN,NaN,NaN,NaN,NaN,NaN,NaN,NaN,NaN,286.715066968516,0.993403023199012,30.3328097506799,10.8335262477224,9.09369724609708,2.62315884939256,0.0025697246087009,0.00106365221741092,1,1.00005653227437,1970.07838038816,1,20481.3163636364,1,1,1,10,2018-10-04T16:37:01.417,20181004_ecoli_ARA_M6_2K,-1500,866,155.025,DIA_100X_EMPTY_1x1_200ms,,,
30,44,12.9690649315889,571,38.2273763276667,1913.47460595447,1130.2469352014,NaN,NaN,NaN,NaN,NaN,NaN,NaN,NaN,NaN,NaN,NaN,NaN,NaN,NaN,NaN,488.130501128333,0.835609655019383,44.4054813495429,16.0519289034677,10.777861874631,3.14041282840804,0.0218918874408097,0.00633895384163552,5,1.00497210821972,4051.27468752468,0,21125.3625218914,1,1,1,10,2018-10-04T16:37:01.417,20181004_ecoli_ARA_M6_2K,-1500,866,155.025,DIA_100X_EMPTY_1x1_200ms,,,
31,20,10.4444392660155,215,-22.5205882209664,1910.00465116279,457.116279069767,NaN,NaN,NaN,NaN,NaN,NaN,NaN,NaN,NaN,NaN,NaN,NaN,NaN,NaN,NaN,206.552420910269,0.99989410917944,20.1603189858536,12.5554982984874,9.83690343804227,3.35485785653865,0.00404068684883993,0.00212543874064343,1,1.000124627842,1532.15991970595,0,20540.3023255814,1,1,1,10,2018-10-04T16:37:01.417,20181004_ecoli_ARA_M6_2K,-1500,866,155.025,DIA_100X_EMPTY_1x1_200ms,,,
32,20,11.4432729019815,230,-26.9900906577848,1927.64347826087,1019.65217391304,NaN,NaN,NaN,NaN,NaN,NaN,NaN,NaN,NaN,NaN,NaN,NaN,NaN,NaN,NaN,213.036716398284,0.999913421683733,20.1910409997912,12.9089590538803,10.1620430999644,3.3924515666545,0.00475050159664701,0.002212245502003,1,1.00006998524842,1637.61066154143,0,20930.2304347826,1,1,1,10,2018-10-04T16:37:01.417,20181004_ecoli_ARA_M6_2K,-1500,866,155.025,DIA_100X_EMPTY_1x1_200ms,,,
33,16,11.3651845784318,184,-49.7970532045419,1940.45108695652,706.125,NaN,NaN,NaN,NaN,NaN,NaN,NaN,NaN,NaN,NaN,NaN,NaN,NaN,NaN,NaN,187.094515215854,0.999792549240654,16.5235733266754,14.2035582335759,10.582431538725,3.96702815914329,0.0369642062331266,0.0200819712670413,0,1.00768689686923,1453.33184079887,2,20975.3315217391,1,1,1,10,2018-10-04T16:37:01.417,20181004_ecoli_ARA_M6_2K,-1500,866,155.025,DIA_100X_EMPTY_1x1_200ms,,,
34,20,9.86911824130598,197,-33.7029913849078,1945.15736040609,693.005076142132,NaN,NaN,NaN,NaN,NaN,NaN,NaN,NaN,NaN,NaN,NaN,NaN,NaN,NaN,NaN,209.572992132813,0.99967975009657,20.3982701078981,12.4037968665843,9.76839297208767,3.37217505282838,0.00373242699127929,0.00181670049874674,1,1.0000432539776,1528.72534064199,3,20776.0456852792,1,1,1,10,2018-10-04T16:37:01.417,20181004_ecoli_ARA_M6_2K,-1500,866,155.025,DIA_100X_EMPTY_1x1_200ms,,,
35,32,9.71746355931836,311,48.7045825103892,1951.44372990354,678.971061093248,NaN,NaN,NaN,NaN,NaN,NaN,NaN,NaN,NaN,NaN,NaN,NaN,NaN,NaN,NaN,318.217178811377,0.929801939474633,32.5349310728966,11.5629304543899,9.533736577085,2.3426936622819,0.0281351492743558,0.0122560326012973,1,1.01065538928262,2322.55532621197,1,22214.8713826367,1,1,1,10,2018-10-04T16:37:01.417,20181004_ecoli_ARA_M6_2K,-1500,866,155.025,DIA_100X_EMPTY_1x1_200ms,,,
36,19,12.7617419648774,250,-49.4048494742803,1949.332,10.124,NaN,NaN,NaN,NaN,NaN,NaN,NaN,NaN,NaN,NaN,NaN,NaN,NaN,NaN,NaN,NaN,NaN,NaN,NaN,NaN,NaN,NaN,NaN,NaN,NaN,NaN,0,18832.38,1,1,1,10,2018-10-04T16:37:01.417,20181004_ecoli_ARA_M6_2K,-1500,866,155.025,DIA_100X_EMPTY_1x1_200ms,,,
37,13,7.93424248122935,104,-49.9995535957604,1958.64423076923,703.538461538462,NaN,NaN,NaN,NaN,NaN,NaN,NaN,NaN,NaN,NaN,NaN,NaN,NaN,NaN,NaN,142.067397028774,0.999760723640809,14.3782287804144,12.4309152948529,9.3783147262627,3.47933116042722,0.00933252276191819,0.00491330308040468,0,1.00033086638398,993.218676012343,2,23687.4230769231,1,1,1,10,2018-10-04T16:37:01.417,20181004_ecoli_ARA_M6_2K,-1500,866,155.025,DIA_100X_EMPTY_1x1_200ms,,,
38,24,10.7503868118144,258,43.610240121332,1966.9496124031,408.906976744186,NaN,NaN,NaN,NaN,NaN,NaN,NaN,NaN,NaN,NaN,NaN,NaN,NaN,NaN,NaN,246.276743101106,0.999290642878617,23.6145686137774,12.297098744474,10.0520803204251,3.15212087822775,0.00466664911221752,0.00228056205759704,1,1.0002146388951,1874.05269373896,0,20174.6007751938,1,1,1,10,2018-10-04T16:37:01.417,20181004_ecoli_ARA_M6_2K,-1500,866,155.025,DIA_100X_EMPTY_1x1_200ms,,,
39,22,12.0197068554867,265,7.47637651186157,2003.38490566038,235.192452830189,NaN,NaN,NaN,NaN,NaN,NaN,NaN,NaN,NaN,NaN,NaN,NaN,NaN,NaN,NaN,238.362107854341,0.999804151879893,21.3576971693068,13.5251870282256,10.5811269135277,3.78113187001824,0.0049416588781288,0.00236830612658017,1,1.0001665793366,1878.05433407439,0,19463.2528301887,1,1,1,10,2018-10-04T16:37:01.417,20181004_ecoli_ARA_M6_2K,-1500,866,155.025,DIA_100X_EMPTY_1x1_200ms,,,
1,32,11.7868044596917,377,-49.9999762267556,150.535809018568,1869.91777188329,NaN,NaN,NaN,NaN,NaN,NaN,NaN,NaN,NaN,NaN,NaN,NaN,NaN,NaN,NaN,374.812747593997,0.646702943944152,48.5264721519793,12.5931481958328,7.38700329992831,2.97587595729101,0.141892281654279,0.0633408628554549,0,2.01598434524115,2079.72152572703,0,28360.8063660477,1,1,1,11,2018-10-04T16:37:03.711,20181004_ecoli_ARA_M6_2K,-2000,-0,155.025,DIA_100X_EMPTY_1x1_200ms,,,
2,44,19.8498329380566,874,29.3305131010756,158.072082379863,1754.93821510297,NaN,NaN,NaN,NaN,NaN,NaN,NaN,NaN,NaN,NaN,NaN,NaN,NaN,NaN,NaN,513.72161347291,0.970751954041926,38.7321192598546,15.3811647256233,12.8309022712206,3.43328015992435,0.030542855623931,0.0181961450330833,0,1.02506961896596,5008.12933495784,0,25739.4508009153,1,1,1,11,2018-10-04T16:37:03.711,20181004_ecoli_ARA_M6_2K,-2000,-0,155.025,DIA_100X_EMPTY_1x1_200ms,,,
3,44,16.6866008159407,734,49.2670225154745,351.873297002725,442.423705722071,NaN,NaN,NaN,NaN,NaN,NaN,NaN,NaN,NaN,NaN,NaN,NaN,NaN,NaN,NaN,498.425138533078,0.909465066008104,40.808024134084,14.0119558049629,11.8020854850744,2.97255257328655,0.042347129739662,0.0192564444789371,1,1.0439729422553,4464.29577860169,0,25261.621253406,1,1,1,11,2018-10-04T16:37:03.711,20181004_ecoli_ARA_M6_2K,-2000,-0,155.025,DIA_100X_EMPTY_1x1_200ms,,,
4,31,18.0278148257483,559,24.2162228757752,577.449016100179,1214.2343470483,NaN,NaN,NaN,NaN,NaN,NaN,NaN,NaN,NaN,NaN,NaN,NaN,NaN,NaN,NaN,334.102413129718,0.997575975419594,24.8615283472656,15.956152435963,12.9158838760184,3.8586307467857,0.047246872199201,0.0215072477556235,1,1.01915783873521,3257.36156696858,0,25785.7817531306,1,1,1,11,2018-10-04T16:37:03.711,20181004_ecoli_ARA_M6_2K,-2000,-0,155.025,DIA_100X_EMPTY_1x1_200ms,,,
5,35,17.759335345903,622,34.9871533477848,650.289389067524,1086.09646302251,NaN,NaN,NaN,NaN,NaN,NaN,NaN,NaN,NaN,NaN,NaN,NaN,NaN,NaN,NaN,379.87612632868,0.980289171161995,30.3415947937854,14.3821318998708,11.9832801874681,3.4792606109171,0.0278579118329516,0.0101735280192975,1,1.00403473723791,3421.99770006671,0,25730.0675241158,1,1,1,11,2018-10-04T16:37:03.711,20181004_ecoli_ARA_M6_2K,-2000,-0,155.025,DIA_100X_EMPTY_1x1_200ms,,,
6,39,19.7413072855417,771,39.7354332709863,900.948119325551,1807.3411154345,NaN,NaN,NaN,NaN,NaN,NaN,NaN,NaN,NaN,NaN,NaN,NaN,NaN,NaN,NaN,425.587033528525,0.991675215260583,31.5357462707069,16.309789043248,13.1282086581363,3.82770650674422,0.0173083993392057,0.00925487222751568,0,1.00527983815439,4268.78159598683,0,26058.6926070039,1,1,1,11,2018-10-04T16:37:03.711,20181004_ecoli_ARA_M6_2K,-2000,-0,155.025,DIA_100X_EMPTY_1x1_200ms,,,
7,33,16.8362569839877,556,45.2674236220034,909.345323741007,619.606115107914,NaN,NaN,NaN,NaN,NaN,NaN,NaN,NaN,NaN,NaN,NaN,NaN,NaN,NaN,NaN,337.941236094001,0.996836840513917,27.7336537139808,14.548277237533,11.8731482921836,3.53744882202404,0.0125899999853726,0.00590868294431546,0,1.00164020496885,3070.63894690197,0,26098.6402877698,1,1,1,11,2018-10-04T16:37:03.711,20181004_ecoli_ARA_M6_2K,-2000,-0,155.025,DIA_100X_EMPTY_1x1_200ms,,,
8,29,17.8036803917981,517,-10.8222035005886,936.019342359768,551.588007736944,NaN,NaN,NaN,NaN,NaN,NaN,NaN,NaN,NaN,NaN,NaN,NaN,NaN,NaN,NaN,304.969240829029,0.999764006797721,23.2605901915725,16.3335698426506,12.514563371179,4.24013045649014,0.0421073670549792,0.0206042581167121,1,1.01619204163467,2861.15914408784,0,25313.1450676983,1,1,1,11,2018-10-04T16:37:03.711,20181004_ecoli_ARA_M6_2K,-2000,-0,155.025,DIA_100X_EMPTY_1x1_200ms,,,
9,45,17.3648660927719,782,47.638530567857,1369.84398976982,443.620204603581,NaN,NaN,NaN,NaN,NaN,NaN,NaN,NaN,NaN,NaN,NaN,NaN,NaN,NaN,NaN,502.682749907389,0.927418144238024,40.6400270659807,15.1561642533602,12.1176355775294,2.89023619709355,0.00979631488996688,0.00282949960955871,2,1.00081292862306,4686.83478881178,0,25639.2007672634,1,1,1,11,2018-10-04T16:37:03.711,20181004_ecoli_ARA_M6_2K,-2000,-0,155.025,DIA_100X_EMPTY_1x1_200ms,,,
10,34,18.6946016428496,636,29.4288337562423,1497.80188679245,1125.6179245283,NaN,NaN,NaN,NaN,NaN,NaN,NaN,NaN,NaN,NaN,NaN,NaN,NaN,NaN,NaN,365.650062278216,0.989428869866835,28.3778406102668,14.8751011997891,12.4513625845739,3.66227524359837,0.0128904911369435,0.00595886258127038,1,1.00120817014367,3455.43705703155,0,25807.5786163522,1,1,1,11,2018-10-04T16:37:03.711,20181004_ecoli_ARA_M6_2K,-2000,-0,155.025,DIA_100X_EMPTY_1x1_200ms,,,
11,36,17.0646086964973,615,36.5055356419736,1545.00162601626,120.017886178862,NaN,NaN,NaN,NaN,NaN,NaN,NaN,NaN,NaN,NaN,NaN,NaN,NaN,NaN,NaN,376.924437679965,0.986685625810961,30.5199005717872,14.3056581589183,12.0065092045727,3.37237683116967,0.0152104351132982,0.00629706704079288,1,1.00078922727856,3455.46510888926,0,25713.0910569106,1,1,1,11,2018-10-04T16:37:03.711,20181004_ecoli_ARA_M6_2K,-2000,-0,155.025,DIA_100X_EMPTY_1x1_200ms,,,
12,38,22.2313496042107,845,-27.2086597197499,1649.99881656805,1576.38698224852,NaN,NaN,NaN,NaN,NaN,NaN,NaN,NaN,NaN,NaN,NaN,NaN,NaN,NaN,NaN,472.287329702396,0.918923034115348,32.2605661060004,18.7545375424857,13.9694767574693,4.21459098714992,0.101534325861795,0.0307033167522672,3,1.0687211431156,4944.49730266378,0,25952.6792899408,1,1,1,11,2018-10-04T16:37:03.711,20181004_ecoli_ARA_M6_2K,-2000,-0,155.025,DIA_100X_EMPTY_1x1_200ms,,,
13,37,19.269712469721,714,-49.1069373640973,1910.41316526611,1329.50280112045,NaN,NaN,NaN,NaN,NaN,NaN,NaN,NaN,NaN,NaN,NaN,NaN,NaN,NaN,NaN,397.79097485001,0.996467179220767,28.6940428297068,16.2364073899891,13.2256106606355,4.20220380729931,0.0381520844445295,0.0176737976957593,1,1.01818318799698,3941.96796790893,0,25344.7871148459,1,1,1,11,2018-10-04T16:37:03.711,20181004_ecoli_ARA_M6_2K,-2000,-0,155.025,DIA_100X_EMPTY_1x1_200ms,,,
1,26,13.1534797079179,343,44.1988418868184,24.536443148688,974.262390670554,NaN,NaN,NaN,NaN,NaN,NaN,NaN,NaN,NaN,NaN,NaN,NaN,NaN,NaN,NaN,288.925717536333,0.997749622700415,25.2845094896395,13.882794577719,11.1044363484716,3.35474603015465,0.00572636206339629,0.00256628002998572,1,1.00031018562977,2448.71054987995,0,18028.3586005831,1,1,1,15,2018-10-04T16:37:13.225,20181004_ecoli_ARA_M6_2K,1000,-1732,155.025,DIA_100X_EMPTY_1x1_200ms,,,
2,24,11.1252196215695,267,42.5223698290855,302.63670411985,1673.88014981273,NaN,NaN,NaN,NaN,NaN,NaN,NaN,NaN,NaN,NaN,NaN,NaN,NaN,NaN,NaN,233.233365104524,0.999903854811405,22.3709478233225,12.7259809962215,10.1219506077979,3.2319715195894,0.00650944436752559,0.00348051140893076,0,1.00041538468554,1800.12512580614,0,19440.7041198502,1,1,1,15,2018-10-04T16:37:13.225,20181004_ecoli_ARA_M6_2K,1000,-1732,155.025,DIA_100X_EMPTY_1x1_200ms,,,
3,21,10.1526130229354,213,25.1346090763525,317.023474178404,1004.71830985915,NaN,NaN,NaN,NaN,NaN,NaN,NaN,NaN,NaN,NaN,NaN,NaN,NaN,NaN,NaN,208.819465765049,0.999698568171221,20.0948053270417,12.3841927189298,9.9559277558851,3.27574553595325,0.00459725171771219,0.00203245373288762,1,1.00010117932107,1564.36163880108,0,19557.8122065728,1,1,1,15,2018-10-04T16:37:13.225,20181004_ecoli_ARA_M6_2K,1000,-1732,155.025,DIA_100X_EMPTY_1x1_200ms,,,
4,29,10.6831163107154,311,44.7894188187383,369.221864951769,293.173633440514,NaN,NaN,NaN,NaN,NaN,NaN,NaN,NaN,NaN,NaN,NaN,NaN,NaN,NaN,NaN,302.69394978811,0.9729087398179,30.2432154574756,11.4361432904961,9.75751427662371,2.47032041125568,0.00490364973099795,0.00227734809490093,1,1.0001458910079,2261.49814368521,0,19057.6270096463,1,1,1,15,2018-10-04T16:37:13.225,20181004_ecoli_ARA_M6_2K,1000,-1732,155.025,DIA_100X_EMPTY_1x1_200ms,,,
5,32,11.5980407617265,372,46.2572183174186,428.486559139785,830.287634408602,NaN,NaN,NaN,NaN,NaN,NaN,NaN,NaN,NaN,NaN,NaN,NaN,NaN,NaN,NaN,334.485623602542,0.977982234302133,32.7503744045704,11.8321340714594,9.98243137178297,2.51849837242477,0.0070866298892187,0.00363247101225932,1,1.00029634861926,2563.1782955034,0,19259.1290322581,1,1,1,15,2018-10-04T16:37:13.225,20181004_ecoli_ARA_M6_2K,1000,-1732,155.025,DIA_100X_EMPTY_1x1_200ms,,,
6,25,11.4952115188495,288,44.777166652868,700.618055555556,1786.10763888889,NaN,NaN,NaN,NaN,NaN,NaN,NaN,NaN,NaN,NaN,NaN,NaN,NaN,NaN,NaN,254.687060460479,0.999087105236459,24.4194232956035,12.2488188376526,9.97220070454665,3.19784774307481,0.022060588234904,0.00203539066666108,1,1.00010707447734,1907.24860509739,0,19580.65625,1,1,1,15,2018-10-04T16:37:13.225,20181004_ecoli_ARA_M6_2K,1000,-1732,155.025,DIA_100X_EMPTY_1x1_200ms,,,
7,24,11.2311207337674,270,34.7662421249075,863,787.988888888889,NaN,NaN,NaN,NaN,NaN,NaN,NaN,NaN,NaN,NaN,NaN,NaN,NaN,NaN,NaN,257.214534434897,0.9937681797399,24.6166649858076,12.4293404404185,10.0809862175156,3.0489472026682,0.000473853444798204,0.000189350805272563,3,1.00000040251496,1964.83071516807,0,18762.3555555556,1,1,1,15,2018-10-04T16:37:13.225,20181004_ecoli_ARA_M6_2K,1000,-1732,155.025,DIA_100X_EMPTY_1x1_200ms,,,
8,26,10.4364188508434,272,44.8191538421943,885.518382352941,1374.56617647059,NaN,NaN,NaN,NaN,NaN,NaN,NaN,NaN,NaN,NaN,NaN,NaN,NaN,NaN,NaN,251.629147306796,0.995492723023482,25.5751133266545,11.4694325155117,9.5031504755762,2.78425475888442,0.00533363259168575,0.00263970089933524,1,1.0003299608064,1814.02246164501,0,19711.0441176471,1,1,1,15,2018-10-04T16:37:13.225,20181004_ecoli_ARA_M6_2K,1000,-1732,155.025,DIA_100X_EMPTY_1x1_200ms,,,
9,38,10.7111242019144,407,49.4938686356017,1047.3144963145,1552.25798525799,NaN,NaN,NaN,NaN,NaN,NaN,NaN,NaN,NaN,NaN,NaN,NaN,NaN,NaN,NaN,366.713620430564,0.963296805117601,37.332655324855,11.3675790327293,9.64000107111599,2.23860551076254,0.00531556957509601,0.00246092768893649,1,1.0002454424638,2724.78930738781,0,19054.6363636364,1,1,1,15,2018-10-04T16:37:13.225,20181004_ecoli_ARA_M6_2K,1000,-1732,155.025,DIA_100X_EMPTY_1x1_200ms,,,
10,20,11.4489477678146,233,-31.639467386467,1079.59227467811,251.55364806867,NaN,NaN,NaN,NaN,NaN,NaN,NaN,NaN,NaN,NaN,NaN,NaN,NaN,NaN,NaN,221.244729832171,0.999879861320203,20.6385017291235,13.0944385041392,10.2970050935931,3.45996802458019,0.00252567002392503,0.00127154566475132,1,1.00001885229424,1718.65973591356,0,18648.5407725322,1,1,1,15,2018-10-04T16:37:13.225,20181004_ecoli_ARA_M6_2K,1000,-1732,155.025,DIA_100X_EMPTY_1x1_200ms,,,
11,28,11.3215790057906,318,41.821802789951,1105.75471698113,1234.46540880503,NaN,NaN,NaN,NaN,NaN,NaN,NaN,NaN,NaN,NaN,NaN,NaN,NaN,NaN,NaN,294.955456749357,0.987700673033279,28.6025644623627,11.8325260156648,9.99647803980779,2.81879536204953,0.00791582926960191,0.0034865900994799,1,1.00069040058683,2244.85806380935,0,18644.6729559748,1,1,1,15,2018-10-04T16:37:13.225,20181004_ecoli_ARA_M6_2K,1000,-1732,155.025,DIA_100X_EMPTY_1x1_200ms,,,
12,22,11.6580422297393,257,14.6082359524743,1236.51750972763,1983.31906614786,NaN,NaN,NaN,NaN,NaN,NaN,NaN,NaN,NaN,NaN,NaN,NaN,NaN,NaN,NaN,215.546850467918,0.999727821177429,20.1737013715644,12.9941494293139,10.2918719493959,3.38602714038487,0.0135565980496521,0.00735146370658538,0,1.00147235064727,1678.27922019316,0,20166.5836575875,1,1,1,15,2018-10-04T16:37:13.225,20181004_ecoli_ARA_M6_2K,1000,-1732,155.025,DIA_100X_EMPTY_1x1_200ms,,,
13,19,10.7273227758623,204,-43.4565974171113,1257.14215686275,1535.32843137255,NaN,NaN,NaN,NaN,NaN,NaN,NaN,NaN,NaN,NaN,NaN,NaN,NaN,NaN,NaN,192.075462670587,0.999846780167269,17.6310453247205,13.7722766154996,10.382250056061,3.81076428450716,0.00217592182223175,0.000966666044237073,1,1.00001286280186,1492.62569141168,0,19742.112745098,1,1,1,15,2018-10-04T16:37:13.225,20181004_ecoli_ARA_M6_2K,1000,-1732,155.025,DIA_100X_EMPTY_1x1_200ms,,,
14,20,10.2858336122856,206,10.915151356604,1368.79126213592,1188.45145631068,NaN,NaN,NaN,NaN,NaN,NaN,NaN,NaN,NaN,NaN,NaN,NaN,NaN,NaN,NaN,197.873639572973,0.999813605752474,19.3019043201913,12.7665689499291,9.8923745549831,3.37493758155737,0.00288141757260459,0.00142621699389509,1,1.00001600375184,1483.51227191136,0,19009.7233009709,1,1,1,15,2018-10-04T16:37:13.225,20181004_ecoli_ARA_M6_2K,1000,-1732,155.025,DIA_100X_EMPTY_1x1_200ms,,,
15,22,11.0847317173478,244,24.8219036296054,1442.08196721311,877.299180327869,NaN,NaN,NaN,NaN,NaN,NaN,NaN,NaN,NaN,NaN,NaN,NaN,NaN,NaN,NaN,223.998844690204,0.999838700560867,20.8696508516695,13.2456331933773,10.3983863892926,3.38418018109574,0.00134199911969203,0.000575071119992607,1,1.00000930593158,1772.29889658346,0,18884.0286885246,1,1,1,15,2018-10-04T16:37:13.225,20181004_ecoli_ARA_M6_2K,1000,-1732,155.025,DIA_100X_EMPTY_1x1_200ms,,,
16,22,11.1973542866719,247,17.1610740329081,1894.51417004049,1557.51821862348,NaN,NaN,NaN,NaN,NaN,NaN,NaN,NaN,NaN,NaN,NaN,NaN,NaN,NaN,NaN,218.774088149861,0.999702960710229,20.7113334180257,12.9458696176617,10.2015340100071,3.33700977873032,0.0139000237246648,0.00754258839797376,0,1.00166433063695,1692.89064486991,0,20390.8582995951,1,1,1,15,2018-10-04T16:37:13.225,20181004_ecoli_ARA_M6_2K,1000,-1732,155.025,DIA_100X_EMPTY_1x1_200ms,,,
17,21,10.9806707609679,231,2.88470059688531,1921.71861471861,1443.17748917749,NaN,NaN,NaN,NaN,NaN,NaN,NaN,NaN,NaN,NaN,NaN,NaN,NaN,NaN,NaN,218.139192630821,0.999864296216986,20.4519245266378,12.8746538303537,10.3537799030774,3.30613938368497,0.00272759660808854,0.00148088985357294,0,1.00006210166234,1721.95548483765,0,21024.7792207792,1,1,1,15,2018-10-04T16:37:13.225,20181004_ecoli_ARA_M6_2K,1000,-1732,155.025,DIA_100X_EMPTY_1x1_200ms,,,
1,24,11.7935026879689,283,41.0607463790165,29.7809187279152,1107.14487632509,NaN,NaN,NaN,NaN,NaN,NaN,NaN,NaN,NaN,NaN,NaN,NaN,NaN,NaN,NaN,244.507449005683,0.999655533905561,22.505770356436,12.8075866033295,10.1735429289184,3.70249377555778,0.0147023243331001,0.00119798442833593,1,1.00000663242863,1829.48228477557,0,19391.5159010601,1,1,1,16,2018-10-04T16:37:15.517,20181004_ecoli_ARA_M6_2K,1500,-866,155.025,DIA_100X_EMPTY_1x1_200ms,,,
2,29,16.6893940166896,484,-49.4653751448243,295.826446280992,1510.57851239669,NaN,NaN,NaN,NaN,NaN,NaN,NaN,NaN,NaN,NaN,NaN,NaN,NaN,NaN,NaN,411.407348729213,0.916950963472535,24.5338402953882,24.8426981833036,15.8459160338487,7.02139844516023,0.0205417182931356,0.0105925653464088,3,1.0017242765893,4838.27017071602,0,19712.2603305785,1,1,1,16,2018-10-04T16:37:15.517,20181004_ecoli_ARA_M6_2K,1500,-866,155.025,DIA_100X_EMPTY_1x1_200ms,,,
3,32,11.4926208778679,368,48.49780708153,464.184782608696,1029.17119565217,NaN,NaN,NaN,NaN,NaN,NaN,NaN,NaN,NaN,NaN,NaN,NaN,NaN,NaN,NaN,334.699823786526,0.906087557308399,31.918955513109,12.882455670614,10.1921493307754,2.71135807500614,0.0268830303555639,0.0128089035731273,0,1.01179363597521,2604.1746623849,0,19174.1847826087,1,1,1,16,2018-10-04T16:37:15.517,20181004_ecoli_ARA_M6_2K,1500,-866,155.025,DIA_100X_EMPTY_1x1_200ms,,,
4,22,11.9234845750292,263,25.4449341495736,466.174904942966,2008.57794676806,NaN,NaN,NaN,NaN,NaN,NaN,NaN,NaN,NaN,NaN,NaN,NaN,NaN,NaN,NaN,222.961658501484,0.999755171713581,20.6894280914399,13.0522191126799,10.3688158879052,3.4195458267355,0.00397361674205023,0.00194460237303056,1,1.00011784533485,1747.01523914095,0,20438.6730038023,1,1,1,16,2018-10-04T16:37:15.517,20181004_ecoli_ARA_M6_2K,1500,-866,155.025,DIA_100X_EMPTY_1x1_200ms,,,
5,20,10.8332952871273,217,8.40857091149294,546.221198156682,651.760368663594,NaN,NaN,NaN,NaN,NaN,NaN,NaN,NaN,NaN,NaN,NaN,NaN,NaN,NaN,NaN,211.605815828465,0.99979939788259,20.153870868912,12.5417375308668,10.0919783491797,3.28351411276608,0.00931303400292467,0.00522441616000393,0,1.00074697589417,1612.13339069255,0,19647.2995391705,1,1,1,16,2018-10-04T16:37:15.517,20181004_ecoli_ARA_M6_2K,1500,-866,155.025,DIA_100X_EMPTY_1x1_200ms,,,
6,24,11.8684452761718,285,39.8386617058348,618.989473684211,1949.01052631579,NaN,NaN,NaN,NaN,NaN,NaN,NaN,NaN,NaN,NaN,NaN,NaN,NaN,NaN,NaN,235.830514562602,0.999891768818132,22.2571657370013,13.0724961163745,10.2426115244752,3.35391839077658,0.00216871185047403,0.000983165466109925,1,1.00002310610294,1833.92319706059,0,20320.9649122807,1,1,1,16,2018-10-04T16:37:15.517,20181004_ecoli_ARA_M6_2K,1500,-866,155.025,DIA_100X_EMPTY_1x1_200ms,,,
7,23,10.2632682539712,236,39.3287298244217,675.398305084746,631.300847457627,NaN,NaN,NaN,NaN,NaN,NaN,NaN,NaN,NaN,NaN,NaN,NaN,NaN,NaN,NaN,224.982283990989,0.999270411756561,21.6742630903342,12.2046224734537,10.0276717396348,3.1260492280411,0.00983118892439543,0.0043642816910169,1,1.00059808542625,1711.7267570541,0,19671.7245762712,1,1,1,16,2018-10-04T16:37:15.517,20181004_ecoli_ARA_M6_2K,1500,-866,155.025,DIA_100X_EMPTY_1x1_200ms,,,
8,28,11.3556124994024,320,46.5734570510992,932.71875,1478.959375,NaN,NaN,NaN,NaN,NaN,NaN,NaN,NaN,NaN,NaN,NaN,NaN,NaN,NaN,NaN,277.799168174166,0.991335253073314,27.7909837465368,11.5239360848429,9.73569971611236,2.66226010061292,0.00292359821208984,0.001277283765416,1,1.00004074018174,2068.84589536816,0,19960.090625,1,1,1,16,2018-10-04T16:37:15.517,20181004_ecoli_ARA_M6_2K,1500,-866,155.025,DIA_100X_EMPTY_1x1_200ms,,,
9,18,11.9254737889896,216,-42.9272014087711,958.75,1976.44907407407,NaN,NaN,NaN,NaN,NaN,NaN,NaN,NaN,NaN,NaN,NaN,NaN,NaN,NaN,NaN,187.332669718279,0.999742566146633,17.1652208276793,13.6910770391363,10.3974749534874,3.80462990570954,0.00126855949308556,0.000555281941050675,1,1.00000480293411,1457.45462260699,0,21003.3287037037,1,1,1,16,2018-10-04T16:37:15.517,20181004_ecoli_ARA_M6_2K,1500,-866,155.025,DIA_100X_EMPTY_1x1_200ms,,,
10,37,11.3833185526452,422,49.125327706015,1127.76777251185,727.225118483412,NaN,NaN,NaN,NaN,NaN,NaN,NaN,NaN,NaN,NaN,NaN,NaN,NaN,NaN,NaN,376.638089656783,0.969779629560602,36.9971076811646,11.8489820646733,9.92115057638739,2.46948880677136,0.00508658789104093,0.00165325083878662,3,1.00025079529267,2860.10341922044,1,19035.8388625592,1,1,1,16,2018-10-04T16:37:15.517,20181004_ecoli_ARA_M6_2K,1500,-866,155.025,DIA_100X_EMPTY_1x1_200ms,,,
11,29,12.3229274608872,358,47.0057953603928,1158.46089385475,746.388268156425,NaN,NaN,NaN,NaN,NaN,NaN,NaN,NaN,NaN,NaN,NaN,NaN,NaN,NaN,NaN,309.366086232405,0.970890925760672,27.7973181855888,13.1775059272889,10.8442926595624,2.8572140772024,0.00728405748475579,0.00364709404415661,0,1.0007221771438,2567.41006123383,1,19079.5893854749,1,1,1,16,2018-10-04T16:37:15.517,20181004_ecoli_ARA_M6_2K,1500,-866,155.025,DIA_100X_EMPTY_1x1_200ms,,,
12,23,11.2134782044454,259,37.7041627987563,1160.94208494208,636.027027027027,NaN,NaN,NaN,NaN,NaN,NaN,NaN,NaN,NaN,NaN,NaN,NaN,NaN,NaN,NaN,234.805691843924,0.999328917389116,22.3331140222198,12.4359991694251,10.0255276831881,3.28732339009476,0.0163027048023563,0.00934652783418759,0,1.00293906953214,1763.00541272578,0,19053.7104247104,1,1,1,16,2018-10-04T16:37:15.517,20181004_ecoli_ARA_M6_2K,1500,-866,155.025,DIA_100X_EMPTY_1x1_200ms,,,
13,21,11.5529516609218,244,11.113153936526,1211.13114754098,1596.75,NaN,NaN,NaN,NaN,NaN,NaN,NaN,NaN,NaN,NaN,NaN,NaN,NaN,NaN,NaN,212.381006600656,0.99973311278794,20.2339022217743,12.6679783622337,10.1164631879904,3.3042190730268,0.00249259223890415,0.00126168634130719,1,1.00001753437077,1626.39840394644,0,20326.2295081967,1,1,1,16,2018-10-04T16:37:15.517,20181004_ecoli_ARA_M6_2K,1500,-866,155.025,DIA_100X_EMPTY_1x1_200ms,,,
14,26,11.4228328086738,297,47.4585187109017,1347.27609427609,197.818181818182,NaN,NaN,NaN,NaN,NaN,NaN,NaN,NaN,NaN,NaN,NaN,NaN,NaN,NaN,NaN,283.040782452422,0.992290552784389,25.7115733600785,12.8574848803082,10.6789395954472,3.13332114330748,0.00631972039479928,0.00277146464787053,1,1.00039206760608,2302.89848671691,0,19094.7205387205,1,1,1,16,2018-10-04T16:37:15.517,20181004_ecoli_ARA_M6_2K,1500,-866,155.025,DIA_100X_EMPTY_1x1_200ms,,,
15,21,10.0927532935032,212,7.08445243445052,1396.28773584906,103.801886792453,NaN,NaN,NaN,NaN,NaN,NaN,NaN,NaN,NaN,NaN,NaN,NaN,NaN,NaN,NaN,208.877601563414,0.999713494451848,19.7583636367423,12.9316431644496,10.1970585717193,3.38562099881668,0.00650384343325866,0.00296441767885745,1,1.00023022158886,1613.58067214911,0,19853.4056603774,1,1,1,16,2018-10-04T16:37:15.517,20181004_ecoli_ARA_M6_2K,1500,-866,155.025,DIA_100X_EMPTY_1x1_200ms,,,
16,22,11.0536975207384,244,19.4532378186978,1412.26229508197,499.979508196721,NaN,NaN,NaN,NaN,NaN,NaN,NaN,NaN,NaN,NaN,NaN,NaN,NaN,NaN,NaN,234.290037497871,0.99842474855705,22.025207612994,12.8090921189778,10.2676369336458,3.25638220644438,0.0232571451624843,0.0124728725863635,0,1.00520171452404,1823.68950658253,1,19478.7459016393,1,1,1,16,2018-10-04T16:37:15.517,20181004_ecoli_ARA_M6_2K,1500,-866,155.025,DIA_100X_EMPTY_1x1_200ms,,,
17,18,10.2560900762274,186,-39.5867764834593,1426.60215053763,507.306451612903,NaN,NaN,NaN,NaN,NaN,NaN,NaN,NaN,NaN,NaN,NaN,NaN,NaN,NaN,NaN,195.5936040491,0.999728780772129,18.5200702999289,13.0068038089202,10.146308471534,3.4423436827045,0.0228280554139044,0.0127046392580412,0,1.00372024782644,1497.43726166389,1,19748.752688172,1,1,1,16,2018-10-04T16:37:15.517,20181004_ecoli_ARA_M6_2K,1500,-866,155.025,DIA_100X_EMPTY_1x1_200ms,,,
18,21,11.348435279103,239,14.7767494633371,1592.71129707113,1033.56066945607,NaN,NaN,NaN,NaN,NaN,NaN,NaN,NaN,NaN,NaN,NaN,NaN,NaN,NaN,NaN,213.480364085069,0.999740334406054,20.1200708473281,12.9522654119927,10.1943968144491,3.42385640433766,0.00701494990286403,0.0032288564326714,1,1.0002839412845,1642.2620447853,0,19547.2217573222,1,1,1,16,2018-10-04T16:37:15.517,20181004_ecoli_ARA_M6_2K,1500,-866,155.025,DIA_100X_EMPTY_1x1_200ms,,,
19,24,10.8281323728731,260,39.1548996524447,1710.35769230769,483.115384615385,NaN,NaN,NaN,NaN,NaN,NaN,NaN,NaN,NaN,NaN,NaN,NaN,NaN,NaN,NaN,243.520350509187,0.997241138833917,23.5912215214071,12.2194374197152,9.98425983771041,3.00496810775493,0.0122914443998006,0.00514833555785387,1,1.00084952457067,1847.02196342148,0,19702.6769230769,1,1,1,16,2018-10-04T16:37:15.517,20181004_ecoli_ARA_M6_2K,1500,-866,155.025,DIA_100X_EMPTY_1x1_200ms,,,
20,26,10.7144475362526,279,44.3048097608683,1712.96415770609,949.913978494624,NaN,NaN,NaN,NaN,NaN,NaN,NaN,NaN,NaN,NaN,NaN,NaN,NaN,NaN,NaN,257.333600842753,0.996220618506995,24.8247353830388,12.2691585797718,9.96052137016112,3.02521221252599,0.0189189791555503,0.00843107818565625,1,1.00307041588956,1934.3660103881,0,20212.5698924731,1,1,1,16,2018-10-04T16:37:15.517,20181004_ecoli_ARA_M6_2K,1500,-866,155.025,DIA_100X_EMPTY_1x1_200ms,,,
21,30,10.5670401323768,317,48.8400889831312,1741.63406940063,980.274447949527,NaN,NaN,NaN,NaN,NaN,NaN,NaN,NaN,NaN,NaN,NaN,NaN,NaN,NaN,NaN,284.7774543675,0.992313594863498,28.8076779351311,11.4254679741393,9.64225133452411,2.61564346017344,0.000543948355196393,0.000262031214029328,1,1.00000082343936,2103.56060869061,1,20154.8769716088,1,1,1,16,2018-10-04T16:37:15.517,20181004_ecoli_ARA_M6_2K,1500,-866,155.025,DIA_100X_EMPTY_1x1_200ms,,,
22,20,10.5354849515909,212,-27.0578952256575,1739.58018867925,9.49056603773585,NaN,NaN,NaN,NaN,NaN,NaN,NaN,NaN,NaN,NaN,NaN,NaN,NaN,NaN,NaN,NaN,NaN,NaN,NaN,NaN,NaN,NaN,NaN,NaN,NaN,NaN,1,19924.0990566038,1,1,1,16,2018-10-04T16:37:15.517,20181004_ecoli_ARA_M6_2K,1500,-866,155.025,DIA_100X_EMPTY_1x1_200ms,,,
23,31,11.4907745904591,356,47.0731737394107,1744.90168539326,542.820224719101,NaN,NaN,NaN,NaN,NaN,NaN,NaN,NaN,NaN,NaN,NaN,NaN,NaN,NaN,NaN,327.197849285667,0.942571138150187,31.1474132064708,12.1418490296368,10.1494415944244,2.69191272652071,0.0351203743062996,0.0154783016642427,1,1.01753019770544,2519.97459896089,0,18970.2331460674,1,1,1,16,2018-10-04T16:37:15.517,20181004_ecoli_ARA_M6_2K,1500,-866,155.025,DIA_100X_EMPTY_1x1_200ms,,,
24,19,6.83642048468779,130,-49.9872469403781,1753.41538461538,5.97692307692308,NaN,NaN,NaN,NaN,NaN,NaN,NaN,NaN,NaN,NaN,NaN,NaN,NaN,NaN,NaN,NaN,NaN,NaN,NaN,NaN,NaN,NaN,NaN,NaN,NaN,NaN,1,20158.0846153846,1,1,1,16,2018-10-04T16:37:15.517,20181004_ecoli_ARA_M6_2K,1500,-866,155.025,DIA_100X_EMPTY_1x1_200ms,,,
25,29,10.5068385263114,305,47.6459485636241,1771.50163934426,971.911475409836,NaN,NaN,NaN,NaN,NaN,NaN,NaN,NaN,NaN,NaN,NaN,NaN,NaN,NaN,NaN,278.63204980393,0.985363240784582,28.5944784780437,11.1997124945175,9.45736336949235,2.58730357906493,0.0114013146561656,0.00501437068283296,1,1.00102964929133,2008.68674128048,1,20423.7868852459,1,1,1,16,2018-10-04T16:37:15.517,20181004_ecoli_ARA_M6_2K,1500,-866,155.025,DIA_100X_EMPTY_1x1_200ms,,,
26,22,10.8102372625528,238,25.4628964781861,1868.99159663866,1733.11764705882,NaN,NaN,NaN,NaN,NaN,NaN,NaN,NaN,NaN,NaN,NaN,NaN,NaN,NaN,NaN,208.636070175687,0.999637223396341,20.5556970903525,12.3493369296017,9.69795881700178,3.30658726586685,0.00590101907996263,0.00334372905598264,0,1.00032179341748,1518.38799607228,0,21399.4159663866,1,1,1,16,2018-10-04T16:37:15.517,20181004_ecoli_ARA_M6_2K,1500,-866,155.025,DIA_100X_EMPTY_1x1_200ms,,,
27,22,11.0796733579248,244,29.7895221583085,1950.3893442623,586.356557377049,NaN,NaN,NaN,NaN,NaN,NaN,NaN,NaN,NaN,NaN,NaN,NaN,NaN,NaN,NaN,226.267255287792,0.999406565695607,21.5749630085438,12.4972597935674,9.8428895938316,3.53746982298087,0.0248046261117263,0.00214180035995578,1,1.00007357047097,1641.66737904717,0,20274.4713114754,1,1,1,16,2018-10-04T16:37:15.517,20181004_ecoli_ARA_M6_2K,1500,-866,155.025,DIA_100X_EMPTY_1x1_200ms,,,
28,20,11.4500957944041,229,-30.5961394023479,1970.6943231441,1828.26200873362,NaN,NaN,NaN,NaN,NaN,NaN,NaN,NaN,NaN,NaN,NaN,NaN,NaN,NaN,NaN,198.539970772554,0.999833861797072,18.2928930172802,13.4932402281215,10.2203515808103,3.85516579175742,0.0132370154201321,0.00745073729009603,0,1.001231013364,1500.73477973616,0,20898.8864628821,1,1,1,16,2018-10-04T16:37:15.517,20181004_ecoli_ARA_M6_2K,1500,-866,155.025,DIA_100X_EMPTY_1x1_200ms,,,
