CellID,LongAxis,ShortAxis,Area,RegionScore,XPosition,YPosition,Fluor1Sum,Fluor1Mean,Fluor1Background,Fluor1BgStd,Fluor1FociNumber,Fluor2Sum,Fluor2Mean,Fluor2Background,Fluor2BgStd,Fluor2FociNumber,Fluor3Sum,Fluor3Mean,Fluor3Background,Fluor3BgStd,Fluor3FociNumber,MeshArea,MeshSolidity,MeshAxisLength,MeshRibsLengthMax,MeshRibsLengthMean,MeshRibsLengthStd,MeshCurvatureMax,MeshCurvatureMean,MeshCurvatureInflection,MeshSinuosity,MeshVolume,NumOfNeighbors,RegionGrayVal,TimeFrames,AgeFrames,RelativeAge,xyFolder,DateTime,Folder,StageXposition,StageYposition,StageZposition,PhaseConfig,Fluo1Config,Fluo2Config,Fluo3Config
1,27,10.752377550498,291,45.5369075795634,138.549828178694,940.756013745704,NaN,NaN,NaN,NaN,NaN,NaN,NaN,NaN,NaN,NaN,NaN,NaN,NaN,NaN,NaN,277.405093960239,0.986251784051079,27.3548130398064,11.5144352923421,9.89436165767851,2.65165679461867,0.00581986273305254,0.00264362492917712,1,1.00039218463958,2103.29017654061,0,20396.7903780069,1,1,1,1,2018-10-04T16:44:37.359,20181004_ecoli_ARA_M2_10K,-0,-0,158.7,DIA_100X_EMPTY_1x1_200ms,,,
2,22,11.1198994700603,245,26.8542162535452,268.179591836735,1893.02448979592,NaN,NaN,NaN,NaN,NaN,NaN,NaN,NaN,NaN,NaN,NaN,NaN,NaN,NaN,NaN,236.105289591188,0.998255175981117,22.1784773323359,12.4575135527869,10.2618968595118,3.19655226067006,0.0032572961345672,0.00155637648226896,1,1.00007817301408,1834.32758990036,0,18784.5306122449,1,1,1,1,2018-10-04T16:44:37.359,20181004_ecoli_ARA_M2_10K,-0,-0,158.7,DIA_100X_EMPTY_1x1_200ms,,,
3,54,10.9257570217334,590,49.461123975676,281.891525423729,39.4016949152542,NaN,NaN,NaN,NaN,NaN,NaN,NaN,NaN,NaN,NaN,NaN,NaN,NaN,NaN,NaN,543.229244064529,0.896741712371083,55.1571396397027,11.5972971749773,9.70694778572299,1.85902498150518,0.0173977438512925,0.00627150847399782,3,1.00554714259343,4081.84965702178,0,20726.4271186441,1,1,1,1,2018-10-04T16:44:37.359,20181004_ecoli_ARA_M2_10K,-0,-0,158.7,DIA_100X_EMPTY_1x1_200ms,,,
4,24,8.65660708275487,208,40.7795709743334,374.899038461538,1249.01442307692,NaN,NaN,NaN,NaN,NaN,NaN,NaN,NaN,NaN,NaN,NaN,NaN,NaN,NaN,NaN,234.092908719165,0.997695183560133,23.8883401596928,11.8766645447574,9.36397913595098,3.05039786179699,0.0132799903376139,0.00367352840751331,0,1.0004522973206,1645.11677451052,1,20649.6490384615,1,1,1,1,2018-10-04T16:44:37.359,20181004_ecoli_ARA_M2_10K,-0,-0,158.7,DIA_100X_EMPTY_1x1_200ms,,,
5,38,10.2257523785011,389,49.1202537014768,386.958868894602,1246.58611825193,NaN,NaN,NaN,NaN,NaN,NaN,NaN,NaN,NaN,NaN,NaN,NaN,NaN,NaN,NaN,388.094131746071,0.934401426916191,39.2405192788711,11.1244307383743,9.70692995984511,2.1539770616381,0.0167400989117679,0.00740821849929512,2,1.00604913450356,2903.94521758478,1,20301.4832904884,1,1,1,1,2018-10-04T16:44:37.359,20181004_ecoli_ARA_M2_10K,-0,-0,158.7,DIA_100X_EMPTY_1x1_200ms,,,
6,28,10.67381754003,299,47.8315098352127,428.491638795987,1105.72240802676,NaN,NaN,NaN,NaN,NaN,NaN,NaN,NaN,NaN,NaN,NaN,NaN,NaN,NaN,NaN,284.860919366515,0.981940624941439,28.2321106464011,11.9079466754119,9.82115127102929,2.66028297347638,0.00343927023340582,0.00156627706238621,1,1.00010340121105,2138.7401848987,0,20334.3913043478,1,1,1,1,2018-10-04T16:44:37.359,20181004_ecoli_ARA_M2_10K,-0,-0,158.7,DIA_100X_EMPTY_1x1_200ms,,,
7,36,10.8903745274348,393,48.1656557622863,481.312977099237,410.022900763359,NaN,NaN,NaN,NaN,NaN,NaN,NaN,NaN,NaN,NaN,NaN,NaN,NaN,NaN,NaN,370.763002670405,0.950509231468214,36.7231936397636,11.7739246145247,9.88992794626778,2.30544646256307,0.018490042062197,0.0071553583637562,1,1.00529642782261,2821.087646014,0,20267.8753180662,1,1,1,1,2018-10-04T16:44:37.359,20181004_ecoli_ARA_M2_10K,-0,-0,158.7,DIA_100X_EMPTY_1x1_200ms,,,
8,24,11.0344996390051,266,35.3965767240774,522.338345864662,1279.60526315789,NaN,NaN,NaN,NaN,NaN,NaN,NaN,NaN,NaN,NaN,NaN,NaN,NaN,NaN,NaN,255.824153405878,0.991833088192281,24.8691659125009,11.8478744382764,10.0143432445043,2.75738224165185,0.00186002908033556,0.00081295532804392,1,1.0000299821091,1958.82684323565,0,20117.454887218,1,1,1,1,2018-10-04T16:44:37.359,20181004_ecoli_ARA_M2_10K,-0,-0,158.7,DIA_100X_EMPTY_1x1_200ms,,,
9,23,11.2956695211981,260,39.8796592368143,755.619230769231,707.111538461538,NaN,NaN,NaN,NaN,NaN,NaN,NaN,NaN,NaN,NaN,NaN,NaN,NaN,NaN,NaN,242.115340547096,0.99927497177922,22.3800483839122,12.5892433438797,10.5054553817226,3.12240346954367,0.00167883157945513,0.000698784885926512,1,1.0000148879782,1939.90591671574,0,19416.3461538462,1,1,1,1,2018-10-04T16:44:37.359,20181004_ecoli_ARA_M2_10K,-0,-0,158.7,DIA_100X_EMPTY_1x1_200ms,,,
10,26,10.7601044686982,280,41.8262240371094,833.021428571429,2032.80714285714,NaN,NaN,NaN,NaN,NaN,NaN,NaN,NaN,NaN,NaN,NaN,NaN,NaN,NaN,NaN,267.41595937009,0.98552319735923,26.0944805755478,12.1281090835164,9.89713397793582,2.83172170812247,0.00515252074326871,0.00269687489255612,1,1.00034856558512,2007.50870207466,0,20101.3571428571,1,1,1,1,2018-10-04T16:44:37.359,20181004_ecoli_ARA_M2_10K,-0,-0,158.7,DIA_100X_EMPTY_1x1_200ms,,,
11,39,10.5102814260053,410,49.4350368418313,871.224390243902,1906.47073170732,NaN,NaN,NaN,NaN,NaN,NaN,NaN,NaN,NaN,NaN,NaN,NaN,NaN,NaN,NaN,385.472645122706,0.942479286067077,39.2870938677634,11.3601164846966,9.63243986686621,2.14444800258079,0.0103717804903638,0.00518036797661333,0,1.00272037091266,2862.94100502785,0,20318.3634146341,1,1,1,1,2018-10-04T16:44:37.359,20181004_ecoli_ARA_M2_10K,-0,-0,158.7,DIA_100X_EMPTY_1x1_200ms,,,
12,28,10.9245673457544,313,47.8006224719517,944.584664536741,1133.04153354633,NaN,NaN,NaN,NaN,NaN,NaN,NaN,NaN,NaN,NaN,NaN,NaN,NaN,NaN,NaN,290.55479780515,0.987197043756678,27.8649322126468,12.204585603348,10.0123639284349,2.99805261465649,0.00499121112417089,0.00235953311023999,1,1.00012365017279,2193.9217117397,0,19769.4153354633,1,1,1,1,2018-10-04T16:44:37.359,20181004_ecoli_ARA_M2_10K,-0,-0,158.7,DIA_100X_EMPTY_1x1_200ms,,,
13,26,10.722669979187,279,46.5340247767898,1000.1146953405,176.4229390681,NaN,NaN,NaN,NaN,NaN,NaN,NaN,NaN,NaN,NaN,NaN,NaN,NaN,NaN,NaN,265.638746403991,0.988784490839806,25.7011934077696,11.931569626855,10.0287608207536,2.79818611901429,0.0105182291420448,0.00561951825105354,0,1.00144636914351,2030.19483602868,0,20106.7491039427,1,1,1,1,2018-10-04T16:44:37.359,20181004_ecoli_ARA_M2_10K,-0,-0,158.7,DIA_100X_EMPTY_1x1_200ms,,,
14,24,10.7042336832731,257,43.4951534674367,1051.59922178988,1749.02723735409,NaN,NaN,NaN,NaN,NaN,NaN,NaN,NaN,NaN,NaN,NaN,NaN,NaN,NaN,NaN,240.880310354393,0.996589719805924,23.7289221090376,11.5713592892748,9.82890418993974,2.85339640312842,0.0042074006840768,0.00243154629614246,0,1.00021549770269,1800.43768867884,0,20175.8093385214,1,1,1,1,2018-10-04T16:44:37.359,20181004_ecoli_ARA_M2_10K,-0,-0,158.7,DIA_100X_EMPTY_1x1_200ms,,,
15,22,9.23829387018135,204,37.2523032180293,1119.16666666667,298.372549019608,NaN,NaN,NaN,NaN,NaN,NaN,NaN,NaN,NaN,NaN,NaN,NaN,NaN,NaN,NaN,215.926598595029,0.993487385967072,22.7424580871072,11.3577384097304,9.01578765585701,2.99645046347318,0.013655986019881,0.00725704948719949,0,1.00194281503317,1451.89307313639,0,21174.0931372549,1,1,1,1,2018-10-04T16:44:37.359,20181004_ecoli_ARA_M2_10K,-0,-0,158.7,DIA_100X_EMPTY_1x1_200ms,,,
16,27,10.1335418671471,274,47.6050175994894,1133.08759124088,475.251824817518,NaN,NaN,NaN,NaN,NaN,NaN,NaN,NaN,NaN,NaN,NaN,NaN,NaN,NaN,NaN,262.480677662744,0.988860856599937,26.6629786821703,11.7670225797165,9.54362095225241,2.75585845999129,0.00198287213143534,0.000987059528478345,0,1.00003684185142,1907.32591991001,0,20235.197080292,1,1,1,1,2018-10-04T16:44:37.359,20181004_ecoli_ARA_M2_10K,-0,-0,158.7,DIA_100X_EMPTY_1x1_200ms,,,
17,28,10.8750548411355,305,42.536033188536,1262.46885245902,839.35737704918,NaN,NaN,NaN,NaN,NaN,NaN,NaN,NaN,NaN,NaN,NaN,NaN,NaN,NaN,NaN,293.218356091115,0.967571256869892,29.3343968523857,11.5763922522979,9.76303026394944,2.52030042401973,0.00682158441496607,0.00315208728505963,1,1.00059926394781,2196.0201237642,0,20472.4983606557,1,1,1,1,2018-10-04T16:44:37.359,20181004_ecoli_ARA_M2_10K,-0,-0,158.7,DIA_100X_EMPTY_1x1_200ms,,,
18,40,10.3746484320476,415,49.4137082705806,1281.2265060241,272.631325301205,NaN,NaN,NaN,NaN,NaN,NaN,NaN,NaN,NaN,NaN,NaN,NaN,NaN,NaN,NaN,390.803843006162,0.957718911848192,39.3313480975013,11.4112690974374,9.76301580546491,2.18530793126196,0.0047620618456528,0.00199282664384809,0,1.00038589140704,2944.39925001819,0,19943.8506024096,1,1,1,1,2018-10-04T16:44:37.359,20181004_ecoli_ARA_M2_10K,-0,-0,158.7,DIA_100X_EMPTY_1x1_200ms,,,
19,37,9.98279779132065,370,48.8510902511146,1373.63783783784,1746.26216216216,NaN,NaN,NaN,NaN,NaN,NaN,NaN,NaN,NaN,NaN,NaN,NaN,NaN,NaN,NaN,369.237273614182,0.918181558618714,36.9256117275268,11.9418658160529,9.63547190368109,2.57842141393222,0.0230166259883831,0.015452615046667,0,1.02060276275408,2692.54864908385,1,20590.5027027027,1,1,1,1,2018-10-04T16:44:37.359,20181004_ecoli_ARA_M2_10K,-0,-0,158.7,DIA_100X_EMPTY_1x1_200ms,,,
20,41,13.0171623703849,537,-49.9999664853237,1374.74487895717,267.309124767225,NaN,NaN,NaN,NaN,NaN,NaN,NaN,NaN,NaN,NaN,NaN,NaN,NaN,NaN,NaN,523.320048143232,0.775870804062778,50.8347424922757,17.1178918689054,10.5777386006317,3.24014125885161,0.176762040153339,0.0596908573525344,3,1.78871697846024,4467.20795707778,2,21811.303538175,1,1,1,1,2018-10-04T16:44:37.359,20181004_ecoli_ARA_M2_10K,-0,-0,158.7,DIA_100X_EMPTY_1x1_200ms,,,
21,47,9.59104192511566,451,49.3196623115978,1385.38359201774,1741.11973392461,NaN,NaN,NaN,NaN,NaN,NaN,NaN,NaN,NaN,NaN,NaN,NaN,NaN,NaN,NaN,448.814143838341,0.934486070168302,46.7187200792982,11.331315503255,9.35790792401475,2.16060435527105,0.0108622384717388,0.00473265062934961,2,1.00045577487353,3213.204399652,1,21269.4722838137,1,1,1,1,2018-10-04T16:44:37.359,20181004_ecoli_ARA_M2_10K,-0,-0,158.7,DIA_100X_EMPTY_1x1_200ms,,,
22,21,8.4951421831173,179,-22.4809565506377,1385.39664804469,274.960893854749,NaN,NaN,NaN,NaN,NaN,NaN,NaN,NaN,NaN,NaN,NaN,NaN,NaN,NaN,NaN,214.691731436224,0.995827004893555,22.1245380681684,11.7537290169387,9.25004036398385,3.04583910747637,0.0185763406431173,0.00737684893999091,1,1.00145770598005,1486.79588020938,2,22366.0446927374,1,1,1,1,2018-10-04T16:44:37.359,20181004_ecoli_ARA_M2_10K,-0,-0,158.7,DIA_100X_EMPTY_1x1_200ms,,,
23,20,10.047359937591,201,-11.3621731970497,1393.62686567164,261.781094527363,NaN,NaN,NaN,NaN,NaN,NaN,NaN,NaN,NaN,NaN,NaN,NaN,NaN,NaN,NaN,202.545887012072,0.9997591342516,19.1447679296326,13.2759386946474,10.0682551031221,3.58126710078153,0.0253096840418164,0.0130934443030933,0,1.00442325113637,1524.22264454133,2,21811.3830845771,1,1,1,1,2018-10-04T16:44:37.359,20181004_ecoli_ARA_M2_10K,-0,-0,158.7,DIA_100X_EMPTY_1x1_200ms,,,
24,37,10.242660833322,379,49.4415795940216,1519.30606860158,1072.61477572559,NaN,NaN,NaN,NaN,NaN,NaN,NaN,NaN,NaN,NaN,NaN,NaN,NaN,NaN,NaN,356.542601787455,0.972243750584099,36.4957911663502,11.4509274831709,9.50425167184269,2.42877807013681,0.00378200248000041,0.00182493362023492,1,1.00024437030661,2589.21741831281,0,19923.9656992084,1,1,1,1,2018-10-04T16:44:37.359,20181004_ecoli_ARA_M2_10K,-0,-0,158.7,DIA_100X_EMPTY_1x1_200ms,,,
25,40,9.77832783625627,392,48.5307668135295,1568.86734693878,1098.90051020408,NaN,NaN,NaN,NaN,NaN,NaN,NaN,NaN,NaN,NaN,NaN,NaN,NaN,NaN,NaN,387.937782920969,0.9106374292714,40.7683406936441,11.2375628384096,9.34606112925573,2.09430003023906,0.0139670638409513,0.00699527168625945,1,1.00562810182508,2796.85628884726,0,21521.8852040816,1,1,1,1,2018-10-04T16:44:37.359,20181004_ecoli_ARA_M2_10K,-0,-0,158.7,DIA_100X_EMPTY_1x1_200ms,,,
26,22,10.3457067352616,233,11.1836739138067,1560.34334763949,47.8712446351931,NaN,NaN,NaN,NaN,NaN,NaN,NaN,NaN,NaN,NaN,NaN,NaN,NaN,NaN,NaN,222.150178245149,0.999945596995265,21.8846054269175,12.0059240977315,9.85040002318136,3.04725117549979,0.00161360167041205,0.000838782291340094,0,1.00002018791401,1667.77069012697,0,20346.1716738197,1,1,1,1,2018-10-04T16:44:37.359,20181004_ecoli_ARA_M2_10K,-0,-0,158.7,DIA_100X_EMPTY_1x1_200ms,,,
27,40,10.2517848365131,411,48.1808719585381,1915.49878345499,930.759124087591,NaN,NaN,NaN,NaN,NaN,NaN,NaN,NaN,NaN,NaN,NaN,NaN,NaN,NaN,NaN,388.414077072903,0.956831729170616,41.0169271500538,10.9112247905429,9.25861327044329,2.16251952752587,0.0111126574224892,0.00566182572442751,1,1.00343713922282,2761.49900440426,0,21341.3673965937,1,1,1,1,2018-10-04T16:44:37.359,20181004_ecoli_ARA_M2_10K,-0,-0,158.7,DIA_100X_EMPTY_1x1_200ms,,,
28,24,10.6405346164417,256,30.4970081935476,2036.71875,413.6484375,NaN,NaN,NaN,NaN,NaN,NaN,NaN,NaN,NaN,NaN,NaN,NaN,NaN,NaN,NaN,NaN,NaN,NaN,NaN,NaN,NaN,NaN,NaN,NaN,NaN,NaN,0,21172.64453125,1,1,1,1,2018-10-04T16:44:37.359,20181004_ecoli_ARA_M2_10K,-0,-0,158.7,DIA_100X_EMPTY_1x1_200ms,,,
1,31,10.7613414357384,334,48.3427777551751,122.601796407186,703.895209580838,NaN,NaN,NaN,NaN,NaN,NaN,NaN,NaN,NaN,NaN,NaN,NaN,NaN,NaN,NaN,315.945835242555,0.966408889446056,31.1469562101369,11.5786067653171,9.87497674605697,2.53849138546592,0.00366835153756414,0.00162436725790946,1,1.00010929121853,2385.49031055207,0,19744.997005988,1,1,1,9,2018-10-04T16:44:56.411,20181004_ecoli_ARA_M2_10K,-1000,1732,158.7,DIA_100X_EMPTY_1x1_200ms,,,
2,25,11.815077600399,296,36.6888363522898,144.834459459459,833.641891891892,NaN,NaN,NaN,NaN,NaN,NaN,NaN,NaN,NaN,NaN,NaN,NaN,NaN,NaN,NaN,269.479714417652,0.995434623595908,25.3345165718314,12.4540074509677,10.3674839911814,2.98369572713873,0.0098841136657734,0.00425216462813083,1,1.00052648301032,2138.6969486178,0,20116.7195945946,1,1,1,9,2018-10-04T16:44:56.411,20181004_ecoli_ARA_M2_10K,-1000,1732,158.7,DIA_100X_EMPTY_1x1_200ms,,,
3,28,11.428459902262,320,45.7106208419712,170.746875,503.43125,NaN,NaN,NaN,NaN,NaN,NaN,NaN,NaN,NaN,NaN,NaN,NaN,NaN,NaN,NaN,292.53404898834,0.978541937233401,28.540485623798,12.033355855786,9.90056999003925,2.82312489428526,0.00293607608949217,0.00123838436810853,1,1.00008257049671,2197.21035143841,0,20204.15,1,1,1,9,2018-10-04T16:44:56.411,20181004_ecoli_ARA_M2_10K,-1000,1732,158.7,DIA_100X_EMPTY_1x1_200ms,,,
4,33,10.0163903697403,331,48.9494481746645,223.036253776435,1160.90634441088,NaN,NaN,NaN,NaN,NaN,NaN,NaN,NaN,NaN,NaN,NaN,NaN,NaN,NaN,NaN,324.126045839313,0.973299163189081,33.2385871656526,11.5147819728468,9.53459954319615,2.34117662273157,0.00940729551133284,0.00376194955216385,1,1.00064735701065,2373.21645700292,0,20997.749244713,1,1,1,9,2018-10-04T16:44:56.411,20181004_ecoli_ARA_M2_10K,-1000,1732,158.7,DIA_100X_EMPTY_1x1_200ms,,,
5,23,10.451920800954,248,19.0343028442611,527.141129032258,1007.61693548387,NaN,NaN,NaN,NaN,NaN,NaN,NaN,NaN,NaN,NaN,NaN,NaN,NaN,NaN,NaN,235.295765064257,0.998587808104452,23.2358463082587,11.8197993761909,9.79709913323123,2.96600795682751,0.00553052395792982,0.00251029020693011,1,1.00023833785314,1751.6340612788,0,20444.5201612903,1,1,1,9,2018-10-04T16:44:56.411,20181004_ecoli_ARA_M2_10K,-1000,1732,158.7,DIA_100X_EMPTY_1x1_200ms,,,
6,41,10.5463087115794,433,43.3944895475733,564.545034642032,562.748267898383,NaN,NaN,NaN,NaN,NaN,NaN,NaN,NaN,NaN,NaN,NaN,NaN,NaN,NaN,NaN,408.284827885378,0.876162211376502,41.5914016903109,11.1520971968445,9.62647390648336,2.09188937873996,0.0341608037664986,0.0143806138815127,2,1.02864474929572,3027.10798911444,0,20099.129330254,1,1,1,9,2018-10-04T16:44:56.411,20181004_ecoli_ARA_M2_10K,-1000,1732,158.7,DIA_100X_EMPTY_1x1_200ms,,,
7,30,10.7961773267155,329,46.565611662079,638.288753799392,1583.726443769,NaN,NaN,NaN,NaN,NaN,NaN,NaN,NaN,NaN,NaN,NaN,NaN,NaN,NaN,NaN,314.43611483004,0.972865769707761,30.9765857344705,11.9093794311241,9.81116653060892,2.7399875524549,0.00832306757581067,0.00442247246693627,0,1.00128121737869,2341.88046408106,0,19860.8601823708,1,1,1,9,2018-10-04T16:44:56.411,20181004_ecoli_ARA_M2_10K,-1000,1732,158.7,DIA_100X_EMPTY_1x1_200ms,,,
8,31,10.7155645682213,333,47.4299507885048,698.771771771772,30.4954954954955,NaN,NaN,NaN,NaN,NaN,NaN,NaN,NaN,NaN,NaN,NaN,NaN,NaN,NaN,NaN,310.776542285994,0.977868027390333,31.0699393484024,11.5311841461474,9.56325235620226,2.80999547004053,0.236510587001611,0.00630460949882954,0,1.00036834806189,2231.72931989445,0,20294.2762762763,1,1,1,9,2018-10-04T16:44:56.411,20181004_ecoli_ARA_M2_10K,-1000,1732,158.7,DIA_100X_EMPTY_1x1_200ms,,,
9,30,9.87034557424418,296,47.7627309487959,905.064189189189,1505.88851351351,NaN,NaN,NaN,NaN,NaN,NaN,NaN,NaN,NaN,NaN,NaN,NaN,NaN,NaN,NaN,293.794722526506,0.974635325278196,29.9689216650113,11.671678455878,9.33608028548339,2.88086613627808,0.0153914372902445,0.00796450242755507,1,1.00394377826566,2051.58801546636,0,20287.5540540541,1,1,1,9,2018-10-04T16:44:56.411,20181004_ecoli_ARA_M2_10K,-1000,1732,158.7,DIA_100X_EMPTY_1x1_200ms,,,
10,24,10.2923033911913,247,44.2803621006204,918.7004048583,1356.10526315789,NaN,NaN,NaN,NaN,NaN,NaN,NaN,NaN,NaN,NaN,NaN,NaN,NaN,NaN,NaN,240.722404045475,0.995034203611909,23.6289972855092,11.9284909379591,9.83519183582553,2.96138721807656,0.00927448296903835,0.00469232534710396,0,1.00083524587338,1795.15041705349,0,19864.0809716599,1,1,1,9,2018-10-04T16:44:56.411,20181004_ecoli_ARA_M2_10K,-1000,1732,158.7,DIA_100X_EMPTY_1x1_200ms,,,
11,29,11.1130617447542,323,48.0113771647712,971.551083591331,459.315789473684,NaN,NaN,NaN,NaN,NaN,NaN,NaN,NaN,NaN,NaN,NaN,NaN,NaN,NaN,NaN,293.55638963831,0.980384825580094,28.7478817658027,11.7586426102378,9.95324425685097,2.66290119146975,0.00853086217606581,0.00380777145775459,1,1.00063161282834,2236.78919066616,0,19782.2476780186,1,1,1,9,2018-10-04T16:44:56.411,20181004_ecoli_ARA_M2_10K,-1000,1732,158.7,DIA_100X_EMPTY_1x1_200ms,,,
12,24,9.92757511816979,238,45.1105283034688,1102.43697478992,1644.31932773109,NaN,NaN,NaN,NaN,NaN,NaN,NaN,NaN,NaN,NaN,NaN,NaN,NaN,NaN,NaN,238.836421655428,0.993404224890196,23.9757497486563,11.8877822632692,9.55328649854621,2.95708134743844,0.00632884426424293,0.00268984849587833,1,1.0002314175984,1718.57180619113,0,20335.6680672269,1,1,1,9,2018-10-04T16:44:56.411,20181004_ecoli_ARA_M2_10K,-1000,1732,158.7,DIA_100X_EMPTY_1x1_200ms,,,
13,23,10.2429015401488,236,41.1679409105053,1126.98305084746,874.199152542373,NaN,NaN,NaN,NaN,NaN,NaN,NaN,NaN,NaN,NaN,NaN,NaN,NaN,NaN,NaN,230.230460619634,0.998175424441987,22.9209273886362,11.8420144598487,9.76694058717901,2.84996657953464,0.00283969119154922,0.00124928134213921,1,1.00003874649743,1717.27227546451,0,20155.1313559322,1,1,1,9,2018-10-04T16:44:56.411,20181004_ecoli_ARA_M2_10K,-1000,1732,158.7,DIA_100X_EMPTY_1x1_200ms,,,
14,24,10.6837983631301,257,32.9191595391867,1184.51750972763,1963.43190661479,NaN,NaN,NaN,NaN,NaN,NaN,NaN,NaN,NaN,NaN,NaN,NaN,NaN,NaN,NaN,249.520525258597,0.989507869434579,24.5384235883735,11.7429627618947,9.77088521968019,2.91363987926627,0.00390450796816223,0.00208368627721654,0,1.00016422553065,1839.94297671009,0,20572.7509727626,1,1,1,9,2018-10-04T16:44:56.411,20181004_ecoli_ARA_M2_10K,-1000,1732,158.7,DIA_100X_EMPTY_1x1_200ms,,,
15,31,10.5115678119724,327,46.6252941579662,1221.71559633028,62.1467889908257,NaN,NaN,NaN,NaN,NaN,NaN,NaN,NaN,NaN,NaN,NaN,NaN,NaN,NaN,NaN,316.907078942988,0.965221990017964,31.6455837004943,11.7030983423669,9.75567703698473,2.44611854544496,0.011668663835709,0.00513860553521615,2,1.00200322901897,2365.47205063377,0,20097.9694189602,1,1,1,9,2018-10-04T16:44:56.411,20181004_ecoli_ARA_M2_10K,-1000,1732,158.7,DIA_100X_EMPTY_1x1_200ms,,,
16,25,10.2506637954736,257,42.8041599372785,1222.08949416342,833.610894941634,NaN,NaN,NaN,NaN,NaN,NaN,NaN,NaN,NaN,NaN,NaN,NaN,NaN,NaN,NaN,248.592026747102,0.989830507168972,24.8105650202746,11.4920758625705,9.73114815437835,2.71044962526326,0.00195463147501533,0.00101186563698167,1,1.00001169617055,1845.2478389263,0,19680.4708171206,1,1,1,9,2018-10-04T16:44:56.411,20181004_ecoli_ARA_M2_10K,-1000,1732,158.7,DIA_100X_EMPTY_1x1_200ms,,,
17,30,9.97154632997662,300,45.6626985280778,1266.16333333333,246.123333333333,NaN,NaN,NaN,NaN,NaN,NaN,NaN,NaN,NaN,NaN,NaN,NaN,NaN,NaN,NaN,298.487364486148,0.964129508869127,31.47979073995,11.0340377849244,9.17921387997838,2.45822118704,0.00291066611527311,0.00115529011621165,1,1.00007133583517,2083.20829698182,0,21257.6233333333,1,1,1,9,2018-10-04T16:44:56.411,20181004_ecoli_ARA_M2_10K,-1000,1732,158.7,DIA_100X_EMPTY_1x1_200ms,,,
18,29,10.5544093901914,307,47.9963239591681,1341.45602605863,637.543973941368,NaN,NaN,NaN,NaN,NaN,NaN,NaN,NaN,NaN,NaN,NaN,NaN,NaN,NaN,NaN,296.348958511303,0.965682877452427,29.605959288047,11.6992862657954,9.73096060961108,2.54043537378492,0.0111990459992341,0.00455513394285387,2,1.00146283878435,2201.81308371902,0,20569.9771986971,1,1,1,9,2018-10-04T16:44:56.411,20181004_ecoli_ARA_M2_10K,-1000,1732,158.7,DIA_100X_EMPTY_1x1_200ms,,,
19,41,10.7015331943994,440,48.4900458915771,1592.72727272727,1371.34772727273,NaN,NaN,NaN,NaN,NaN,NaN,NaN,NaN,NaN,NaN,NaN,NaN,NaN,NaN,NaN,408.249294424497,0.93747197328324,41.4254348977047,11.423644134292,9.60109960266607,2.25200301897719,0.0579665567020422,0.00570648935557019,0,1.00246462301343,2999.15497850291,0,20639.575,1,1,1,9,2018-10-04T16:44:56.411,20181004_ecoli_ARA_M2_10K,-1000,1732,158.7,DIA_100X_EMPTY_1x1_200ms,,,
20,48,10.318107182719,496,49.0920288750978,1600.32862903226,126.596774193548,NaN,NaN,NaN,NaN,NaN,NaN,NaN,NaN,NaN,NaN,NaN,NaN,NaN,NaN,NaN,479.952353092104,0.914388073128752,49.0588496824175,11.7003728083048,9.59962073104012,1.98132728283316,0.0100369343670403,0.0030886787743141,2,1.00070553695582,3550.71154340411,0,20470.2883064516,1,1,1,9,2018-10-04T16:44:56.411,20181004_ecoli_ARA_M2_10K,-1000,1732,158.7,DIA_100X_EMPTY_1x1_200ms,,,
21,21,10.2549400906828,216,21.5773348892088,1808.40277777778,1580.97222222222,NaN,NaN,NaN,NaN,NaN,NaN,NaN,NaN,NaN,NaN,NaN,NaN,NaN,NaN,NaN,206.400707208515,0.999639674084805,20.8910872692795,11.7385834184477,9.57291007455713,2.99611291607558,0.00302858824051206,0.00159240873497893,0,1.00007610127896,1503.62273331644,0,21060.9027777778,1,1,1,9,2018-10-04T16:44:56.411,20181004_ecoli_ARA_M2_10K,-1000,1732,158.7,DIA_100X_EMPTY_1x1_200ms,,,
1,26,9.99038445291277,260,45.9754855978852,88.9153846153846,466.519230769231,NaN,NaN,NaN,NaN,NaN,NaN,NaN,NaN,NaN,NaN,NaN,NaN,NaN,NaN,NaN,255.860347553281,0.992530820898255,26.286596567411,11.5233703778347,9.47110339291652,2.68494946540848,0.00342679664387073,0.00182168601552377,1,1.00004323659714,1851.9335375921,0,20372.3346153846,1,1,1,31,2018-10-04T16:45:48.573,20181004_ecoli_ARA_M2_10K,-3000,-0,158.7,DIA_100X_EMPTY_1x1_200ms,,,
2,22,11.0820664085307,244,13.2914155145215,166.270491803279,505.049180327869,NaN,NaN,NaN,NaN,NaN,NaN,NaN,NaN,NaN,NaN,NaN,NaN,NaN,NaN,NaN,228.923179913604,0.999762833108476,21.706213892526,12.47184293947,10.1849821249571,3.19571513009883,0.00619669421175877,0.00265729201363753,1,1.00015447549929,1768.45698956893,0,20077.2540983607,1,1,1,31,2018-10-04T16:45:48.573,20181004_ecoli_ARA_M2_10K,-3000,-0,158.7,DIA_100X_EMPTY_1x1_200ms,,,
3,36,16.0545306119192,578,-49.9999999999921,271.370242214533,466.410034602076,NaN,NaN,NaN,NaN,NaN,NaN,NaN,NaN,NaN,NaN,NaN,NaN,NaN,NaN,NaN,568.681061113126,0.684017066456998,NaN,NaN,NaN,NaN,NaN,NaN,NaN,NaN,NaN,1,20965.4446366782,1,1,1,31,2018-10-04T16:45:48.573,20181004_ecoli_ARA_M2_10K,-3000,-0,158.7,DIA_100X_EMPTY_1x1_200ms,,,
4,24,10.319610235701,248,39.4400833391095,258.45564516129,488.350806451613,NaN,NaN,NaN,NaN,NaN,NaN,NaN,NaN,NaN,NaN,NaN,NaN,NaN,NaN,NaN,244.233939462974,0.991354406912529,24.525478120152,11.6823958755165,9.59501004352671,2.86704773206542,0.0115661748871805,0.00715123437587511,0,1.00201012480069,1773.36540249194,1,20566.0927419355,1,1,1,31,2018-10-04T16:45:48.573,20181004_ecoli_ARA_M2_10K,-3000,-0,158.7,DIA_100X_EMPTY_1x1_200ms,,,
5,24,11.143230216456,268,26.527913027177,440.205223880597,746.772388059701,NaN,NaN,NaN,NaN,NaN,NaN,NaN,NaN,NaN,NaN,NaN,NaN,NaN,NaN,NaN,257.538453120329,0.991930004567779,25.1481660182913,12.2641488437283,9.90770463083654,2.94191059691105,0.00881430680925641,0.0039077263634509,1,1.00067829126676,1938.84147702592,0,19860.8955223881,1,1,1,31,2018-10-04T16:45:48.573,20181004_ecoli_ARA_M2_10K,-3000,-0,158.7,DIA_100X_EMPTY_1x1_200ms,,,
6,28,10.5888904435398,297,46.6307419870687,523.225589225589,588.232323232323,NaN,NaN,NaN,NaN,NaN,NaN,NaN,NaN,NaN,NaN,NaN,NaN,NaN,NaN,NaN,284.346246873435,0.98064481922811,28.5551183549095,11.7834276910659,9.63046451602486,2.71456602583994,0.00459875231448271,0.00164760660782647,2,1.00014668138486,2080.02385968279,0,20489.2154882155,1,1,1,31,2018-10-04T16:45:48.573,20181004_ecoli_ARA_M2_10K,-3000,-0,158.7,DIA_100X_EMPTY_1x1_200ms,,,
7,75,10.3902093756887,780,-42.2080215160188,533.325641025641,784.730769230769,NaN,NaN,NaN,NaN,NaN,NaN,NaN,NaN,NaN,NaN,NaN,NaN,NaN,NaN,NaN,742.975757036428,0.846925294676409,76.2301561201635,11.7497321933862,9.58746179590122,2.43542723114685,0.0151931950602231,0.00540772750316459,3,1.00165827037545,5503.31007796252,0,20228.9423076923,1,1,1,31,2018-10-04T16:45:48.573,20181004_ecoli_ARA_M2_10K,-3000,-0,158.7,DIA_100X_EMPTY_1x1_200ms,,,
8,28,11.4014273145723,321,45.8617601700545,580.080996884735,780.429906542056,NaN,NaN,NaN,NaN,NaN,NaN,NaN,NaN,NaN,NaN,NaN,NaN,NaN,NaN,NaN,298.091997194674,0.977597262760112,28.403110119641,11.9874032893105,10.259378244247,2.65350109835668,0.00231116713353507,0.00102844960820096,2,1.0000556608668,2347.99875572145,0,19767.292834891,1,1,1,31,2018-10-04T16:45:48.573,20181004_ecoli_ARA_M2_10K,-3000,-0,158.7,DIA_100X_EMPTY_1x1_200ms,,,
9,36,11.0185464749481,397,49.4639867901298,672.078085642317,1427.08312342569,NaN,NaN,NaN,NaN,NaN,NaN,NaN,NaN,NaN,NaN,NaN,NaN,NaN,NaN,NaN,369.517690953029,0.958110581832953,36.1144376321163,11.7142673679433,9.99352877061791,2.4109028002406,0.012530680675891,0.00540864310059622,2,1.00274233754363,2832.75146007253,0,19504.5818639798,1,1,1,31,2018-10-04T16:45:48.573,20181004_ecoli_ARA_M2_10K,-3000,-0,158.7,DIA_100X_EMPTY_1x1_200ms,,,
10,27,11.2280763449299,304,43.5607896249271,700.950657894737,715.730263157895,NaN,NaN,NaN,NaN,NaN,NaN,NaN,NaN,NaN,NaN,NaN,NaN,NaN,NaN,NaN,291.699943557822,0.986324557970652,28.0778237492143,12.368475222092,9.8882168179134,3.10592648636002,0.00903499923425215,0.00159962469839279,1,1.00012453395957,2156.20121324209,0,19503.0164473684,1,1,1,31,2018-10-04T16:45:48.573,20181004_ecoli_ARA_M2_10K,-3000,-0,158.7,DIA_100X_EMPTY_1x1_200ms,,,
11,29,11.337808713343,330,45.1222140725739,769.40303030303,680.760606060606,NaN,NaN,NaN,NaN,NaN,NaN,NaN,NaN,NaN,NaN,NaN,NaN,NaN,NaN,NaN,310.45235031346,0.971612161562666,29.8224899559526,12.4178878297144,10.1712032441147,2.64617219027253,0.00347295580270503,0.0020222856001213,1,1.00006157868039,2423.13966960903,0,19541.4151515151,1,1,1,31,2018-10-04T16:45:48.573,20181004_ecoli_ARA_M2_10K,-3000,-0,158.7,DIA_100X_EMPTY_1x1_200ms,,,
12,44,10.474873864896,461,19.9588170022618,825.765726681128,562.09978308026,NaN,NaN,NaN,NaN,NaN,NaN,NaN,NaN,NaN,NaN,NaN,NaN,NaN,NaN,NaN,441.748947232809,0.854823445689418,44.9231354162683,12.4324148830013,9.60951421515199,2.70505478680729,0.0192342610467702,0.00981175548130511,1,1.01427151731476,3258.0879885363,0,20146.68329718,1,1,1,31,2018-10-04T16:45:48.573,20181004_ecoli_ARA_M2_10K,-3000,-0,158.7,DIA_100X_EMPTY_1x1_200ms,,,
13,48,24.6331784038269,1183,-49.9999997564006,840.70583262891,659.029585798817,NaN,NaN,NaN,NaN,NaN,NaN,NaN,NaN,NaN,NaN,NaN,NaN,NaN,NaN,NaN,NaN,NaN,NaN,NaN,NaN,NaN,NaN,NaN,NaN,NaN,NaN,0,21577.6238377008,1,1,1,31,2018-10-04T16:45:48.573,20181004_ecoli_ARA_M2_10K,-3000,-0,158.7,DIA_100X_EMPTY_1x1_200ms,,,
14,55,11.3671451214249,626,48.7572606066813,921.156549520767,573.685303514377,NaN,NaN,NaN,NaN,NaN,NaN,NaN,NaN,NaN,NaN,NaN,NaN,NaN,NaN,NaN,573.738704971553,0.907214674448417,55.4522558457194,12.0385310238693,10.070114102941,2.24660184535906,0.0116605676661957,0.00507552396700291,1,1.002006781728,4416.49641963318,0,19020.9329073482,1,1,1,31,2018-10-04T16:45:48.573,20181004_ecoli_ARA_M2_10K,-3000,-0,158.7,DIA_100X_EMPTY_1x1_200ms,,,
15,51,10.4892444140835,535,32.6996031908622,952.846728971963,1650.22056074766,NaN,NaN,NaN,NaN,NaN,NaN,NaN,NaN,NaN,NaN,NaN,NaN,NaN,NaN,NaN,507.102059407639,0.85215424189986,51.2673590255508,11.5272062420031,9.70941121329268,2.24867952323353,0.033903285790447,0.0123015521826605,3,1.0059786993876,3795.91620420628,0,19434.814953271,1,1,1,31,2018-10-04T16:45:48.573,20181004_ecoli_ARA_M2_10K,-3000,-0,158.7,DIA_100X_EMPTY_1x1_200ms,,,
16,24,10.7908326523081,259,42.4218048829285,1006.25868725869,371.185328185328,NaN,NaN,NaN,NaN,NaN,NaN,NaN,NaN,NaN,NaN,NaN,NaN,NaN,NaN,NaN,251.164595979453,0.996993996897622,24.5372598188704,12.1300829073866,9.85889875192711,3.02979201737503,0.0042503696053785,0.00223198902839887,1,1.00020658045988,1873.15086006794,0,19699.2393822394,1,1,1,31,2018-10-04T16:45:48.573,20181004_ecoli_ARA_M2_10K,-3000,-0,158.7,DIA_100X_EMPTY_1x1_200ms,,,
17,27,10.7649480147346,291,47.1901622846502,1086.75257731959,248.247422680412,NaN,NaN,NaN,NaN,NaN,NaN,NaN,NaN,NaN,NaN,NaN,NaN,NaN,NaN,NaN,277.82689103451,0.987430541799318,27.017869232031,11.8188537916779,9.90933617807101,2.91312362129775,0.00440943490169905,0.00179476210310509,1,1.00013133989465,2083.67557654837,0,19674.9175257732,1,1,1,31,2018-10-04T16:45:48.573,20181004_ecoli_ARA_M2_10K,-3000,-0,158.7,DIA_100X_EMPTY_1x1_200ms,,,
18,41,9.68683653796356,398,49.272962160882,1234.26633165829,87.1256281407035,NaN,NaN,NaN,NaN,NaN,NaN,NaN,NaN,NaN,NaN,NaN,NaN,NaN,NaN,NaN,401.028563193097,0.946960248648232,41.7852103278622,11.4940002361562,9.43368872285653,2.08911079568577,0.00800059462950862,0.00345146063784888,1,1.00106798681034,2920.62338324137,0,20420.6557788945,1,1,1,31,2018-10-04T16:45:48.573,20181004_ecoli_ARA_M2_10K,-3000,-0,158.7,DIA_100X_EMPTY_1x1_200ms,,,
19,52,14.208147474259,739,-49.9991792532598,1282.35859269283,30.3288227334235,NaN,NaN,NaN,NaN,NaN,NaN,NaN,NaN,NaN,NaN,NaN,NaN,NaN,NaN,NaN,NaN,NaN,NaN,NaN,NaN,NaN,NaN,NaN,NaN,NaN,NaN,0,20789.3843031123,1,1,1,31,2018-10-04T16:45:48.573,20181004_ecoli_ARA_M2_10K,-3000,-0,158.7,DIA_100X_EMPTY_1x1_200ms,,,
20,30,10.4634168512182,314,48.4169583235685,2040.63694267516,1527.78343949045,NaN,NaN,NaN,NaN,NaN,NaN,NaN,NaN,NaN,NaN,NaN,NaN,NaN,NaN,NaN,289.768256207045,0.988470943963435,29.5343965361989,11.3934327936086,9.5034557335759,2.68704608924638,0.00700530871092306,0.00279693821934908,2,1.00049121262504,2094.98585575165,0,20997.6369426752,1,1,1,31,2018-10-04T16:45:48.573,20181004_ecoli_ARA_M2_10K,-3000,-0,158.7,DIA_100X_EMPTY_1x1_200ms,,,
1,36,10.5272469897506,380,48.7768955713151,21.6,891,NaN,NaN,NaN,NaN,NaN,NaN,NaN,NaN,NaN,NaN,NaN,NaN,NaN,NaN,NaN,357.06373035416,0.971920280299475,36.1455717370942,11.4742199295231,9.65047341447437,2.31950561886487,0.00260621753907013,0.00103815271683619,3,1.00001837882603,2643.88290841206,0,19797.9973684211,1,1,1,41,2018-10-04T16:46:11.898,20181004_ecoli_ARA_M2_10K,-2000,3464,158.7,DIA_100X_EMPTY_1x1_200ms,,,
2,35,10.5853180711495,371,49.4670350512731,39.5579514824798,635.234501347709,NaN,NaN,NaN,NaN,NaN,NaN,NaN,NaN,NaN,NaN,NaN,NaN,NaN,NaN,NaN,338.33943794088,0.963629842043303,33.9473111257462,11.503269899179,9.66214402766306,2.49828761982386,0.0123518661220227,0.00568362774673345,1,1.00122827271806,2489.09960550756,0,19992.5633423181,1,1,1,41,2018-10-04T16:46:11.898,20181004_ecoli_ARA_M2_10K,-2000,3464,158.7,DIA_100X_EMPTY_1x1_200ms,,,
3,28,10.8766633630591,305,46.7793377936649,59.6590163934426,96.6819672131148,NaN,NaN,NaN,NaN,NaN,NaN,NaN,NaN,NaN,NaN,NaN,NaN,NaN,NaN,NaN,283.948828196235,0.986137514335149,27.7333391150916,11.860641613152,9.95502849304057,2.69329564724068,0.00152382417355468,0.000801403153667483,1,1.00001922464369,2158.62428301814,0,20083.8065573771,1,1,1,41,2018-10-04T16:46:11.898,20181004_ecoli_ARA_M2_10K,-2000,3464,158.7,DIA_100X_EMPTY_1x1_200ms,,,
4,36,12.0183583123105,434,49.0780332885782,98.258064516129,1822.93778801843,NaN,NaN,NaN,NaN,NaN,NaN,NaN,NaN,NaN,NaN,NaN,NaN,NaN,NaN,NaN,396.305084099291,0.956117013781272,36.7477756241728,12.7596817203253,10.5844808207244,2.49037863570328,0.020719699523867,0.00834685696395483,0,1.00548619511875,3233.40464559977,1,18781.9493087558,1,1,1,41,2018-10-04T16:46:11.898,20181004_ecoli_ARA_M2_10K,-2000,3464,158.7,DIA_100X_EMPTY_1x1_200ms,,,
5,20,10.5822467704645,212,1.84967464234413,92.2169811320755,501.971698113208,NaN,NaN,NaN,NaN,NaN,NaN,NaN,NaN,NaN,NaN,NaN,NaN,NaN,NaN,NaN,204.25715600888,0.999807097312138,20.1117436045054,12.3283821883926,9.72467307458762,3.30528990567144,0.00303782982143635,0.00137610550280476,1,1.00005490302479,1493.79026650607,0,20141.8867924528,1,1,1,41,2018-10-04T16:46:11.898,20181004_ecoli_ARA_M2_10K,-2000,3464,158.7,DIA_100X_EMPTY_1x1_200ms,,,
6,29,9.98226749256363,290,48.1093301973303,99.148275862069,1809.3,NaN,NaN,NaN,NaN,NaN,NaN,NaN,NaN,NaN,NaN,NaN,NaN,NaN,NaN,NaN,290.781207451263,0.972304480888071,28.79559879229,11.5857767521309,9.86734430828001,2.56530206611206,0.0132795250392206,0.0069897466098714,0,1.00238897616425,2201.99617643312,1,20274.6931034483,1,1,1,41,2018-10-04T16:46:11.898,20181004_ecoli_ARA_M2_10K,-2000,3464,158.7,DIA_100X_EMPTY_1x1_200ms,,,
7,22,10.6832890640085,235,33.437392523261,96.7531914893617,23.8553191489362,NaN,NaN,NaN,NaN,NaN,NaN,NaN,NaN,NaN,NaN,NaN,NaN,NaN,NaN,NaN,221.572978348677,0.999817628544511,21.6473177521233,12.1200883000663,9.83687531810197,3.19823244388466,0.00113814473257603,0.000526148207418956,1,1.00000923414964,1645.16062608473,0,20190.2765957447,1,1,1,41,2018-10-04T16:46:11.898,20181004_ecoli_ARA_M2_10K,-2000,3464,158.7,DIA_100X_EMPTY_1x1_200ms,,,
8,26,12.2682312526278,320,40.8143298374916,168.565625,885.55625,NaN,NaN,NaN,NaN,NaN,NaN,NaN,NaN,NaN,NaN,NaN,NaN,NaN,NaN,NaN,290.939150933949,0.990489359529255,26.4249540261761,12.9020992724161,10.7517502064814,2.95380085341874,0.00122961134350923,0.000682480827159297,1,1.00000814909309,2399.17790759141,0,18782.95,1,1,1,41,2018-10-04T16:46:11.898,20181004_ecoli_ARA_M2_10K,-2000,3464,158.7,DIA_100X_EMPTY_1x1_200ms,,,
9,34,10.7645452909337,366,49.0140337259911,297.754098360656,1917.09836065574,NaN,NaN,NaN,NaN,NaN,NaN,NaN,NaN,NaN,NaN,NaN,NaN,NaN,NaN,NaN,344.109567428869,0.968288344221105,33.8879215993097,11.5701059367179,9.96456441572341,2.39885242696928,0.00795441153968547,0.0029069834797464,1,1.00061357915294,2642.72183519237,1,19412.4590163934,1,1,1,41,2018-10-04T16:46:11.898,20181004_ecoli_ARA_M2_10K,-2000,3464,158.7,DIA_100X_EMPTY_1x1_200ms,,,
10,20,9.89896649113625,198,-30.3504624052698,299.277777777778,1929.34848484848,NaN,NaN,NaN,NaN,NaN,NaN,NaN,NaN,NaN,NaN,NaN,NaN,NaN,NaN,NaN,210.707182292658,0.999807524273058,20.1412039763548,12.4822192933717,10.0694650096522,3.22323776098553,0.0113635097927813,0.0058405425926528,1,1.00094232771187,1603.93994497555,1,19964.4646464646,1,1,1,41,2018-10-04T16:46:11.898,20181004_ecoli_ARA_M2_10K,-2000,3464,158.7,DIA_100X_EMPTY_1x1_200ms,,,
11,25,10.6618106875053,267,46.4153442162076,336.63670411985,210.247191011236,NaN,NaN,NaN,NaN,NaN,NaN,NaN,NaN,NaN,NaN,NaN,NaN,NaN,NaN,NaN,246.980747001232,0.998179893025885,24.3174329982656,11.6951842905996,9.86523120567332,2.85436086363814,0.00586472020232952,0.00339567611094534,0,1.00045040418557,1858.7549810044,0,19763.0299625468,1,1,1,41,2018-10-04T16:46:11.898,20181004_ecoli_ARA_M2_10K,-2000,3464,158.7,DIA_100X_EMPTY_1x1_200ms,,,
12,24,9.85571602196596,237,39.9560548243315,359.054852320675,1774.20675105485,NaN,NaN,NaN,NaN,NaN,NaN,NaN,NaN,NaN,NaN,NaN,NaN,NaN,NaN,NaN,247.45818041071,0.984042527261003,24.1541108902366,12.0096483010251,9.89164882681767,2.85752163308738,0.00372703080725625,0.00173353022746356,1,1.00013185366,1856.17242446893,1,19628.1729957806,1,1,1,41,2018-10-04T16:46:11.898,20181004_ecoli_ARA_M2_10K,-2000,3464,158.7,DIA_100X_EMPTY_1x1_200ms,,,
13,28,9.75747389876581,274,47.1754146803382,372.040145985401,1773.20437956204,NaN,NaN,NaN,NaN,NaN,NaN,NaN,NaN,NaN,NaN,NaN,NaN,NaN,NaN,NaN,287.279343951972,0.977523139223525,29.2054593281516,11.7540041865422,9.44383659920959,2.74676811208325,0.0121473123479469,0.00479605481005255,1,1.00114614762463,2045.74194878684,1,20471.3211678832,1,1,1,41,2018-10-04T16:46:11.898,20181004_ecoli_ARA_M2_10K,-2000,3464,158.7,DIA_100X_EMPTY_1x1_200ms,,,
14,36,10.7222779192448,386,49.3102633402662,385.613989637306,1613.63730569948,NaN,NaN,NaN,NaN,NaN,NaN,NaN,NaN,NaN,NaN,NaN,NaN,NaN,NaN,NaN,360.16271990905,0.95690287688488,36.1398748219396,11.3159298179047,9.60997104582309,2.55761995899823,0.00934939068175204,0.00309884542113111,1,1.00074565663124,2621.32387857419,0,20046.3886010363,1,1,1,41,2018-10-04T16:46:11.898,20181004_ecoli_ARA_M2_10K,-2000,3464,158.7,DIA_100X_EMPTY_1x1_200ms,,,
15,28,10.0655470124366,282,48.0306119945297,391.049645390071,658.794326241135,NaN,NaN,NaN,NaN,NaN,NaN,NaN,NaN,NaN,NaN,NaN,NaN,NaN,NaN,NaN,264.436722326533,0.990648064899607,26.6888213803987,11.4809586335626,9.45358950171643,2.89603848588619,0.00647585592564757,0.00339725393683013,1,1.00058048842227,1873.32339537712,0,20074.0567375887,1,1,1,41,2018-10-04T16:46:11.898,20181004_ecoli_ARA_M2_10K,-2000,3464,158.7,DIA_100X_EMPTY_1x1_200ms,,,
16,26,10.6177887999616,276,45.9671938629964,389.663043478261,327.735507246377,NaN,NaN,NaN,NaN,NaN,NaN,NaN,NaN,NaN,NaN,NaN,NaN,NaN,NaN,NaN,258.009096264144,0.991951981360197,25.5042557156889,11.5589626840015,9.72550435515547,2.90104072053256,0.00540828182098175,0.00231050375172757,1,1.00024829663029,1894.64043135423,0,19775.4094202899,1,1,1,41,2018-10-04T16:46:11.898,20181004_ecoli_ARA_M2_10K,-2000,3464,158.7,DIA_100X_EMPTY_1x1_200ms,,,
17,36,10.5543919587904,380,49.3268890044575,403.557894736842,428.497368421053,NaN,NaN,NaN,NaN,NaN,NaN,NaN,NaN,NaN,NaN,NaN,NaN,NaN,NaN,NaN,348.29976951747,0.980550531555168,35.0473929068063,11.3569105359259,9.6768841671444,2.44278341087968,0.00325114487296105,0.00127138698885456,2,1.00010338431247,2577.60688924036,0,20021.2842105263,1,1,1,41,2018-10-04T16:46:11.898,20181004_ecoli_ARA_M2_10K,-2000,3464,158.7,DIA_100X_EMPTY_1x1_200ms,,,
18,34,10.989877073699,375,48.5786605402859,413.106666666667,1097.42133333333,NaN,NaN,NaN,NaN,NaN,NaN,NaN,NaN,NaN,NaN,NaN,NaN,NaN,NaN,NaN,349.420282698506,0.972986915769512,34.7954172725698,11.50515717376,9.83212310600351,2.3335830103341,0.00583978076798789,0.00251970988774079,0,1.00050095412387,2641.84020732417,0,20003.9226666667,1,1,1,41,2018-10-04T16:46:11.898,20181004_ecoli_ARA_M2_10K,-2000,3464,158.7,DIA_100X_EMPTY_1x1_200ms,,,
19,31,10.0232785440849,311,48.040586332851,424.157556270096,912.633440514469,NaN,NaN,NaN,NaN,NaN,NaN,NaN,NaN,NaN,NaN,NaN,NaN,NaN,NaN,NaN,300.086494265239,0.974534186214948,30.8457540988898,11.2945220551901,9.37549139838135,2.63949498208551,0.044681986432047,0.0029010366487713,0,1.00027729239618,2129.47895715159,0,20096.8778135048,1,1,1,41,2018-10-04T16:46:11.898,20181004_ecoli_ARA_M2_10K,-2000,3464,158.7,DIA_100X_EMPTY_1x1_200ms,,,
20,30,10.1149557788801,303,48.2447950621775,427.696369636964,1322.16831683168,NaN,NaN,NaN,NaN,NaN,NaN,NaN,NaN,NaN,NaN,NaN,NaN,NaN,NaN,NaN,297.257336896282,0.971542370814626,29.7832186709899,11.2688038371664,9.73594910826001,2.42821094582544,0.00224887345376542,0.0011600352076065,1,1.00005743740115,2217.26755297462,0,19544.7821782178,1,1,1,41,2018-10-04T16:46:11.898,20181004_ecoli_ARA_M2_10K,-2000,3464,158.7,DIA_100X_EMPTY_1x1_200ms,,,
21,26,9.92236908480392,258,46.1828821131085,513.833333333333,680.550387596899,NaN,NaN,NaN,NaN,NaN,NaN,NaN,NaN,NaN,NaN,NaN,NaN,NaN,NaN,NaN,251.390679546916,0.995503688434155,25.2954325152914,11.8788568215182,9.66936454815717,2.8242865503412,0.00885090483247675,0.00396419881650931,1,1.00067809508922,1857.49587954439,0,20264.3643410853,1,1,1,41,2018-10-04T16:46:11.898,20181004_ecoli_ARA_M2_10K,-2000,3464,158.7,DIA_100X_EMPTY_1x1_200ms,,,
22,35,10.2172182713042,358,48.4911317000185,651.581005586592,1282.75418994413,NaN,NaN,NaN,NaN,NaN,NaN,NaN,NaN,NaN,NaN,NaN,NaN,NaN,NaN,NaN,347.08616367481,0.95898175507832,35.3162450889011,11.4197800783704,9.53331897382044,2.38506989485187,0.012598502895283,0.00518554301859652,1,1.00221727977226,2520.8827819417,0,19563.6480446927,1,1,1,41,2018-10-04T16:46:11.898,20181004_ecoli_ARA_M2_10K,-2000,3464,158.7,DIA_100X_EMPTY_1x1_200ms,,,
23,25,10.0680802922936,252,26.0046948693618,662.007936507937,2034.53174603175,NaN,NaN,NaN,NaN,NaN,NaN,NaN,NaN,NaN,NaN,NaN,NaN,NaN,NaN,NaN,242.089795766742,0.998501285503219,23.7760748738333,12.0231752944637,9.87151496834798,2.9593182507883,0.00648764068959715,0.003769661199895,0,1.0004938582731,1819.69104505393,1,19239.75,1,1,1,41,2018-10-04T16:46:11.898,20181004_ecoli_ARA_M2_10K,-2000,3464,158.7,DIA_100X_EMPTY_1x1_200ms,,,
24,23,7.88070721553966,182,-49.7788767050241,680.93956043956,2042.54945054945,NaN,NaN,NaN,NaN,NaN,NaN,NaN,NaN,NaN,NaN,NaN,NaN,NaN,NaN,NaN,NaN,NaN,NaN,NaN,NaN,NaN,NaN,NaN,NaN,NaN,NaN,1,18708.8901098901,1,1,1,41,2018-10-04T16:46:11.898,20181004_ecoli_ARA_M2_10K,-2000,3464,158.7,DIA_100X_EMPTY_1x1_200ms,,,
25,28,10.6599070124921,299,46.0400615663967,705.605351170569,1549.7525083612,NaN,NaN,NaN,NaN,NaN,NaN,NaN,NaN,NaN,NaN,NaN,NaN,NaN,NaN,NaN,288.763297640709,0.976755530144164,28.4629953843851,11.6172846768969,9.79076852325199,2.72956472150538,0.0109221434064959,0.00475794439980005,1,1.00123701040131,2142.91058285942,0,19418.6454849498,1,1,1,41,2018-10-04T16:46:11.898,20181004_ecoli_ARA_M2_10K,-2000,3464,158.7,DIA_100X_EMPTY_1x1_200ms,,,
26,23,8.71216613311135,201,8.20720211597071,732.293532338308,124.786069651741,NaN,NaN,NaN,NaN,NaN,NaN,NaN,NaN,NaN,NaN,NaN,NaN,NaN,NaN,NaN,234.950541164345,0.997195665616474,23.6081790188931,11.81309510051,9.5865350498622,2.9184269851921,0.00342153761476843,0.00206465595514939,0,1.00015407985478,1704.023971708,2,21390.5074626866,1,1,1,41,2018-10-04T16:46:11.898,20181004_ecoli_ARA_M2_10K,-2000,3464,158.7,DIA_100X_EMPTY_1x1_200ms,,,
27,21,9.55820516992094,201,-0.682662151085384,740.855721393035,140.761194029851,NaN,NaN,NaN,NaN,NaN,NaN,NaN,NaN,NaN,NaN,NaN,NaN,NaN,NaN,NaN,231.089022209359,0.996829248665828,22.4471946763192,13.1021317566824,9.91820164723481,3.27385644075748,0.0213219625393388,0.00994339958377399,1,1.00364970043348,1734.27443351557,2,22438.3333333333,1,1,1,41,2018-10-04T16:46:11.898,20181004_ecoli_ARA_M2_10K,-2000,3464,158.7,DIA_100X_EMPTY_1x1_200ms,,,
28,36,10.4742619848934,377,49.645046079648,746.331564986737,123.283819628647,NaN,NaN,NaN,NaN,NaN,NaN,NaN,NaN,NaN,NaN,NaN,NaN,NaN,NaN,NaN,395.520330631425,0.959354120825209,36.8326320435426,12.4148433798673,10.4290517341116,2.64432565278299,0.0103627330081437,0.00716014089710909,0,1.0036034813606,3146.38801738255,2,21473.3819628647,1,1,1,41,2018-10-04T16:46:11.898,20181004_ecoli_ARA_M2_10K,-2000,3464,158.7,DIA_100X_EMPTY_1x1_200ms,,,
29,32,10.9632545596242,351,49.5068852553903,790.578347578348,865.763532763533,NaN,NaN,NaN,NaN,NaN,NaN,NaN,NaN,NaN,NaN,NaN,NaN,NaN,NaN,NaN,323.424555871092,0.982991233857644,31.4128027005311,11.5109098749029,9.95187953461077,2.68120654835209,0.0116604497345166,0.00416275537195088,1,1.00109977152455,2443.46874713968,0,19259.0056980057,1,1,1,41,2018-10-04T16:46:11.898,20181004_ecoli_ARA_M2_10K,-2000,3464,158.7,DIA_100X_EMPTY_1x1_200ms,,,
30,33,11.3130284039426,374,48.8466097386911,886.465240641711,452.451871657754,NaN,NaN,NaN,NaN,NaN,NaN,NaN,NaN,NaN,NaN,NaN,NaN,NaN,NaN,NaN,343.874435661944,0.966249920501488,33.4832958553938,12.0471813281529,9.96552598733212,2.59277161723025,0.00756185503367978,0.00352909834975708,1,1.00043542716647,2611.67140264809,1,19353.1256684492,1,1,1,41,2018-10-04T16:46:11.898,20181004_ecoli_ARA_M2_10K,-2000,3464,158.7,DIA_100X_EMPTY_1x1_200ms,,,
31,36,10.9451278121987,395,47.9869003401569,883.162025316456,1884.8835443038,NaN,NaN,NaN,NaN,NaN,NaN,NaN,NaN,NaN,NaN,NaN,NaN,NaN,NaN,NaN,366.348838962274,0.96307280425445,37.3672412885186,11.2794442288006,9.63420719639076,2.18693287110325,0.00478855815370414,0.00223105622998571,2,1.00007895341321,2724.0362463486,0,19696.5291139241,1,1,1,41,2018-10-04T16:46:11.898,20181004_ecoli_ARA_M2_10K,-2000,3464,158.7,DIA_100X_EMPTY_1x1_200ms,,,
32,38,10.0489154264043,382,49.4343642639161,905.685863874346,482.986910994764,NaN,NaN,NaN,NaN,NaN,NaN,NaN,NaN,NaN,NaN,NaN,NaN,NaN,NaN,NaN,364.40482387645,0.946443335415662,37.7799041284361,11.0422984569455,9.46272695153307,2.13346943232141,0.0121222170894198,0.00597881691263152,1,1.0037319092104,2656.94980704526,1,20456.3272251309,1,1,1,41,2018-10-04T16:46:11.898,20181004_ecoli_ARA_M2_10K,-2000,3464,158.7,DIA_100X_EMPTY_1x1_200ms,,,
33,25,10.5615360706513,264,45.3863283840356,915.450757575758,1783.32575757576,NaN,NaN,NaN,NaN,NaN,NaN,NaN,NaN,NaN,NaN,NaN,NaN,NaN,NaN,NaN,246.713655698537,0.990348842616387,24.0161332967138,11.6976955532356,9.88644284171141,2.92916511314448,0.00714922321271753,0.00354081157600728,1,1.00052458572874,1843.627113132,0,19390.7840909091,1,1,1,41,2018-10-04T16:46:11.898,20181004_ecoli_ARA_M2_10K,-2000,3464,158.7,DIA_100X_EMPTY_1x1_200ms,,,
34,28,11.2659858733545,316,47.4520808522204,980.5,1182.99683544304,NaN,NaN,NaN,NaN,NaN,NaN,NaN,NaN,NaN,NaN,NaN,NaN,NaN,NaN,NaN,295.411765786781,0.980794128274288,28.3435825004623,11.9323969745275,10.1782346149123,2.6341644277686,0.0076467217725741,0.00353553182715696,1,1.00019796584106,2306.160548813,0,19206.1044303797,1,1,1,41,2018-10-04T16:46:11.898,20181004_ecoli_ARA_M2_10K,-2000,3464,158.7,DIA_100X_EMPTY_1x1_200ms,,,
35,33,11.4331314916943,378,47.2585839151126,987.338624338624,44.8201058201058,NaN,NaN,NaN,NaN,NaN,NaN,NaN,NaN,NaN,NaN,NaN,NaN,NaN,NaN,NaN,351.724061645179,0.967638806396826,33.9367725028331,11.8624066295949,10.1771688495366,2.37292629735761,0.00553398016278132,0.00269571649317408,1,1.00017672108147,2760.66925367741,0,19728.9153439153,1,1,1,41,2018-10-04T16:46:11.898,20181004_ecoli_ARA_M2_10K,-2000,3464,158.7,DIA_100X_EMPTY_1x1_200ms,,,
36,35,10.5458908070679,369,49.3326207814003,993.682926829268,1464.14363143631,NaN,NaN,NaN,NaN,NaN,NaN,NaN,NaN,NaN,NaN,NaN,NaN,NaN,NaN,NaN,343.559078922437,0.962880895362083,34.1726129048208,11.5520355071631,9.82679387697071,2.39647140432329,0.0105348553942438,0.00684825649024951,0,1.00342953904641,2591.74196949193,1,19604.9024390244,1,1,1,41,2018-10-04T16:46:11.898,20181004_ecoli_ARA_M2_10K,-2000,3464,158.7,DIA_100X_EMPTY_1x1_200ms,,,
37,31,11.0763881215499,344,48.3722059397951,1007.96802325581,965.997093023256,NaN,NaN,NaN,NaN,NaN,NaN,NaN,NaN,NaN,NaN,NaN,NaN,NaN,NaN,NaN,323.156897919404,0.971422096158001,31.3724381052809,11.8068495062666,10.0878847172231,2.44371967189715,0.00890099477524276,0.00468078369819484,1,1.00145467299892,2507.48517260351,0,19476.2645348837,1,1,1,41,2018-10-04T16:46:11.898,20181004_ecoli_ARA_M2_10K,-2000,3464,158.7,DIA_100X_EMPTY_1x1_200ms,,,
38,34,9.20591342482263,313,31.7801553745298,1018.48242811502,1486.73162939297,NaN,NaN,NaN,NaN,NaN,NaN,NaN,NaN,NaN,NaN,NaN,NaN,NaN,NaN,NaN,312.839450599576,0.965592605650927,32.5318781610904,11.5260191644509,9.35742462570419,2.3947039794007,0.0157367287048328,0.00606657615548631,1,1.00181258156668,2237.23545650944,1,20636.875399361,1,1,1,41,2018-10-04T16:46:11.898,20181004_ecoli_ARA_M2_10K,-2000,3464,158.7,DIA_100X_EMPTY_1x1_200ms,,,
39,39,9.98540128954829,389,49.4491742731709,1090.80205655527,500.311053984576,NaN,NaN,NaN,NaN,NaN,NaN,NaN,NaN,NaN,NaN,NaN,NaN,NaN,NaN,NaN,388.234894823875,0.941528602352837,38.7907804105619,11.8736466055556,9.82542904941506,2.15759316335628,0.00998596509512966,0.00413700050688572,2,1.00113774768625,2941.17893056431,1,19915.4164524422,1,1,1,41,2018-10-04T16:46:11.898,20181004_ecoli_ARA_M2_10K,-2000,3464,158.7,DIA_100X_EMPTY_1x1_200ms,,,
40,26,10.9278482127008,285,45.0525158018336,1087.20350877193,836.231578947368,NaN,NaN,NaN,NaN,NaN,NaN,NaN,NaN,NaN,NaN,NaN,NaN,NaN,NaN,NaN,265.486240609926,0.985597674621443,26.0840918037356,11.8646120527249,9.84021317198031,2.79525812027147,0.0113561557087972,0.00556063504601044,1,1.00144047218905,1983.69370445948,0,19711.4596491228,1,1,1,41,2018-10-04T16:46:11.898,20181004_ecoli_ARA_M2_10K,-2000,3464,158.7,DIA_100X_EMPTY_1x1_200ms,,,
41,31,10.9809685176439,341,48.4084698960525,1097.89442815249,1675.5366568915,NaN,NaN,NaN,NaN,NaN,NaN,NaN,NaN,NaN,NaN,NaN,NaN,NaN,NaN,NaN,314.525468303375,0.972754284215478,31.1955061235806,11.882918708739,9.82662424603128,2.54604600869011,0.00398230316273248,0.00140941281242419,2,1.00015886517875,2365.86858096266,0,19409.2815249267,1,1,1,41,2018-10-04T16:46:11.898,20181004_ecoli_ARA_M2_10K,-2000,3464,158.7,DIA_100X_EMPTY_1x1_200ms,,,
42,32,10.8307444152349,347,48.4805561130469,1095.89913544669,789.244956772334,NaN,NaN,NaN,NaN,NaN,NaN,NaN,NaN,NaN,NaN,NaN,NaN,NaN,NaN,NaN,325.918315480523,0.970385452494813,32.2133408596544,11.5774523395081,9.87403813179503,2.43827618608265,0.00893988811585474,0.00364999006967873,1,1.0010832879836,2466.69384134161,0,20110.6167146974,1,1,1,41,2018-10-04T16:46:11.898,20181004_ecoli_ARA_M2_10K,-2000,3464,158.7,DIA_100X_EMPTY_1x1_200ms,,,
43,33,9.74451528553466,322,48.8964327422891,1109.0652173913,499.863354037267,NaN,NaN,NaN,NaN,NaN,NaN,NaN,NaN,NaN,NaN,NaN,NaN,NaN,NaN,NaN,327.377922778228,0.974948201893281,33.078784476055,11.3530876336574,9.63046959841894,2.37694221281651,0.00484596248780666,0.00236331708160018,1,1.00034665147844,2409.54118020016,1,20617.3757763975,1,1,1,41,2018-10-04T16:46:11.898,20181004_ecoli_ARA_M2_10K,-2000,3464,158.7,DIA_100X_EMPTY_1x1_200ms,,,
44,22,10.9455672999449,241,34.7022559798296,1115.88796680498,903.377593360996,NaN,NaN,NaN,NaN,NaN,NaN,NaN,NaN,NaN,NaN,NaN,NaN,NaN,NaN,NaN,227.318958949228,0.998454735967024,21.7830502410909,12.1843844756579,10.1298750408121,3.03185865822988,0.0108583992706738,0.00459306716603456,1,1.00060027676764,1755.56434003683,0,19926.1493775934,1,1,1,41,2018-10-04T16:46:11.898,20181004_ecoli_ARA_M2_10K,-2000,3464,158.7,DIA_100X_EMPTY_1x1_200ms,,,
45,25,10.3943603950688,260,44.7946446093624,1155.94230769231,786.961538461538,NaN,NaN,NaN,NaN,NaN,NaN,NaN,NaN,NaN,NaN,NaN,NaN,NaN,NaN,NaN,252.176765969402,0.987483051609827,24.7921091374963,11.5957501788394,9.87351463107443,2.73079877970035,0.00123976120209158,0.00046747276144575,3,1.0000024628459,1898.22157196674,0,19692.3961538462,1,1,1,41,2018-10-04T16:46:11.898,20181004_ecoli_ARA_M2_10K,-2000,3464,158.7,DIA_100X_EMPTY_1x1_200ms,,,
46,20,10.5468587789422,211,8.94285175471639,1205.17535545024,1215.37914691943,NaN,NaN,NaN,NaN,NaN,NaN,NaN,NaN,NaN,NaN,NaN,NaN,NaN,NaN,NaN,205.754770555221,0.999658199866317,19.9604925098882,12.3547858523586,9.82834387896824,3.34748711023134,0.0045961839456967,0.00206131795193986,1,1.00006749292341,1514.33451541458,0,20059.8909952607,1,1,1,41,2018-10-04T16:46:11.898,20181004_ecoli_ARA_M2_10K,-2000,3464,158.7,DIA_100X_EMPTY_1x1_200ms,,,
47,35,10.3649917635854,363,49.1774051617835,1268.6914600551,479.011019283747,NaN,NaN,NaN,NaN,NaN,NaN,NaN,NaN,NaN,NaN,NaN,NaN,NaN,NaN,NaN,346.734529281393,0.956319882911287,34.6576401993824,11.8000901395259,9.774066819583,2.33179470977028,0.013252632800024,0.0058108375856438,1,1.00238670615099,2600.39592953964,0,20441.5399449036,1,1,1,41,2018-10-04T16:46:11.898,20181004_ecoli_ARA_M2_10K,-2000,3464,158.7,DIA_100X_EMPTY_1x1_200ms,,,
48,33,10.7439445057636,355,48.9189616237227,1269.85352112676,1578.88732394366,NaN,NaN,NaN,NaN,NaN,NaN,NaN,NaN,NaN,NaN,NaN,NaN,NaN,NaN,NaN,333.651833404848,0.962548902601784,33.3407544949362,11.5247809525466,9.80092866139598,2.32680737933867,0.00442422589404543,0.0024707270024828,0,1.00044607932839,2515.35774569183,0,20115.1521126761,1,1,1,41,2018-10-04T16:46:11.898,20181004_ecoli_ARA_M2_10K,-2000,3464,158.7,DIA_100X_EMPTY_1x1_200ms,,,
49,30,10.1197193230287,304,49.2697477150585,1267.41447368421,245.934210526316,NaN,NaN,NaN,NaN,NaN,NaN,NaN,NaN,NaN,NaN,NaN,NaN,NaN,NaN,NaN,299.586509606194,0.981000627191452,30.2750381418424,11.6549725101771,9.5038629564926,2.78658016921633,0.0775879486820239,0.00298705307260082,1,1.00005535179152,2147.70639769534,0,20424.9177631579,1,1,1,41,2018-10-04T16:46:11.898,20181004_ecoli_ARA_M2_10K,-2000,3464,158.7,DIA_100X_EMPTY_1x1_200ms,,,
50,40,10.2285089004884,410,48.34271283375,1325.39024390244,1529.78536585366,NaN,NaN,NaN,NaN,NaN,NaN,NaN,NaN,NaN,NaN,NaN,NaN,NaN,NaN,NaN,394.156444825995,0.906618823395505,40.564317909709,11.6859005366762,9.50346911179751,2.14611856629948,0.0173100611000164,0.00698661369076184,1,1.00624552075125,2877.38777483283,1,20885.5902439024,1,1,1,41,2018-10-04T16:46:11.898,20181004_ecoli_ARA_M2_10K,-2000,3464,158.7,DIA_100X_EMPTY_1x1_200ms,,,
51,26,10.800656490731,281,46.6801852322706,1332.02135231317,1552.51957295374,NaN,NaN,NaN,NaN,NaN,NaN,NaN,NaN,NaN,NaN,NaN,NaN,NaN,NaN,NaN,259.358385850584,0.995937608537866,25.3201378426869,11.8845074639819,9.96745892974554,2.88415752973119,0.0102886414929815,0.00546019091853647,0,1.00132679267979,1975.71754585756,1,20493.6797153025,1,1,1,41,2018-10-04T16:46:11.898,20181004_ecoli_ARA_M2_10K,-2000,3464,158.7,DIA_100X_EMPTY_1x1_200ms,,,
52,31,10.5820517264038,328,48.6055879152237,1338.19512195122,1016.24390243902,NaN,NaN,NaN,NaN,NaN,NaN,NaN,NaN,NaN,NaN,NaN,NaN,NaN,NaN,NaN,301.596338933365,0.978120254295288,30.1456434945273,11.7719199156136,9.73561793462498,2.54743596378987,0.00382008400779888,0.0015957509386248,0,1.00015553158384,2244.09627233967,0,20150.0823170732,1,1,1,41,2018-10-04T16:46:11.898,20181004_ecoli_ARA_M2_10K,-2000,3464,158.7,DIA_100X_EMPTY_1x1_200ms,,,
53,34,11.4460890423259,389,48.6471029489902,1343.62724935733,1940.03598971722,NaN,NaN,NaN,NaN,NaN,NaN,NaN,NaN,NaN,NaN,NaN,NaN,NaN,NaN,NaN,340.42042108944,0.963470593687111,33.6372879763161,11.5877234231608,9.861669210561,2.41005157310591,0.00170249294543832,0.000959587264297589,2,1.0000074114308,2569.2816582375,0,20024.0925449871,1,1,1,41,2018-10-04T16:46:11.898,20181004_ecoli_ARA_M2_10K,-2000,3464,158.7,DIA_100X_EMPTY_1x1_200ms,,,
54,29,10.3815378396951,302,45.8134738825307,1375.56291390728,1464.25496688742,NaN,NaN,NaN,NaN,NaN,NaN,NaN,NaN,NaN,NaN,NaN,NaN,NaN,NaN,NaN,294.319576987501,0.9722536325636,29.9262721783324,11.4296897279691,9.49728664277273,2.59559192750249,0.00676301739952072,0.00279172397147355,1,1.00054668775602,2120.02798916466,0,20824.1456953642,1,1,1,41,2018-10-04T16:46:11.898,20181004_ecoli_ARA_M2_10K,-2000,3464,158.7,DIA_100X_EMPTY_1x1_200ms,,,
55,28,10.1310906169996,284,47.59156399354,1398.96478873239,191.521126760563,NaN,NaN,NaN,NaN,NaN,NaN,NaN,NaN,NaN,NaN,NaN,NaN,NaN,NaN,NaN,280.607659709081,0.976675790917302,28.1596287526568,11.7602259473226,9.51830829038643,2.85492247986316,0.00857299931054082,0.00379504175525474,1,1.00074843565036,2003.71680486058,0,20228.6021126761,1,1,1,41,2018-10-04T16:46:11.898,20181004_ecoli_ARA_M2_10K,-2000,3464,158.7,DIA_100X_EMPTY_1x1_200ms,,,
56,25,10.4340870107927,261,45.3774605487803,1403.55172413793,1118.87356321839,NaN,NaN,NaN,NaN,NaN,NaN,NaN,NaN,NaN,NaN,NaN,NaN,NaN,NaN,NaN,247.229735691888,0.996587503762731,23.9112655718919,12.1822096359792,10.0695038287821,2.88946892982135,0.00336378395580565,0.00168463791874121,0,1.00011467383896,1904.18257703061,0,19899.6206896552,1,1,1,41,2018-10-04T16:46:11.898,20181004_ecoli_ARA_M2_10K,-2000,3464,158.7,DIA_100X_EMPTY_1x1_200ms,,,
57,21,10.9215017334125,230,24.3662911985846,1440.98695652174,1443.45652173913,NaN,NaN,NaN,NaN,NaN,NaN,NaN,NaN,NaN,NaN,NaN,NaN,NaN,NaN,NaN,216.359883518104,0.999043011610637,20.9797552700325,12.0116107723972,9.83727370675724,3.22490730447889,0.00591141584077254,0.00299338227008396,1,1.00027602919995,1594.55612255612,0,20356.952173913,1,1,1,41,2018-10-04T16:46:11.898,20181004_ecoli_ARA_M2_10K,-2000,3464,158.7,DIA_100X_EMPTY_1x1_200ms,,,
58,23,9.41263958521365,224,40.500408967234,1453.21428571429,1181.47321428571,NaN,NaN,NaN,NaN,NaN,NaN,NaN,NaN,NaN,NaN,NaN,NaN,NaN,NaN,NaN,232.442266037292,0.997715888820279,23.9393162102731,11.5509286310239,9.45703991810193,2.72537349469032,0.000621923994877955,0.000304897670465166,0,1.00000294869967,1681.55883452324,1,20357.0089285714,1,1,1,41,2018-10-04T16:46:11.898,20181004_ecoli_ARA_M2_10K,-2000,3464,158.7,DIA_100X_EMPTY_1x1_200ms,,,
59,31,10.0078321770519,311,48.5071296658542,1472.9421221865,678.16077170418,NaN,NaN,NaN,NaN,NaN,NaN,NaN,NaN,NaN,NaN,NaN,NaN,NaN,NaN,NaN,305.075538262385,0.964749090385243,30.729363808507,11.3618894114279,9.6937436608342,2.44312675120272,0.00753622253210335,0.00423890253604106,0,1.00083284556812,2267.91363889954,1,20869.6848874598,1,1,1,41,2018-10-04T16:46:11.898,20181004_ecoli_ARA_M2_10K,-2000,3464,158.7,DIA_100X_EMPTY_1x1_200ms,,,
60,21,9.75948752024393,205,-1.9727109834358,1465.45365853659,1187.09268292683,NaN,NaN,NaN,NaN,NaN,NaN,NaN,NaN,NaN,NaN,NaN,NaN,NaN,NaN,NaN,209.022590951321,0.999740951865612,20.6007077677774,12.3445052184562,9.74866972265904,3.23312233921548,0.0130363264327444,0.00677156342116318,0,1.00137236008599,1537.6685683052,1,21199.8341463415,1,1,1,41,2018-10-04T16:46:11.898,20181004_ecoli_ARA_M2_10K,-2000,3464,158.7,DIA_100X_EMPTY_1x1_200ms,,,
61,32,8.12698472984779,260,37.2048251379744,1479.32307692308,687.515384615385,NaN,NaN,NaN,NaN,NaN,NaN,NaN,NaN,NaN,NaN,NaN,NaN,NaN,NaN,NaN,306.666493379907,0.921756671432252,32.5631194388075,11.7297364881941,9.15429708859362,2.37578579843031,0.00487592887193457,0.00217609573208644,1,1.00026989114212,2143.2157340094,2,23362.7346153846,1,1,1,41,2018-10-04T16:46:11.898,20181004_ecoli_ARA_M2_10K,-2000,3464,158.7,DIA_100X_EMPTY_1x1_200ms,,,
62,32,9.4099255315223,302,44.9368950284263,1485.03973509934,697.417218543046,NaN,NaN,NaN,NaN,NaN,NaN,NaN,NaN,NaN,NaN,NaN,NaN,NaN,NaN,NaN,322.718920060853,0.917936266919149,33.8779982085025,12.1507872388778,9.24118433046151,2.53587348256659,0.00393644576248312,0.00187494903930608,3,1.00002133033804,2272.28545300868,3,24054.3344370861,1,1,1,41,2018-10-04T16:46:11.898,20181004_ecoli_ARA_M2_10K,-2000,3464,158.7,DIA_100X_EMPTY_1x1_200ms,,,
63,37,8.95717296249454,332,48.1590570286523,1498.90060240964,716.147590361446,NaN,NaN,NaN,NaN,NaN,NaN,NaN,NaN,NaN,NaN,NaN,NaN,NaN,NaN,NaN,351.577080130725,0.966750775032522,38.1416890962603,10.4846163540483,9.01947410420266,2.08749156150537,0.00831764710186244,0.00284219073636131,1,1.00028143921389,2436.98151586027,2,22183.4819277108,1,1,1,41,2018-10-04T16:46:11.898,20181004_ecoli_ARA_M2_10K,-2000,3464,158.7,DIA_100X_EMPTY_1x1_200ms,,,
64,23,9.73651064914869,224,44.3405999923899,1502.66964285714,1600.72767857143,NaN,NaN,NaN,NaN,NaN,NaN,NaN,NaN,NaN,NaN,NaN,NaN,NaN,NaN,NaN,216.494209464522,0.998355135166724,22.2372907664585,11.6625987451655,9.21645803551115,3.14280660583349,0.0428555389878429,0.00314564697644385,1,1.00016700432572,1483.54203469312,0,20666.1294642857,1,1,1,41,2018-10-04T16:46:11.898,20181004_ecoli_ARA_M2_10K,-2000,3464,158.7,DIA_100X_EMPTY_1x1_200ms,,,
65,28,9.41546135691485,264,17.931623026631,1508.41666666667,704.825757575758,NaN,NaN,NaN,NaN,NaN,NaN,NaN,NaN,NaN,NaN,NaN,NaN,NaN,NaN,NaN,278.745500105212,0.984244368192136,29.5774264578362,10.5861273842886,9.15395466437122,2.44946865268093,0.0146315394821958,0.0059710429092276,1,1.00163306675774,1946.55992925927,2,21744.5681818182,1,1,1,41,2018-10-04T16:46:11.898,20181004_ecoli_ARA_M2_10K,-2000,3464,158.7,DIA_100X_EMPTY_1x1_200ms,,,
66,23,13.8668253759261,319,-46.5311760291818,1522.63636363636,886.188087774295,NaN,NaN,NaN,NaN,NaN,NaN,NaN,NaN,NaN,NaN,NaN,NaN,NaN,NaN,NaN,280.446818273901,0.99104299467844,21.8880023788934,16.1851226513775,12.1848321476678,4.03724258997163,0.0508036174570757,0.0217852841462367,1,1.01679427059246,2552.31992270608,0,17015.4106583072,1,1,1,41,2018-10-04T16:46:11.898,20181004_ecoli_ARA_M2_10K,-2000,3464,158.7,DIA_100X_EMPTY_1x1_200ms,,,
67,25,10.2794280686955,257,44.6026911436768,1538.48638132296,1523.28404669261,NaN,NaN,NaN,NaN,NaN,NaN,NaN,NaN,NaN,NaN,NaN,NaN,NaN,NaN,NaN,241.034601695193,0.993725219811294,24.4621692326596,11.4077773864714,9.43806612478242,3.00684690848232,0.00856995855452651,0.00430369196040013,1,1.00078812571475,1711.39744486182,0,20006.6770428016,1,1,1,41,2018-10-04T16:46:11.898,20181004_ecoli_ARA_M2_10K,-2000,3464,158.7,DIA_100X_EMPTY_1x1_200ms,,,
68,42,10.6750383479795,449,48.2069380337077,1601.85523385301,101.603563474388,NaN,NaN,NaN,NaN,NaN,NaN,NaN,NaN,NaN,NaN,NaN,NaN,NaN,NaN,NaN,417.411559590131,0.916039415883514,42.2320123448963,11.4419718999066,9.70820151878488,2.08942398509026,0.017410981163512,0.00748273834993183,2,1.00784122406647,3126.14575284621,0,20355.1158129176,1,1,1,41,2018-10-04T16:46:11.898,20181004_ecoli_ARA_M2_10K,-2000,3464,158.7,DIA_100X_EMPTY_1x1_200ms,,,
69,26,10.1116457441056,263,45.976990416849,1599.78707224335,1293.72623574144,NaN,NaN,NaN,NaN,NaN,NaN,NaN,NaN,NaN,NaN,NaN,NaN,NaN,NaN,NaN,248.291594591946,0.991536641782684,24.8837730703611,11.5317333858385,9.72071036582977,2.71957314935452,0.00958305178247263,0.00494223287649237,1,1.00101116342811,1846.72453874565,0,20185.2319391635,1,1,1,41,2018-10-04T16:46:11.898,20181004_ecoli_ARA_M2_10K,-2000,3464,158.7,DIA_100X_EMPTY_1x1_200ms,,,
70,18,10.125242456937,186,-43.9199430610144,1606.89247311828,1074.60752688172,NaN,NaN,NaN,NaN,NaN,NaN,NaN,NaN,NaN,NaN,NaN,NaN,NaN,NaN,NaN,197.90278902933,0.999940428413408,20.2764749218549,11.6882629018148,9.42138384359511,3.01893295138169,0.00567973187236419,0.00287947765702402,1,1.00023510950567,1413.55181430048,1,20978.9784946237,1,1,1,41,2018-10-04T16:46:11.898,20181004_ecoli_ARA_M2_10K,-2000,3464,158.7,DIA_100X_EMPTY_1x1_200ms,,,
71,22,11.1609503229269,246,1.85756032865242,1615.06910569106,1089.4593495935,NaN,NaN,NaN,NaN,NaN,NaN,NaN,NaN,NaN,NaN,NaN,NaN,NaN,NaN,NaN,227.575429322935,0.998833178484612,21.581799676761,13.2178029218269,10.1918345807883,3.31945826927812,0.0172390003951037,0.0074844508093087,1,1.00183361309578,1760.68745899045,1,20373.337398374,1,1,1,41,2018-10-04T16:46:11.898,20181004_ecoli_ARA_M2_10K,-2000,3464,158.7,DIA_100X_EMPTY_1x1_200ms,,,
72,25,10.2276460266869,257,26.3345171587026,1632.44357976654,2036.68871595331,NaN,NaN,NaN,NaN,NaN,NaN,NaN,NaN,NaN,NaN,NaN,NaN,NaN,NaN,NaN,NaN,NaN,NaN,NaN,NaN,NaN,NaN,NaN,NaN,NaN,NaN,1,19547.7003891051,1,1,1,41,2018-10-04T16:46:11.898,20181004_ecoli_ARA_M2_10K,-2000,3464,158.7,DIA_100X_EMPTY_1x1_200ms,,,
73,30,9.8628136908862,296,47.0909123778922,1644.27027027027,2034.09459459459,NaN,NaN,NaN,NaN,NaN,NaN,NaN,NaN,NaN,NaN,NaN,NaN,NaN,NaN,NaN,302.972874866673,0.950839474403273,29.5871455232314,11.9300932869997,9.97735132271763,2.55545535286705,0.00973563248649881,0.00417412100072094,2,1.00048054698554,2313.25483675667,1,20312.2331081081,1,1,1,41,2018-10-04T16:46:11.898,20181004_ecoli_ARA_M2_10K,-2000,3464,158.7,DIA_100X_EMPTY_1x1_200ms,,,
74,23,10.8067740979599,249,43.5637741447159,1644.61445783133,902.293172690763,NaN,NaN,NaN,NaN,NaN,NaN,NaN,NaN,NaN,NaN,NaN,NaN,NaN,NaN,NaN,228.087160962004,0.998968952732592,22.2687733306789,12.0385518308267,9.91724298438422,3.03584546358778,0.0105228909956077,0.00595286927608794,0,1.00117629217504,1720.1569888031,0,20693.4176706827,1,1,1,41,2018-10-04T16:46:11.898,20181004_ecoli_ARA_M2_10K,-2000,3464,158.7,DIA_100X_EMPTY_1x1_200ms,,,
75,23,10.760077907888,248,34.2180327929211,1690.70967741935,418.701612903226,NaN,NaN,NaN,NaN,NaN,NaN,NaN,NaN,NaN,NaN,NaN,NaN,NaN,NaN,NaN,234.17447953542,0.996454885154104,22.6707107276537,12.2581990571731,9.98157756174215,3.02682546833445,0.0101834983663434,0.00527277925482936,0,1.00100293412956,1773.99907256999,0,20490.9637096774,1,1,1,41,2018-10-04T16:46:11.898,20181004_ecoli_ARA_M2_10K,-2000,3464,158.7,DIA_100X_EMPTY_1x1_200ms,,,
76,44,10.5892417496527,466,49.5256162633908,1695.79399141631,1450.96137339056,NaN,NaN,NaN,NaN,NaN,NaN,NaN,NaN,NaN,NaN,NaN,NaN,NaN,NaN,NaN,429.451717773495,0.948146592986559,43.6940718358565,11.3415431434355,9.64941454403941,2.10467010290743,0.00768398265783331,0.00346036522839174,2,1.00036336821019,3195.31978401574,0,20824.6974248927,1,1,1,41,2018-10-04T16:46:11.898,20181004_ecoli_ARA_M2_10K,-2000,3464,158.7,DIA_100X_EMPTY_1x1_200ms,,,
77,21,9.07301743352044,191,24.2620838096333,1704.93717277487,129.298429319372,NaN,NaN,NaN,NaN,NaN,NaN,NaN,NaN,NaN,NaN,NaN,NaN,NaN,NaN,NaN,219.895131761548,0.998190318525177,21.3630279587051,12.2723321861454,9.97290839802838,3.03381438512632,0.00286895737267488,0.00131630448700206,1,1.00003592637918,1668.76948736629,2,20975.0209424084,1,1,1,41,2018-10-04T16:46:11.898,20181004_ecoli_ARA_M2_10K,-2000,3464,158.7,DIA_100X_EMPTY_1x1_200ms,,,
78,30,10.1205080757853,304,48.4991424164438,1718.61184210526,126.332236842105,NaN,NaN,NaN,NaN,NaN,NaN,NaN,NaN,NaN,NaN,NaN,NaN,NaN,NaN,NaN,325.575307742785,0.962555875810937,31.1075094649428,12.1124926007795,10.1924533033399,2.56635767452184,0.00541770905031237,0.00259117691834539,1,1.0001305155286,2538.12252958933,2,21031.9506578947,1,1,1,41,2018-10-04T16:46:11.898,20181004_ecoli_ARA_M2_10K,-2000,3464,158.7,DIA_100X_EMPTY_1x1_200ms,,,
79,26,9.15181972560306,239,41.8132472973212,1723.67782426778,143.615062761506,NaN,NaN,NaN,NaN,NaN,NaN,NaN,NaN,NaN,NaN,NaN,NaN,NaN,NaN,NaN,267.097710669944,0.996794923769999,27.2619618251551,11.4774084199507,9.53938885492937,2.71960904086201,0.00998928838568838,0.00388711591784809,1,1.00069446291779,1948.44473150997,2,21845.9581589958,1,1,1,41,2018-10-04T16:46:11.898,20181004_ecoli_ARA_M2_10K,-2000,3464,158.7,DIA_100X_EMPTY_1x1_200ms,,,
80,55,10.9789846704656,604,45.4808558096057,1762.73178807947,478.062913907285,NaN,NaN,NaN,NaN,NaN,NaN,NaN,NaN,NaN,NaN,NaN,NaN,NaN,NaN,NaN,554.796988403569,0.853798400128437,55.3853382579115,12.4327272506663,9.81690309781081,2.18044238251885,0.0175034531980965,0.00827522783625765,2,1.01545187217929,4192.11996285227,1,20673.4933774834,1,1,1,41,2018-10-04T16:46:11.898,20181004_ecoli_ARA_M2_10K,-2000,3464,158.7,DIA_100X_EMPTY_1x1_200ms,,,
81,28,11.0354899418168,309,48.0475508391791,1761.51779935275,1659.80582524272,NaN,NaN,NaN,NaN,NaN,NaN,NaN,NaN,NaN,NaN,NaN,NaN,NaN,NaN,NaN,276.175321890504,0.98870735170198,27.0797158432882,11.90257406127,9.86023384976372,2.80586256606342,0.00373053993693998,0.0014307900324906,1,1.00005808718752,2067.79944382408,0,20241.4854368932,1,1,1,41,2018-10-04T16:46:11.898,20181004_ecoli_ARA_M2_10K,-2000,3464,158.7,DIA_100X_EMPTY_1x1_200ms,,,
82,28,10.1745577390184,285,46.9467603281868,1764.28421052632,698.529824561404,NaN,NaN,NaN,NaN,NaN,NaN,NaN,NaN,NaN,NaN,NaN,NaN,NaN,NaN,NaN,275.611725426827,0.981091203595136,28.1655427033124,11.2842902645282,9.51703647466428,2.51224991584529,0.00749791015625947,0.00289671306574852,2,1.00020837716592,2003.60207462124,0,21232.2105263158,1,1,1,41,2018-10-04T16:46:11.898,20181004_ecoli_ARA_M2_10K,-2000,3464,158.7,DIA_100X_EMPTY_1x1_200ms,,,
83,21,9.79565745894576,206,31.4334216535301,1779.22330097087,514.563106796116,NaN,NaN,NaN,NaN,NaN,NaN,NaN,NaN,NaN,NaN,NaN,NaN,NaN,NaN,NaN,204.574363591169,0.999481799138316,20.4951125711754,12.1806566720283,9.53593739919457,3.1844670028365,0.00404250092682137,0.00196350744532811,1,1.00004327658721,1463.75021607095,1,21335.7184466019,1,1,1,41,2018-10-04T16:46:11.898,20181004_ecoli_ARA_M2_10K,-2000,3464,158.7,DIA_100X_EMPTY_1x1_200ms,,,
84,29,10.7663246381472,313,48.1298537897711,1796.57827476038,1337.79233226837,NaN,NaN,NaN,NaN,NaN,NaN,NaN,NaN,NaN,NaN,NaN,NaN,NaN,NaN,NaN,286.601194654419,0.984796755451481,28.4350467988504,11.5146522802992,9.7044593137652,2.80445695895604,0.0137300930113928,0.00376724312158513,1,1.00068478532781,2103.22877989161,0,20584.4760383387,1,1,1,41,2018-10-04T16:46:11.898,20181004_ecoli_ARA_M2_10K,-2000,3464,158.7,DIA_100X_EMPTY_1x1_200ms,,,
85,18,9.72072558425081,175,-47.7303296082917,1835.93714285714,1238.36,NaN,NaN,NaN,NaN,NaN,NaN,NaN,NaN,NaN,NaN,NaN,NaN,NaN,NaN,NaN,181.067861676778,0.999716815134328,17.4038950683682,13.2276057760281,9.88114477194202,3.65892479428007,0.014108411311743,0.00748774969085551,0,1.0011875065874,1334.59920623214,1,21430.8171428571,1,1,1,41,2018-10-04T16:46:11.898,20181004_ecoli_ARA_M2_10K,-2000,3464,158.7,DIA_100X_EMPTY_1x1_200ms,,,
86,31,10.8200312902497,337,48.7335424494954,1842.54599406528,1254.84272997033,NaN,NaN,NaN,NaN,NaN,NaN,NaN,NaN,NaN,NaN,NaN,NaN,NaN,NaN,NaN,318.693096424714,0.959079148637521,31.2222964616515,12.5254503089582,9.97341274647515,2.5682506897228,0.010376217332985,0.00440737908838266,1,1.00029972807708,2439.17134623633,1,20895.4658753709,1,1,1,41,2018-10-04T16:46:11.898,20181004_ecoli_ARA_M2_10K,-2000,3464,158.7,DIA_100X_EMPTY_1x1_200ms,,,
87,40,10.2243648795147,409,49.5164021871685,1894.25427872861,1846.97310513447,NaN,NaN,NaN,NaN,NaN,NaN,NaN,NaN,NaN,NaN,NaN,NaN,NaN,NaN,NaN,373.911887178545,0.959701783235688,38.9019962071366,11.0897542422584,9.45062182261725,2.12872609974618,0.00783143505330025,0.00309448693408351,1,1.00080195920298,2728.86805893172,0,21309.3398533007,1,1,1,41,2018-10-04T16:46:11.898,20181004_ecoli_ARA_M2_10K,-2000,3464,158.7,DIA_100X_EMPTY_1x1_200ms,,,
88,54,10.687682469872,577,47.5873637182664,1965.30849220104,209.183708838822,NaN,NaN,NaN,NaN,NaN,NaN,NaN,NaN,NaN,NaN,NaN,NaN,NaN,NaN,NaN,523.596074927886,0.870767203048929,53.6913515889995,11.4246545892191,9.6087194206922,1.88649439079113,0.0179724152438055,0.00713150766755032,2,1.00692644225723,3893.36609018883,0,20937.5216637782,1,1,1,41,2018-10-04T16:46:11.898,20181004_ecoli_ARA_M2_10K,-2000,3464,158.7,DIA_100X_EMPTY_1x1_200ms,,,
89,22,10.5711023902477,233,35.4794801073904,1979.50214592275,320.025751072961,NaN,NaN,NaN,NaN,NaN,NaN,NaN,NaN,NaN,NaN,NaN,NaN,NaN,NaN,NaN,215.132868726261,0.999658661644078,20.9200623513459,12.2422917512937,9.75934583886215,3.36890223377247,0.0155004681213925,0.00238854932395164,0,1.00011935682858,1564.92768045034,0,20973.5450643777,1,1,1,41,2018-10-04T16:46:11.898,20181004_ecoli_ARA_M2_10K,-2000,3464,158.7,DIA_100X_EMPTY_1x1_200ms,,,
90,22,10.8642227969135,239,17.4601911843237,2000.12133891213,869.803347280335,NaN,NaN,NaN,NaN,NaN,NaN,NaN,NaN,NaN,NaN,NaN,NaN,NaN,NaN,NaN,235.43537396188,0.999610920128471,21.5217665361173,13.5811260385317,10.4450827371378,3.56333648959052,0.0363247757043855,0.0195051292477756,0,1.01232624302279,1844.13014127864,1,22178.6736401674,1,1,1,41,2018-10-04T16:46:11.898,20181004_ecoli_ARA_M2_10K,-2000,3464,158.7,DIA_100X_EMPTY_1x1_200ms,,,
91,37,10.6296115594963,394,49.1110153410834,2007.20812182741,847.116751269035,NaN,NaN,NaN,NaN,NaN,NaN,NaN,NaN,NaN,NaN,NaN,NaN,NaN,NaN,NaN,370.739067469221,0.94791595240472,36.7573709284658,12.0781870741072,9.9009751615055,2.33984752234807,0.0208656871812968,0.0109558406172588,0,1.00980549850464,2830.02494946173,1,21703.845177665,1,1,1,41,2018-10-04T16:46:11.898,20181004_ecoli_ARA_M2_10K,-2000,3464,158.7,DIA_100X_EMPTY_1x1_200ms,,,
92,30,8.27241268809609,248,38.9349725539802,2005.02822580645,858.951612903226,NaN,NaN,NaN,NaN,NaN,NaN,NaN,NaN,NaN,NaN,NaN,NaN,NaN,NaN,NaN,283.504250747712,0.938877296736835,29.2482318426587,12.6029934723444,9.46868678441542,2.56934178060639,0.011072781595643,0.00428919680530834,1,1.00042504503206,2059.53415871457,2,22625.4233870968,1,1,1,41,2018-10-04T16:46:11.898,20181004_ecoli_ARA_M2_10K,-2000,3464,158.7,DIA_100X_EMPTY_1x1_200ms,,,
93,21,10.4798584610401,220,24.8129530590168,2007.24545454545,502.145454545455,NaN,NaN,NaN,NaN,NaN,NaN,NaN,NaN,NaN,NaN,NaN,NaN,NaN,NaN,NaN,206.828205561743,0.999706422544514,19.5706568844177,12.7539389149972,10.1781935818588,3.29932860991152,0.0222917529152597,0.0125195948046207,0,1.00400070026875,1592.34327268359,0,20911.7227272727,1,1,1,41,2018-10-04T16:46:11.898,20181004_ecoli_ARA_M2_10K,-2000,3464,158.7,DIA_100X_EMPTY_1x1_200ms,,,
94,29,10.4199111301248,303,48.180863000367,2011.11551155116,1434.94719471947,NaN,NaN,NaN,NaN,NaN,NaN,NaN,NaN,NaN,NaN,NaN,NaN,NaN,NaN,NaN,281.113045381689,0.983507124840968,28.5668928459734,11.4554178911938,9.3866197805301,2.84952547402928,0.228384191254635,0.00845347230498973,1,1.00116985020969,1976.83918022696,0,21644.201320132,1,1,1,41,2018-10-04T16:46:11.898,20181004_ecoli_ARA_M2_10K,-2000,3464,158.7,DIA_100X_EMPTY_1x1_200ms,,,
1,25,9.33596460985407,234,46.0011794864445,86.8504273504274,1343.37179487179,NaN,NaN,NaN,NaN,NaN,NaN,NaN,NaN,NaN,NaN,NaN,NaN,NaN,NaN,NaN,238.341753199675,0.987801134429742,25.1332473060067,11.3075546616008,9.17551403739326,2.64475253165822,0.0119452484827756,0.00529471580420454,1,1.00124172139705,1661.87859418179,0,20855.452991453,1,1,1,42,2018-10-04T16:46:14.224,20181004_ecoli_ARA_M2_10K,-2500,2598,158.7,DIA_100X_EMPTY_1x1_200ms,,,
2,24,10.7463504827447,259,41.3292645315279,125.833976833977,1003.38996138996,NaN,NaN,NaN,NaN,NaN,NaN,NaN,NaN,NaN,NaN,NaN,NaN,NaN,NaN,NaN,239.028307457601,0.998403829297132,23.7377453438428,11.8206975422072,9.74722273518567,2.88935816877219,0.00240246897940673,0.000975054372694666,2,1.00002025973239,1771.29594511321,0,20264.9034749035,1,1,1,42,2018-10-04T16:46:14.224,20181004_ecoli_ARA_M2_10K,-2500,2598,158.7,DIA_100X_EMPTY_1x1_200ms,,,
3,41,11.4013234145069,468,48.9922048646726,147.854700854701,1432.18376068376,NaN,NaN,NaN,NaN,NaN,NaN,NaN,NaN,NaN,NaN,NaN,NaN,NaN,NaN,NaN,418.463191364673,0.938462909652071,41.546052733204,11.5953525008826,9.85594128930944,2.19119154511484,0.0127373597594946,0.00733858880488822,0,1.00514371715564,3169.68325070429,0,19835.3226495726,1,1,1,42,2018-10-04T16:46:14.224,20181004_ecoli_ARA_M2_10K,-2500,2598,158.7,DIA_100X_EMPTY_1x1_200ms,,,
4,21,10.4470350632965,220,26.4004589208304,305.954545454545,1395.76818181818,NaN,NaN,NaN,NaN,NaN,NaN,NaN,NaN,NaN,NaN,NaN,NaN,NaN,NaN,NaN,220.675187631238,0.999557662364432,21.1527462374581,12.4012441225403,10.0445403161796,3.20824030609372,0.00627319989703915,0.00278819679085434,1,1.00023673724952,1676.16502043103,1,19947.2136363636,1,1,1,42,2018-10-04T16:46:14.224,20181004_ecoli_ARA_M2_10K,-2500,2598,158.7,DIA_100X_EMPTY_1x1_200ms,,,
5,35,10.1596208699345,356,48.3469952997612,323.044943820225,1402.75842696629,NaN,NaN,NaN,NaN,NaN,NaN,NaN,NaN,NaN,NaN,NaN,NaN,NaN,NaN,NaN,361.137897007074,0.951888387506308,35.9248746533424,12.1008142526927,9.79324893426329,2.42678239566469,0.0168472399449905,0.00521459398575522,1,1.0016080824322,2706.06815659065,1,20364.2668539326,1,1,1,42,2018-10-04T16:46:14.224,20181004_ecoli_ARA_M2_10K,-2500,2598,158.7,DIA_100X_EMPTY_1x1_200ms,,,
6,25,10.5403700212624,264,44.4468542623988,327.280303030303,155.151515151515,NaN,NaN,NaN,NaN,NaN,NaN,NaN,NaN,NaN,NaN,NaN,NaN,NaN,NaN,NaN,249.176900721183,0.996807342832475,24.534880862886,11.6977186025148,9.78372578210861,2.92257482306849,0.00922347309115799,0.00483184427319356,1,1.00094322739475,1844.51579461757,0,20320.6022727273,1,1,1,42,2018-10-04T16:46:14.224,20181004_ecoli_ARA_M2_10K,-2500,2598,158.7,DIA_100X_EMPTY_1x1_200ms,,,
7,40,12.3429852290472,494,49.1652586934363,591.034412955466,1662.07692307692,NaN,NaN,NaN,NaN,NaN,NaN,NaN,NaN,NaN,NaN,NaN,NaN,NaN,NaN,NaN,423.233701012972,0.940703041658532,38.9509866019809,12.4259412075285,10.5845458686229,2.49335251746892,0.0152811743620313,0.00809423564946312,1,1.00690712082613,3427.30537834175,0,18183.6336032389,1,1,1,42,2018-10-04T16:46:14.224,20181004_ecoli_ARA_M2_10K,-2500,2598,158.7,DIA_100X_EMPTY_1x1_200ms,,,
8,48,10.2643459607268,493,49.4017563612371,590.531440162272,1423.6369168357,NaN,NaN,NaN,NaN,NaN,NaN,NaN,NaN,NaN,NaN,NaN,NaN,NaN,NaN,NaN,473.511305453428,0.933015562634839,48.6647234527268,11.142726811237,9.56994124847154,1.97564730119456,0.00954615417922563,0.00515826035691364,1,1.00271363477776,3500.44037341935,1,20415.3569979716,1,1,1,42,2018-10-04T16:46:14.224,20181004_ecoli_ARA_M2_10K,-2500,2598,158.7,DIA_100X_EMPTY_1x1_200ms,,,
9,35,10.1161836129418,354,48.5194957949785,606.774011299435,1463.29096045198,NaN,NaN,NaN,NaN,NaN,NaN,NaN,NaN,NaN,NaN,NaN,NaN,NaN,NaN,NaN,334.499152279557,0.963213786535634,33.8515504710687,11.5787377922977,9.69362345159213,2.36218246257093,0.012613179428788,0.00796295414899294,0,1.00462965802892,2498.27785039931,1,20270.1468926554,1,1,1,42,2018-10-04T16:46:14.224,20181004_ecoli_ARA_M2_10K,-2500,2598,158.7,DIA_100X_EMPTY_1x1_200ms,,,
10,25,10.2788038635555,258,38.9218831942432,694.217054263566,1516.47286821705,NaN,NaN,NaN,NaN,NaN,NaN,NaN,NaN,NaN,NaN,NaN,NaN,NaN,NaN,NaN,246.959943019661,0.993890798582591,25.0407848821096,11.6383948509859,9.51020363654543,2.76955828926488,0.00100790944866839,0.000550287468064907,2,1.00001274425958,1778.76039615937,0,20293.6085271318,1,1,1,42,2018-10-04T16:46:14.224,20181004_ecoli_ARA_M2_10K,-2500,2598,158.7,DIA_100X_EMPTY_1x1_200ms,,,
11,41,10.6378556333666,437,48.982678029759,739.37299771167,1846.6590389016,NaN,NaN,NaN,NaN,NaN,NaN,NaN,NaN,NaN,NaN,NaN,NaN,NaN,NaN,NaN,415.449516198559,0.951026896379427,41.3655713987846,11.2612975077305,9.88089775683673,2.08034418210705,0.00854869590061104,0.00325340720928691,2,1.00108423422788,3171.91630953117,1,19660.4874141876,1,1,1,42,2018-10-04T16:46:14.224,20181004_ecoli_ARA_M2_10K,-2500,2598,158.7,DIA_100X_EMPTY_1x1_200ms,,,
12,38,9.79794199990144,373,45.9862209270136,750.932975871314,1841.8471849866,NaN,NaN,NaN,NaN,NaN,NaN,NaN,NaN,NaN,NaN,NaN,NaN,NaN,NaN,NaN,385.284331895549,0.912145895089922,39.45299577605,11.7356560897574,9.41742195151504,2.49792766302373,0.0228204663281771,0.0135984751287917,0,1.01893707773379,2748.10882363968,1,21085.9517426273,1,1,1,42,2018-10-04T16:46:14.224,20181004_ecoli_ARA_M2_10K,-2500,2598,158.7,DIA_100X_EMPTY_1x1_200ms,,,
13,32,11.0971735446413,356,47.4126243336671,854.129213483146,1448.77247191011,NaN,NaN,NaN,NaN,NaN,NaN,NaN,NaN,NaN,NaN,NaN,NaN,NaN,NaN,NaN,327.998935492657,0.978110526934165,32.2975353478738,11.4708909538502,9.80042530215609,2.62981592789332,0.0133301344280653,0.00622577712764957,1,1.00124200160365,2436.40290880293,0,19327.1938202247,1,1,1,42,2018-10-04T16:46:14.224,20181004_ecoli_ARA_M2_10K,-2500,2598,158.7,DIA_100X_EMPTY_1x1_200ms,,,
14,35,10.5965689634385,371,49.5910429000513,881.355795148248,959.622641509434,NaN,NaN,NaN,NaN,NaN,NaN,NaN,NaN,NaN,NaN,NaN,NaN,NaN,NaN,NaN,344.737966779008,0.966888527196246,34.5766043839983,11.5432795576895,9.70614997376474,2.4067627917912,0.00509495657792516,0.00272803027001688,0,1.00049254785362,2558.38686820022,0,20231.9191374663,1,1,1,42,2018-10-04T16:46:14.224,20181004_ecoli_ARA_M2_10K,-2500,2598,158.7,DIA_100X_EMPTY_1x1_200ms,,,
15,28,11.3692119260521,319,48.0836142417129,892.799373040752,1704.58934169279,NaN,NaN,NaN,NaN,NaN,NaN,NaN,NaN,NaN,NaN,NaN,NaN,NaN,NaN,NaN,287.803330719625,0.986895789007181,27.6087350401344,11.8578124064476,10.1114022681748,2.74572144109818,0.00527170492893746,0.00234796325597049,1,1.00025403539471,2216.96668708827,0,19469.9937304075,1,1,1,42,2018-10-04T16:46:14.224,20181004_ecoli_ARA_M2_10K,-2500,2598,158.7,DIA_100X_EMPTY_1x1_200ms,,,
16,32,9.30854796443601,298,48.7943863523853,914.359060402685,1137.63758389262,NaN,NaN,NaN,NaN,NaN,NaN,NaN,NaN,NaN,NaN,NaN,NaN,NaN,NaN,NaN,308.348011396235,0.964852722877029,32.7830385717333,10.9296964502827,9.20297884275487,2.21731264734905,0.006436129916109,0.00254973415270579,0,1.0003945970609,2180.70004863147,3,22453.6006711409,1,1,1,42,2018-10-04T16:46:14.224,20181004_ecoli_ARA_M2_10K,-2500,2598,158.7,DIA_100X_EMPTY_1x1_200ms,,,
17,30,8.39618874523129,252,43.0209151640974,916.702380952381,1111.87301587302,NaN,NaN,NaN,NaN,NaN,NaN,NaN,NaN,NaN,NaN,NaN,NaN,NaN,NaN,NaN,276.208622903555,0.983065370147254,29.6882524449378,11.122583759936,9.05606659077903,2.4507955839612,0.00494310606021234,0.00239188566409439,1,1.00007955116839,1912.28989535635,2,21887.246031746,1,1,1,42,2018-10-04T16:46:14.224,20181004_ecoli_ARA_M2_10K,-2500,2598,158.7,DIA_100X_EMPTY_1x1_200ms,,,
18,25,10.3206066324895,259,43.8393523981783,928.436293436293,1110.43243243243,NaN,NaN,NaN,NaN,NaN,NaN,NaN,NaN,NaN,NaN,NaN,NaN,NaN,NaN,NaN,261.25300469336,0.984752628884879,25.6600017059284,11.837848204337,9.88676236513098,2.81790630324628,0.0146247369126746,0.0088975194026124,0,1.00334469649737,1969.94796067993,1,21633.1969111969,1,1,1,42,2018-10-04T16:46:14.224,20181004_ecoli_ARA_M2_10K,-2500,2598,158.7,DIA_100X_EMPTY_1x1_200ms,,,
19,26,9.25237727982066,241,41.9082845929611,931.319502074689,1163.78838174274,NaN,NaN,NaN,NaN,NaN,NaN,NaN,NaN,NaN,NaN,NaN,NaN,NaN,NaN,NaN,256.873188422635,0.980657074181195,27.2486307518228,10.991805238492,9.178868506677,2.4421154101451,0.0109444218834651,0.00442262809943389,1,1.0006183171013,1803.07113894571,3,21663.377593361,1,1,1,42,2018-10-04T16:46:14.224,20181004_ecoli_ARA_M2_10K,-2500,2598,158.7,DIA_100X_EMPTY_1x1_200ms,,,
20,19,7.30930085787773,139,-49.5218667858113,926.568345323741,1140.80575539568,NaN,NaN,NaN,NaN,NaN,NaN,NaN,NaN,NaN,NaN,NaN,NaN,NaN,NaN,NaN,186.194108756254,0.999809534678465,19.9458862527753,11.5975309799322,9.05319908247892,2.99673484736402,0.00232850193008696,0.00116004192300923,1,1.00001231868903,1283.94778044263,2,24383.5467625899,1,1,1,42,2018-10-04T16:46:14.224,20181004_ecoli_ARA_M2_10K,-2500,2598,158.7,DIA_100X_EMPTY_1x1_200ms,,,
21,35,9.0996648595186,318,49.0770887769457,942.383647798742,1140.27358490566,NaN,NaN,NaN,NaN,NaN,NaN,NaN,NaN,NaN,NaN,NaN,NaN,NaN,NaN,NaN,352.931675216209,0.940158934589285,36.3354676723856,11.276423994133,9.42178258416339,2.35531863093078,0.0111491297240309,0.00456875740292944,2,1.00057977431323,2533.30098688187,2,23570.4245283019,1,1,1,42,2018-10-04T16:46:14.224,20181004_ecoli_ARA_M2_10K,-2500,2598,158.7,DIA_100X_EMPTY_1x1_200ms,,,
22,19,8.70582079470051,166,-20.3412832949988,942.60843373494,1158.1686746988,NaN,NaN,NaN,NaN,NaN,NaN,NaN,NaN,NaN,NaN,NaN,NaN,NaN,NaN,NaN,203.550490150752,0.999423016286943,20.9538125731212,11.4669808494209,9.29011985599159,3.03457744096049,0.0148023173787653,0.0079798664198255,1,1.00191169400642,1420.35063710182,3,23230.8674698795,1,1,1,42,2018-10-04T16:46:14.224,20181004_ecoli_ARA_M2_10K,-2500,2598,158.7,DIA_100X_EMPTY_1x1_200ms,,,
23,25,10.0457292492753,251,46.2218704142231,951.254980079681,1172.48605577689,NaN,NaN,NaN,NaN,NaN,NaN,NaN,NaN,NaN,NaN,NaN,NaN,NaN,NaN,NaN,270.585784005606,0.980249377058743,26.0902406640142,12.2787553071288,10.0812323115205,2.84940638513467,0.0152161801122098,0.00889256440313891,0,1.00336661981593,2082.54892009938,2,22690.3426294821,1,1,1,42,2018-10-04T16:46:14.224,20181004_ecoli_ARA_M2_10K,-2500,2598,158.7,DIA_100X_EMPTY_1x1_200ms,,,
24,23,10.5625718488418,243,42.2415256134043,1167.73251028807,1455.30041152263,NaN,NaN,NaN,NaN,NaN,NaN,NaN,NaN,NaN,NaN,NaN,NaN,NaN,NaN,NaN,225.984745027936,0.998617611211392,21.9392200050895,11.8915112386036,10.01793528038,2.94819447515453,0.00414498642729424,0.00238498700083038,0,1.000179854519,1729.28871722406,0,20083.1481481481,1,1,1,42,2018-10-04T16:46:14.224,20181004_ecoli_ARA_M2_10K,-2500,2598,158.7,DIA_100X_EMPTY_1x1_200ms,,,
25,25,9.95052270153914,249,46.3996804489564,1173.64257028112,1566.69076305221,NaN,NaN,NaN,NaN,NaN,NaN,NaN,NaN,NaN,NaN,NaN,NaN,NaN,NaN,NaN,253.231739438338,0.987191568134817,25.8460010692131,11.7242656695634,9.54399054983349,2.66573484747907,0.00761637439279323,0.00479214602645497,0,1.00096150662256,1849.02694764734,0,20440.702811245,1,1,1,42,2018-10-04T16:46:14.224,20181004_ecoli_ARA_M2_10K,-2500,2598,158.7,DIA_100X_EMPTY_1x1_200ms,,,
26,37,11.0314027062203,409,49.4871511553533,1461.26894865526,1800.47188264059,NaN,NaN,NaN,NaN,NaN,NaN,NaN,NaN,NaN,NaN,NaN,NaN,NaN,NaN,NaN,363.45265053344,0.955559251372208,36.5126627595288,11.4984973777129,9.6846686577419,2.37683280662757,0.00639473412185926,0.00374792632490844,0,1.00103860960217,2689.69428871069,0,20603.4400977995,1,1,1,42,2018-10-04T16:46:14.224,20181004_ecoli_ARA_M2_10K,-2500,2598,158.7,DIA_100X_EMPTY_1x1_200ms,,,
27,32,11.3173452577749,363,48.1562198903993,1664.8870523416,1565.6694214876,NaN,NaN,NaN,NaN,NaN,NaN,NaN,NaN,NaN,NaN,NaN,NaN,NaN,NaN,NaN,319.968727875989,0.975191671588536,31.4273427955407,11.4608405398346,9.83200664367303,2.67132116320237,0.0560348994908391,0.00366491279615985,0,1.00043888931627,2386.06280440557,0,20274.1928374656,1,1,1,42,2018-10-04T16:46:14.224,20181004_ecoli_ARA_M2_10K,-2500,2598,158.7,DIA_100X_EMPTY_1x1_200ms,,,
28,28,11.1487952869669,313,47.0537090859792,1742.43769968051,1854.303514377,NaN,NaN,NaN,NaN,NaN,NaN,NaN,NaN,NaN,NaN,NaN,NaN,NaN,NaN,NaN,278.793218864978,0.987407570758463,27.8361375891772,11.5090779470793,9.77106552851067,2.61714219770362,0.00874286534067755,0.00422904534903936,1,1.00098044230548,2087.28959177586,0,20675.428115016,1,1,1,42,2018-10-04T16:46:14.224,20181004_ecoli_ARA_M2_10K,-2500,2598,158.7,DIA_100X_EMPTY_1x1_200ms,,,
29,51,12.5923648737279,642,-49.9747116741617,1769.67289719626,1913.02024922118,NaN,NaN,NaN,NaN,NaN,NaN,NaN,NaN,NaN,NaN,NaN,NaN,NaN,NaN,NaN,566.935831381832,0.749309820338561,55.531885525804,13.8996766409758,9.66741097312465,2.18083983551616,0.149397381255982,0.046824101123647,3,1.08549311597133,4076.17352429525,0,21372.3862928349,1,1,1,42,2018-10-04T16:46:14.224,20181004_ecoli_ARA_M2_10K,-2500,2598,158.7,DIA_100X_EMPTY_1x1_200ms,,,
30,25,9.43138135451892,236,47.206650604894,1858.00423728814,1742.58898305085,NaN,NaN,NaN,NaN,NaN,NaN,NaN,NaN,NaN,NaN,NaN,NaN,NaN,NaN,NaN,245.910825060617,0.996080569686977,24.1737867693256,11.5627069426483,9.83908710520579,2.85196162857138,0.00395612348535182,0.00188230969720573,1,1.00014927113333,1837.99438004607,1,21477.5889830508,1,1,1,42,2018-10-04T16:46:14.224,20181004_ecoli_ARA_M2_10K,-2500,2598,158.7,DIA_100X_EMPTY_1x1_200ms,,,
31,38,15.3346000779791,583,-42.9009298483684,1865.34648370497,1439.57632933105,NaN,NaN,NaN,NaN,NaN,NaN,NaN,NaN,NaN,NaN,NaN,NaN,NaN,NaN,NaN,494.774386761421,0.895530407261458,36.3845952974109,23.231469599984,13.1770521804859,6.00629494369688,0.0565050986265457,0.0172173552369231,2,1.01348919822207,4961.85377436188,0,21348.3876500858,1,1,1,42,2018-10-04T16:46:14.224,20181004_ecoli_ARA_M2_10K,-2500,2598,158.7,DIA_100X_EMPTY_1x1_200ms,,,
32,34,10.4008519336031,355,47.7920753741951,1864.35492957746,1731.94647887324,NaN,NaN,NaN,NaN,NaN,NaN,NaN,NaN,NaN,NaN,NaN,NaN,NaN,NaN,NaN,341.976066390557,0.961686204270917,33.7131020331692,12.0669018943544,9.81105836015212,2.64268336429044,0.0128404978213036,0.00476824528376413,1,1.00140628555053,2548.70936360894,1,20978.8450704225,1,1,1,42,2018-10-04T16:46:14.224,20181004_ecoli_ARA_M2_10K,-2500,2598,158.7,DIA_100X_EMPTY_1x1_200ms,,,
33,52,10.6719477737599,556,38.6954850375609,2008.70503597122,1192.54496402878,NaN,NaN,NaN,NaN,NaN,NaN,NaN,NaN,NaN,NaN,NaN,NaN,NaN,NaN,NaN,506.53026840358,0.86037724015768,52.7867219465898,11.5071306358593,9.40430561542132,2.36527723920537,0.0243175381475804,0.00933627613141756,2,1.00669657638475,3666.63806537781,0,22006.8075539568,1,1,1,42,2018-10-04T16:46:14.224,20181004_ecoli_ARA_M2_10K,-2500,2598,158.7,DIA_100X_EMPTY_1x1_200ms,,,
34,27,11.1693510531151,302,45.7542736521026,2000.24834437086,1482.85761589404,NaN,NaN,NaN,NaN,NaN,NaN,NaN,NaN,NaN,NaN,NaN,NaN,NaN,NaN,NaN,262.52162351428,0.994972624762201,25.9894220775804,11.6966073687725,9.73645400194855,2.89365590202469,0.00760555234317014,0.00331377547549646,1,1.00051081216743,1935.03193366579,0,21511.9735099338,1,1,1,42,2018-10-04T16:46:14.224,20181004_ecoli_ARA_M2_10K,-2500,2598,158.7,DIA_100X_EMPTY_1x1_200ms,,,
1,25,10.2185999927662,256,40.8763039762928,41.453125,372.74609375,NaN,NaN,NaN,NaN,NaN,NaN,NaN,NaN,NaN,NaN,NaN,NaN,NaN,NaN,NaN,251.56713828899,0.995099821710779,25.6117563421251,11.6150113217077,9.31951670738036,3.05954578854968,0.00475255294385137,0.00208126157663541,1,1.00010243828965,1747.09300685739,0,20958.9765625,1,1,1,43,2018-10-04T16:46:16.582,20181004_ecoli_ARA_M2_10K,-3000,1732,158.7,DIA_100X_EMPTY_1x1_200ms,,,
2,28,10.2941916400393,289,46.5828841584879,129.61937716263,687.512110726644,NaN,NaN,NaN,NaN,NaN,NaN,NaN,NaN,NaN,NaN,NaN,NaN,NaN,NaN,NaN,284.519762784767,0.986066805783621,28.8055384122347,11.5875588819317,9.63391273257476,2.58119762353438,0.00487089783469362,0.00204751317218216,2,1.00026935805241,2099.76791123957,0,20306.3460207612,1,1,1,43,2018-10-04T16:46:16.582,20181004_ecoli_ARA_M2_10K,-3000,1732,158.7,DIA_100X_EMPTY_1x1_200ms,,,
3,22,11.3201828854786,250,27.87212353736,252.792,1247.732,NaN,NaN,NaN,NaN,NaN,NaN,NaN,NaN,NaN,NaN,NaN,NaN,NaN,NaN,NaN,234.928694713368,0.999090148788584,22.3558692716366,12.1975607591636,10.1933148049118,3.06294919239983,0.00634589157068025,0.00344495681929613,0,1.00039345331549,1824.36745658972,0,19782.468,1,1,1,43,2018-10-04T16:46:16.582,20181004_ecoli_ARA_M2_10K,-3000,1732,158.7,DIA_100X_EMPTY_1x1_200ms,,,
4,36,11.0619108468722,399,49.1893683231343,420.428571428571,1532.53884711779,NaN,NaN,NaN,NaN,NaN,NaN,NaN,NaN,NaN,NaN,NaN,NaN,NaN,NaN,NaN,366.88922094467,0.959522099923791,36.4112090065605,11.8279162070917,9.77933219076157,2.48262383763111,0.0124060561455204,0.0024127186778457,2,1.00017078273943,2734.91213673929,0,19855.6315789474,1,1,1,43,2018-10-04T16:46:16.582,20181004_ecoli_ARA_M2_10K,-3000,1732,158.7,DIA_100X_EMPTY_1x1_200ms,,,
5,50,19.6040137769389,981,-49.9999999999999,700.163098878695,381.928644240571,NaN,NaN,NaN,NaN,NaN,NaN,NaN,NaN,NaN,NaN,NaN,NaN,NaN,NaN,NaN,885.243305095627,0.623973008878157,NaN,NaN,NaN,NaN,NaN,NaN,NaN,NaN,NaN,0,21286.8369011213,1,1,1,43,2018-10-04T16:46:16.582,20181004_ecoli_ARA_M2_10K,-3000,1732,158.7,DIA_100X_EMPTY_1x1_200ms,,,
6,36,11.3320591951944,408,48.6866306015444,755.299019607843,717.669117647059,NaN,NaN,NaN,NaN,NaN,NaN,NaN,NaN,NaN,NaN,NaN,NaN,NaN,NaN,NaN,373.395109815727,0.94740127710602,36.7888579806677,11.8775456327992,9.95233170522839,2.30351150550759,0.0055822288926227,0.00276705887468518,1,1.00063351531417,2861.90934352202,0,20182.2941176471,1,1,1,43,2018-10-04T16:46:16.582,20181004_ecoli_ARA_M2_10K,-3000,1732,158.7,DIA_100X_EMPTY_1x1_200ms,,,
7,24,9.99516977051069,240,37.1799745064418,1182.8375,1099.875,NaN,NaN,NaN,NaN,NaN,NaN,NaN,NaN,NaN,NaN,NaN,NaN,NaN,NaN,NaN,237.396852860982,0.992013312745425,23.5652922149535,11.9047203331036,9.52736877071951,3.17342269483896,0.324691696468777,0.013292920402692,1,1.00173375662697,1679.997602438,0,20324.9666666667,1,1,1,43,2018-10-04T16:46:16.582,20181004_ecoli_ARA_M2_10K,-3000,1732,158.7,DIA_100X_EMPTY_1x1_200ms,,,
8,28,10.069841992382,282,48.2110710089731,1211.71631205674,1640.74468085106,NaN,NaN,NaN,NaN,NaN,NaN,NaN,NaN,NaN,NaN,NaN,NaN,NaN,NaN,NaN,274.929329519354,0.973798042925695,28.1331456185054,11.3462555562604,9.47723254114374,2.55585301047588,0.00655336877069111,0.00330775267098841,0,1.00057937098285,1984.59205973048,0,19869.0496453901,1,1,1,43,2018-10-04T16:46:16.582,20181004_ecoli_ARA_M2_10K,-3000,1732,158.7,DIA_100X_EMPTY_1x1_200ms,,,
9,26,10.5372437473188,274,45.1949927316305,1215.84306569343,1695.63503649635,NaN,NaN,NaN,NaN,NaN,NaN,NaN,NaN,NaN,NaN,NaN,NaN,NaN,NaN,NaN,257.743613334405,0.984571754374641,25.5312797882153,11.5710143938682,9.74541364618924,2.77394209614702,0.00963730533982178,0.00421388969268469,1,1.00041196063965,1904.42126152079,0,19696.4817518248,1,1,1,43,2018-10-04T16:46:16.582,20181004_ecoli_ARA_M2_10K,-3000,1732,158.7,DIA_100X_EMPTY_1x1_200ms,,,
10,26,10.7882348690092,281,43.8572900991437,1285.871886121,749.754448398577,NaN,NaN,NaN,NaN,NaN,NaN,NaN,NaN,NaN,NaN,NaN,NaN,NaN,NaN,NaN,272.425679892722,0.984379431901296,26.1777538263407,12.2515704258957,10.0997460400289,2.85580148224793,0.0121902461226988,0.00544593644617881,1,1.00139494996651,2097.21602576863,0,19840.8256227758,1,1,1,43,2018-10-04T16:46:16.582,20181004_ecoli_ARA_M2_10K,-3000,1732,158.7,DIA_100X_EMPTY_1x1_200ms,,,
11,26,10.9997063647108,286,46.6308888385817,1288.83916083916,591.339160839161,NaN,NaN,NaN,NaN,NaN,NaN,NaN,NaN,NaN,NaN,NaN,NaN,NaN,NaN,NaN,268.215296433983,0.987930468363772,25.8419121790302,12.1465202140241,10.1092698887932,2.83299983134275,0.00549509144040551,0.00227747797821033,1,1.00025361207731,2074.21662034683,0,19629.520979021,1,1,1,43,2018-10-04T16:46:16.582,20181004_ecoli_ARA_M2_10K,-3000,1732,158.7,DIA_100X_EMPTY_1x1_200ms,,,
12,34,10.7120152429703,365,49.2479841257654,1307.53424657534,528.547945205479,NaN,NaN,NaN,NaN,NaN,NaN,NaN,NaN,NaN,NaN,NaN,NaN,NaN,NaN,NaN,345.871087796091,0.963250950727929,34.2186396670043,11.4586619062742,9.74726297827091,2.62384024699403,0.0160472872573806,0.00345631326009892,1,1.00055025940481,2553.39491182431,0,20107.3287671233,1,1,1,43,2018-10-04T16:46:16.582,20181004_ecoli_ARA_M2_10K,-3000,1732,158.7,DIA_100X_EMPTY_1x1_200ms,,,
13,74,12.0802094122949,894,-49.9999281891717,1433.048098434,600.758389261745,NaN,NaN,NaN,NaN,NaN,NaN,NaN,NaN,NaN,NaN,NaN,NaN,NaN,NaN,NaN,NaN,NaN,NaN,NaN,NaN,NaN,NaN,NaN,NaN,NaN,NaN,0,21266.615212528,1,1,1,43,2018-10-04T16:46:16.582,20181004_ecoli_ARA_M2_10K,-3000,1732,158.7,DIA_100X_EMPTY_1x1_200ms,,,
14,28,10.3188141297053,289,47.9450843186005,1503.1384083045,1349.79930795848,NaN,NaN,NaN,NaN,NaN,NaN,NaN,NaN,NaN,NaN,NaN,NaN,NaN,NaN,NaN,276.675247904327,0.984807921654385,27.4334708474237,11.8607887440793,9.70246658702726,2.88252334990225,0.00672387114343917,0.00315362589119423,1,1.00011303661993,2028.31288916496,0,20072.5155709343,1,1,1,43,2018-10-04T16:46:16.582,20181004_ecoli_ARA_M2_10K,-3000,1732,158.7,DIA_100X_EMPTY_1x1_200ms,,,
15,35,11.3169569089382,397,47.4954676745163,1532.23173803526,114.544080604534,NaN,NaN,NaN,NaN,NaN,NaN,NaN,NaN,NaN,NaN,NaN,NaN,NaN,NaN,NaN,365.608385165148,0.939330347158679,35.9901718252076,11.7429417450609,9.90076273284201,2.39281739282724,0.0182123580964062,0.00894761089697009,1,1.00727471361542,2770.83782361136,0,19832.0982367758,1,1,1,43,2018-10-04T16:46:16.582,20181004_ecoli_ARA_M2_10K,-3000,1732,158.7,DIA_100X_EMPTY_1x1_200ms,,,
16,46,10.4118223746342,479,49.3724782033508,1796.69728601253,459.757828810021,NaN,NaN,NaN,NaN,NaN,NaN,NaN,NaN,NaN,NaN,NaN,NaN,NaN,NaN,NaN,454.04828576743,0.918864852465283,46.561205740105,11.699559371778,9.57102062240518,2.06876324125393,0.0145315707677339,0.00781660663841194,1,1.00218388178667,3349.89044089023,0,20923.0960334029,1,1,1,43,2018-10-04T16:46:16.582,20181004_ecoli_ARA_M2_10K,-3000,1732,158.7,DIA_100X_EMPTY_1x1_200ms,,,
17,28,10.2023718376682,286,47.5926635231598,1829.18531468531,1450.94755244755,NaN,NaN,NaN,NaN,NaN,NaN,NaN,NaN,NaN,NaN,NaN,NaN,NaN,NaN,NaN,267.121666681809,0.990707482181728,27.7746720508084,11.2021174333478,9.36541089358378,2.57015672447556,0.00330399481607936,0.0016107770469724,1,1.00011324864539,1913.34150893669,0,21190.2727272727,1,1,1,43,2018-10-04T16:46:16.582,20181004_ecoli_ARA_M2_10K,-3000,1732,158.7,DIA_100X_EMPTY_1x1_200ms,,,
1,23,10.1035411744343,233,-29.5644379549763,564.450643776824,10.381974248927,NaN,NaN,NaN,NaN,NaN,NaN,NaN,NaN,NaN,NaN,NaN,NaN,NaN,NaN,NaN,NaN,NaN,NaN,NaN,NaN,NaN,NaN,NaN,NaN,NaN,NaN,0,19823.4120171674,1,1,1,57,2018-10-04T16:46:49.574,20181004_ecoli_ARA_M2_10K,4000,-0,158.7,DIA_100X_EMPTY_1x1_200ms,,,
2,25,10.3323418493514,259,42.5434736325552,683.555984555985,71.8416988416988,NaN,NaN,NaN,NaN,NaN,NaN,NaN,NaN,NaN,NaN,NaN,NaN,NaN,NaN,NaN,255.491372957997,0.993619350764276,25.3777027877804,11.4504237426624,9.80523786231517,2.71118942759908,0.000447527308225406,0.000165512865114002,2,1.00000037955444,1916.27774236673,0,20633.7722007722,1,1,1,57,2018-10-04T16:46:49.574,20181004_ecoli_ARA_M2_10K,4000,-0,158.7,DIA_100X_EMPTY_1x1_200ms,,,
3,50,10.6150878342658,532,49.0721788024502,878.842105263158,661.761278195489,NaN,NaN,NaN,NaN,NaN,NaN,NaN,NaN,NaN,NaN,NaN,NaN,NaN,NaN,NaN,507.333799444,0.910355229949171,51.3025593830718,11.649051852206,9.75419583103557,1.90346551730873,0.0152254955293305,0.00787022852280889,1,1.00351621692712,3833.6446458171,0,19993.2462406015,1,1,1,57,2018-10-04T16:46:49.574,20181004_ecoli_ARA_M2_10K,4000,-0,158.7,DIA_100X_EMPTY_1x1_200ms,,,
4,26,10.2818257055649,268,43.7824620912229,1004.76865671642,870.167910447761,NaN,NaN,NaN,NaN,NaN,NaN,NaN,NaN,NaN,NaN,NaN,NaN,NaN,NaN,NaN,259.550161399631,0.984851596033688,26.1769466264849,11.9785453757987,9.60840396585343,2.79123380080057,0.00201774718384036,0.00088980387296407,1,1.00001129924097,1898.0662916567,0,20519.026119403,1,1,1,57,2018-10-04T16:46:49.574,20181004_ecoli_ARA_M2_10K,4000,-0,158.7,DIA_100X_EMPTY_1x1_200ms,,,
5,30,10.3647739867348,311,49.1140323235034,1030.11575562701,472.038585209003,NaN,NaN,NaN,NaN,NaN,NaN,NaN,NaN,NaN,NaN,NaN,NaN,NaN,NaN,NaN,297.858615004603,0.978918340182589,29.7919079879799,11.8913797874991,9.75673251673689,2.55739492699461,0.00777573908600278,0.00410569610448326,0,1.00097144685984,2227.39375188981,0,20506.4662379421,1,1,1,57,2018-10-04T16:46:49.574,20181004_ecoli_ARA_M2_10K,4000,-0,158.7,DIA_100X_EMPTY_1x1_200ms,,,
6,22,9.45144575806122,208,34.6126667028148,1092.28846153846,1086.53846153846,NaN,NaN,NaN,NaN,NaN,NaN,NaN,NaN,NaN,NaN,NaN,NaN,NaN,NaN,NaN,216.673512724284,0.996394994674833,22.360074019928,11.5458642507119,9.41980456386521,2.81800857053362,0.0120552762024009,0.00600075145860073,1,1.00122637572527,1558.28504632328,0,20878.1778846154,1,1,1,57,2018-10-04T16:46:49.574,20181004_ecoli_ARA_M2_10K,4000,-0,158.7,DIA_100X_EMPTY_1x1_200ms,,,
7,43,15.3023985529422,658,-49.9971307213288,1213.47568389058,667.56990881459,NaN,NaN,NaN,NaN,NaN,NaN,NaN,NaN,NaN,NaN,NaN,NaN,NaN,NaN,NaN,586.032801235041,0.815420224957001,44.5746112835542,15.2906827242738,10.7355738094151,4.21126753996735,0.0625219183224522,0.0206275882948202,4,1.05054282016377,4034.85535367932,0,20654.3951367781,1,1,1,57,2018-10-04T16:46:49.574,20181004_ecoli_ARA_M2_10K,4000,-0,158.7,DIA_100X_EMPTY_1x1_200ms,,,
8,28,10.139814653908,284,48.6762134741662,1235.03873239437,312.637323943662,NaN,NaN,NaN,NaN,NaN,NaN,NaN,NaN,NaN,NaN,NaN,NaN,NaN,NaN,NaN,268.448633033059,0.989620310878004,27.4314810140735,11.524300941262,9.41066110450037,2.82110875798324,0.00723982212988231,0.00308862001293891,1,1.00031369676698,1908.00454489389,0,20280.6654929577,1,1,1,57,2018-10-04T16:46:49.574,20181004_ecoli_ARA_M2_10K,4000,-0,158.7,DIA_100X_EMPTY_1x1_200ms,,,
9,24,10.9396735358958,263,31.6615996958133,1254.09885931559,251.368821292776,NaN,NaN,NaN,NaN,NaN,NaN,NaN,NaN,NaN,NaN,NaN,NaN,NaN,NaN,NaN,247.385503497493,0.997183391454092,24.6274277016738,11.5920784119349,9.7003178814076,2.91135369425246,0.00280475095918599,0.00113867072452961,2,1.00005982311563,1820.03972417296,0,20329.7300380228,1,1,1,57,2018-10-04T16:46:49.574,20181004_ecoli_ARA_M2_10K,4000,-0,158.7,DIA_100X_EMPTY_1x1_200ms,,,
10,35,10.3532338278426,364,48.4446645679348,1301.82692307692,1530.13186813187,NaN,NaN,NaN,NaN,NaN,NaN,NaN,NaN,NaN,NaN,NaN,NaN,NaN,NaN,NaN,354.888126860647,0.94786765744981,36.0098652824709,11.5731269348967,9.59316232895629,2.37461463570554,0.0051556442297983,0.00171654708310432,2,1.00014498869761,2602.76504005835,0,20409.0796703297,1,1,1,57,2018-10-04T16:46:49.574,20181004_ecoli_ARA_M2_10K,4000,-0,158.7,DIA_100X_EMPTY_1x1_200ms,,,
11,34,10.9418078828399,373,45.8779381664159,1366.30563002681,373.654155495979,NaN,NaN,NaN,NaN,NaN,NaN,NaN,NaN,NaN,NaN,NaN,NaN,NaN,NaN,NaN,361.590004621488,0.952315379263416,35.7469681251215,11.5562200007873,9.9055289928799,2.30214059448231,0.011270669250023,0.00503202014522928,1,1.00222173449777,2754.76426955262,0,20302.3324396783,1,1,1,57,2018-10-04T16:46:49.574,20181004_ecoli_ARA_M2_10K,4000,-0,158.7,DIA_100X_EMPTY_1x1_200ms,,,
12,31,9.83957245095583,305,48.2438191644528,1648.00983606557,740.222950819672,NaN,NaN,NaN,NaN,NaN,NaN,NaN,NaN,NaN,NaN,NaN,NaN,NaN,NaN,NaN,302.859266375758,0.97377099289575,31.0432544989405,11.5089274269237,9.46130751214914,2.55301816152568,0.00543111278541069,0.00343615763518253,0,1.00071852799889,2182.5260854804,0,20894.4590163934,1,1,1,57,2018-10-04T16:46:49.574,20181004_ecoli_ARA_M2_10K,4000,-0,158.7,DIA_100X_EMPTY_1x1_200ms,,,
13,48,9.84733863177321,473,33.5562138188033,1698.84778012685,1089.94080338266,NaN,NaN,NaN,NaN,NaN,NaN,NaN,NaN,NaN,NaN,NaN,NaN,NaN,NaN,NaN,461.583315488708,0.865426990670096,49.1867697892453,11.3744508096922,9.23397658837475,2.36086800663025,0.0174458395651932,0.00624997795688806,2,1.00511720175562,3293.94028699078,0,21568.7716701903,1,1,1,57,2018-10-04T16:46:49.574,20181004_ecoli_ARA_M2_10K,4000,-0,158.7,DIA_100X_EMPTY_1x1_200ms,,,
14,20,10.4585734885647,210,-9.50611149104494,1774.91428571429,1224.73333333333,NaN,NaN,NaN,NaN,NaN,NaN,NaN,NaN,NaN,NaN,NaN,NaN,NaN,NaN,NaN,204.340495605994,0.999860264578087,20.3282553525828,12.1397333615532,9.72077692624775,3.14373246929909,0.00411281508603378,0.00193570230623755,1,1.00010771101538,1508.66196972042,0,21245.9476190476,1,1,1,57,2018-10-04T16:46:49.574,20181004_ecoli_ARA_M2_10K,4000,-0,158.7,DIA_100X_EMPTY_1x1_200ms,,,
15,25,10.5813343091559,265,43.5236142641887,1884.19622641509,158.015094339623,NaN,NaN,NaN,NaN,NaN,NaN,NaN,NaN,NaN,NaN,NaN,NaN,NaN,NaN,NaN,246.87516997763,0.994577918831835,25.151941694482,11.8418881913212,9.49845179400498,2.84856948282202,0.00739208072704521,0.00412864749776031,0,1.00073268046588,1782.24352223941,0,20597.3924528302,1,1,1,57,2018-10-04T16:46:49.574,20181004_ecoli_ARA_M2_10K,4000,-0,158.7,DIA_100X_EMPTY_1x1_200ms,,,
