CellID,LongAxis,ShortAxis,Area,RegionScore,XPosition,YPosition,Fluor1Sum,Fluor1Mean,Fluor1Background,Fluor1BgStd,Fluor1FociNumber,Fluor2Sum,Fluor2Mean,Fluor2Background,Fluor2BgStd,Fluor2FociNumber,Fluor3Sum,Fluor3Mean,Fluor3Background,Fluor3BgStd,Fluor3FociNumber,MeshArea,MeshSolidity,MeshAxisLength,MeshRibsLengthMax,MeshRibsLengthMean,MeshRibsLengthStd,MeshCurvatureMax,MeshCurvatureMean,MeshCurvatureInflection,MeshSinuosity,MeshVolume,NumOfNeighbors,RegionGrayVal,TimeFrames,AgeFrames,RelativeAge,xyFolder,DateTime,Folder,StageXposition,StageYposition,StageZposition,PhaseConfig,Fluo1Config,Fluo2Config,Fluo3Config
1,26,9.20695609605802,239,46.1668674734203,34.7112970711297,697.464435146444,NaN,NaN,NaN,NaN,NaN,NaN,NaN,NaN,NaN,NaN,NaN,NaN,NaN,NaN,NaN,246.304411036682,0.984603619587845,26.1649266280309,10.8417122734573,9.13415229329445,2.50581698041438,0.0120172004160469,0.0058200346898198,1,1.00165163247265,1714.53320016354,0,18083.3723849372,1,1,1,1,2018-10-30T18:19:14.239,20181030_ecoli_REL607,-0,-0,158.975,DIA_100X_EMPTY_1x1_200ms,,,
2,23,9.81158854499854,227,36.5665781532753,132.348017621145,1959.26872246696,NaN,NaN,NaN,NaN,NaN,NaN,NaN,NaN,NaN,NaN,NaN,NaN,NaN,NaN,NaN,209.256573243617,0.999511084069155,21.9147119525743,11.4934719843915,9.27578234246878,2.87858644137042,0.000670370080219167,0.000390011816825953,2,1.00000126477558,1480.90345595042,0,20162.8370044053,1,1,1,1,2018-10-30T18:19:14.239,20181030_ecoli_REL607,-0,-0,158.975,DIA_100X_EMPTY_1x1_200ms,,,
3,21,11.3520074543531,239,-13.1962564309891,229.066945606695,1950.44769874477,NaN,NaN,NaN,NaN,NaN,NaN,NaN,NaN,NaN,NaN,NaN,NaN,NaN,NaN,NaN,225.656121982212,0.999882993139039,20.4238479046112,14.2885783434984,10.5266040387105,3.92817896026471,0.011527711774054,0.00567835570814627,1,1.00094998953188,1777.47713694067,0,16822.7782426778,1,1,1,1,2018-10-30T18:19:14.239,20181030_ecoli_REL607,-0,-0,158.975,DIA_100X_EMPTY_1x1_200ms,,,
4,45,14.2233606040816,640,-49.9999600619767,647.2359375,691.5703125,NaN,NaN,NaN,NaN,NaN,NaN,NaN,NaN,NaN,NaN,NaN,NaN,NaN,NaN,NaN,601.369745434169,0.709339751804501,57.6154162490164,17.1312049028813,9.92201427275984,3.45206707008366,0.142660788018316,0.0500163363741564,3,1.34391440131131,4454.80070859213,0,18268.1015625,1,1,1,1,2018-10-30T18:19:14.239,20181030_ecoli_REL607,-0,-0,158.975,DIA_100X_EMPTY_1x1_200ms,,,
5,31,9.82865971379458,305,48.7104273558946,734.206557377049,332.255737704918,NaN,NaN,NaN,NaN,NaN,NaN,NaN,NaN,NaN,NaN,NaN,NaN,NaN,NaN,NaN,298.084837280989,0.969485367587282,30.8362332255976,11.2331438790318,9.45267670906903,2.34042801450742,0.00999496517260026,0.00480546004082884,1,1.00158801858139,2164.01772068079,0,17947.6819672131,1,1,1,1,2018-10-30T18:19:14.239,20181030_ecoli_REL607,-0,-0,158.975,DIA_100X_EMPTY_1x1_200ms,,,
6,29,10.4035444967999,302,47.2263201557322,735.87417218543,1646.67549668874,NaN,NaN,NaN,NaN,NaN,NaN,NaN,NaN,NaN,NaN,NaN,NaN,NaN,NaN,NaN,272.494133877509,0.990049880769294,27.0562366596393,11.5816267801186,9.75788173512913,2.79302114835271,0.0113352071936897,0.00559440751423605,1,1.00162790605391,2023.33768666204,0,17786.5331125828,1,1,1,1,2018-10-30T18:19:14.239,20181030_ecoli_REL607,-0,-0,158.975,DIA_100X_EMPTY_1x1_200ms,,,
7,26,15.2335592020987,397,-49.4659284148567,777.488664987406,280.750629722922,NaN,NaN,NaN,NaN,NaN,NaN,NaN,NaN,NaN,NaN,NaN,NaN,NaN,NaN,NaN,355.343139625449,0.947365175987813,25.4636047507748,19.176228595474,13.0395047773192,4.77286592807174,0.0968053449826101,0.0327180169602408,3,1.05685132368289,3400.41529883725,0,17954.879093199,1,1,1,1,2018-10-30T18:19:14.239,20181030_ecoli_REL607,-0,-0,158.975,DIA_100X_EMPTY_1x1_200ms,,,
8,27,9.35314676696315,253,45.4586857547556,779.090909090909,523.450592885375,NaN,NaN,NaN,NaN,NaN,NaN,NaN,NaN,NaN,NaN,NaN,NaN,NaN,NaN,NaN,261.990181576459,0.982153896101979,27.7547213060777,10.7753168644825,9.19364199392034,2.4409108267217,0.0102029460850603,0.00506949196673523,1,1.00139527934189,1842.47637671413,0,18100.0276679842,1,1,1,1,2018-10-30T18:19:14.239,20181030_ecoli_REL607,-0,-0,158.975,DIA_100X_EMPTY_1x1_200ms,,,
9,33,9.26355991990562,306,48.78878394909,804.457516339869,962.251633986928,NaN,NaN,NaN,NaN,NaN,NaN,NaN,NaN,NaN,NaN,NaN,NaN,NaN,NaN,NaN,314.124184283328,0.957354526835846,33.4613633394847,10.7309383461464,9.10246241253997,2.33225978535929,0.00684016405337114,0.00384749268324304,0,1.0010758157086,2177.46559466164,0,17867.3169934641,1,1,1,1,2018-10-30T18:19:14.239,20181030_ecoli_REL607,-0,-0,158.975,DIA_100X_EMPTY_1x1_200ms,,,
10,28,9.81841719653511,275,47.5914318262312,1354.72727272727,1441.96363636364,NaN,NaN,NaN,NaN,NaN,NaN,NaN,NaN,NaN,NaN,NaN,NaN,NaN,NaN,NaN,271.87353958581,0.980472516786686,28.3605310680099,11.1566617603155,9.36027062805554,2.47084129276162,0.00396182536519977,0.00173622376970478,2,1.00018629878265,1951.55614975699,0,17396.7236363636,1,1,1,1,2018-10-30T18:19:14.239,20181030_ecoli_REL607,-0,-0,158.975,DIA_100X_EMPTY_1x1_200ms,,,
11,31,11.1676640399134,347,-40.4863703043061,1651.33141210375,1789.83573487032,NaN,NaN,NaN,NaN,NaN,NaN,NaN,NaN,NaN,NaN,NaN,NaN,NaN,NaN,NaN,331.081045501778,0.872485875977106,32.7115804671865,12.516743852913,9.62725173363989,2.58608031778669,0.062610901745976,0.0279129974191645,2,1.02285763487251,2381.20104705409,0,18465.5619596542,1,1,1,1,2018-10-30T18:19:14.239,20181030_ecoli_REL607,-0,-0,158.975,DIA_100X_EMPTY_1x1_200ms,,,
12,23,9.47491725799736,218,40.1122589054749,1670.00458715596,1906.76605504587,NaN,NaN,NaN,NaN,NaN,NaN,NaN,NaN,NaN,NaN,NaN,NaN,NaN,NaN,NaN,209.244809095428,0.999496614986999,22.0003898569716,11.3973455314549,8.90407838954963,3.28306954556575,0.0770983602548553,0.00690503318083289,0,1.00094282774796,1369.92946800219,0,18153.0229357798,1,1,1,1,2018-10-30T18:19:14.239,20181030_ecoli_REL607,-0,-0,158.975,DIA_100X_EMPTY_1x1_200ms,,,
13,24,9.13842778820762,220,42.7710826146505,1713.56818181818,666.177272727273,NaN,NaN,NaN,NaN,NaN,NaN,NaN,NaN,NaN,NaN,NaN,NaN,NaN,NaN,NaN,226.578990446711,0.997399235914292,23.8731792730584,11.1450349425507,9.22696797692854,2.65378817225135,0.0013909821496147,0.000584385127251282,2,1.00001230304141,1596.31342991658,0,17821.0272727273,1,1,1,1,2018-10-30T18:19:14.239,20181030_ecoli_REL607,-0,-0,158.975,DIA_100X_EMPTY_1x1_200ms,,,
14,26,10.1205623602161,263,44.2673146934394,1720.60836501901,570.304182509506,NaN,NaN,NaN,NaN,NaN,NaN,NaN,NaN,NaN,NaN,NaN,NaN,NaN,NaN,NaN,255.716327379864,0.976492801531201,25.7841952316909,11.4394445427459,9.42206698580904,2.89962931476242,0.0337137760312225,0.0168309096175836,1,1.01348462415968,1797.77707175392,0,18025.5969581749,1,1,1,1,2018-10-30T18:19:14.239,20181030_ecoli_REL607,-0,-0,158.975,DIA_100X_EMPTY_1x1_200ms,,,
15,22,9.39997348314167,207,34.4006452371438,1783.20289855072,203.405797101449,NaN,NaN,NaN,NaN,NaN,NaN,NaN,NaN,NaN,NaN,NaN,NaN,NaN,NaN,NaN,208.525473236856,0.998778711264455,22.3172401881653,10.9236675684513,9.05486245843913,2.66330711954568,0.00376625364521905,0.00215657868323015,0,1.00014746094649,1437.1234785728,0,19522.9323671498,1,1,1,1,2018-10-30T18:19:14.239,20181030_ecoli_REL607,-0,-0,158.975,DIA_100X_EMPTY_1x1_200ms,,,
16,25,9.47720050527936,237,46.6804117874357,1827.16033755274,1589.79746835443,NaN,NaN,NaN,NaN,NaN,NaN,NaN,NaN,NaN,NaN,NaN,NaN,NaN,NaN,NaN,244.097566674451,0.986786725538449,25.3042748196237,11.2734460447166,9.38491418136382,2.61239057370515,0.00422777166619811,0.00207762580724824,1,1.00009012972576,1750.42855046485,0,18238.6329113924,1,1,1,1,2018-10-30T18:19:14.239,20181030_ecoli_REL607,-0,-0,158.975,DIA_100X_EMPTY_1x1_200ms,,,
17,28,7.70485136611932,216,46.8337572327379,1964.18518518519,460.240740740741,NaN,NaN,NaN,NaN,NaN,NaN,NaN,NaN,NaN,NaN,NaN,NaN,NaN,NaN,NaN,249.999445391262,0.945454402438134,27.5561092003247,11.253941867916,8.64533054488672,2.64328453576085,0.0451991226183037,0.00713181950992176,1,1.00211920492493,1617.59942512488,0,20401.1481481481,1,1,1,1,2018-10-30T18:19:14.239,20181030_ecoli_REL607,-0,-0,158.975,DIA_100X_EMPTY_1x1_200ms,,,
1,22,9.29807390514721,205,42.6770987886874,209.692682926829,852.078048780488,NaN,NaN,NaN,NaN,NaN,NaN,NaN,NaN,NaN,NaN,NaN,NaN,NaN,NaN,NaN,206.382452183473,0.999222442952014,21.4996886990854,11.4812872277692,8.9688171364424,3.31647944603375,0.00526419198678785,0.00249715793792296,1,1.00021461016955,1358.28965098063,0,18385.2,1,1,1,2,2018-10-30T18:19:16.652,20181030_ecoli_REL607,-500,866,158.975,DIA_100X_EMPTY_1x1_200ms,,,
2,24,9.37474710928337,225,39.4606259008597,232.133333333333,910.608888888889,NaN,NaN,NaN,NaN,NaN,NaN,NaN,NaN,NaN,NaN,NaN,NaN,NaN,NaN,NaN,229.565060181002,0.995150399189504,24.3445897647289,10.9222373989736,9.16815008384843,2.64640681331536,0.00552095578785651,0.00281846556038641,0,1.00033189981122,1607.14762268498,0,18479.7777777778,1,1,1,2,2018-10-30T18:19:16.652,20181030_ecoli_REL607,-500,866,158.975,DIA_100X_EMPTY_1x1_200ms,,,
3,31,10.3547609618377,322,47.9222763065916,233.021739130435,1796.91925465839,NaN,NaN,NaN,NaN,NaN,NaN,NaN,NaN,NaN,NaN,NaN,NaN,NaN,NaN,NaN,283.465482972452,0.983346338793867,29.7766972752862,10.8804523684452,9.28745104397642,2.43844045491701,0.00243774766630096,0.00143008901585743,0,1.00009888529226,2017.24887578446,0,20223.5714285714,1,1,1,2,2018-10-30T18:19:16.652,20181030_ecoli_REL607,-500,866,158.975,DIA_100X_EMPTY_1x1_200ms,,,
4,32,9.18877854327961,294,48.5568969889027,617.414965986395,229.554421768707,NaN,NaN,NaN,NaN,NaN,NaN,NaN,NaN,NaN,NaN,NaN,NaN,NaN,NaN,NaN,290.548311834366,0.973765618720096,31.0468174644036,10.5592351055526,9.07549935748099,2.36014734877239,0.00211606733716485,0.00145810487340308,0,1.00012532894616,2008.38990798446,0,18862.074829932,1,1,1,2,2018-10-30T18:19:16.652,20181030_ecoli_REL607,-500,866,158.975,DIA_100X_EMPTY_1x1_200ms,,,
5,20,10.1203038924597,203,-39.2730722981389,744.847290640394,163.15763546798,NaN,NaN,NaN,NaN,NaN,NaN,NaN,NaN,NaN,NaN,NaN,NaN,NaN,NaN,NaN,182.310454274637,0.999830242217563,18.7207004197261,12.4902684906892,9.18853015095986,3.5359892474462,0.020475766452689,0.0108403089680872,0,1.0029095754304,1241.3780568835,0,18422.6502463054,1,1,1,2,2018-10-30T18:19:16.652,20181030_ecoli_REL607,-500,866,158.975,DIA_100X_EMPTY_1x1_200ms,,,
6,37,9.16879253499781,340,48.8239432751339,915.652941176471,507.708823529412,NaN,NaN,NaN,NaN,NaN,NaN,NaN,NaN,NaN,NaN,NaN,NaN,NaN,NaN,NaN,351.956355164728,0.953356865065136,38.2229830002493,10.5006778745893,9.02342772727477,2.02612499167228,0.00560554103665411,0.00267255601355636,1,1.00075744707164,2444.31710598297,0,18625.4441176471,1,1,1,2,2018-10-30T18:19:16.652,20181030_ecoli_REL607,-500,866,158.975,DIA_100X_EMPTY_1x1_200ms,,,
7,33,8.78747814891911,290,49.2920948464956,963.91724137931,1240.49655172414,NaN,NaN,NaN,NaN,NaN,NaN,NaN,NaN,NaN,NaN,NaN,NaN,NaN,NaN,NaN,297.466779511437,0.969131329100206,32.2012263736875,10.6313435764978,9.01441942285269,2.24431261235401,0.00275296803332332,0.00152653527394677,1,1.00004972625178,2055.12297992151,0,18393.2,1,1,1,2,2018-10-30T18:19:16.652,20181030_ecoli_REL607,-500,866,158.975,DIA_100X_EMPTY_1x1_200ms,,,
8,24,12.0435416141665,290,-49.999618730067,1424.73793103448,9.06206896551724,NaN,NaN,NaN,NaN,NaN,NaN,NaN,NaN,NaN,NaN,NaN,NaN,NaN,NaN,NaN,NaN,NaN,NaN,NaN,NaN,NaN,NaN,NaN,NaN,NaN,NaN,0,19238.7172413793,1,1,1,2,2018-10-30T18:19:16.652,20181030_ecoli_REL607,-500,866,158.975,DIA_100X_EMPTY_1x1_200ms,,,
9,24,10.3765730491908,250,38.0315018435518,1573.316,1873.012,NaN,NaN,NaN,NaN,NaN,NaN,NaN,NaN,NaN,NaN,NaN,NaN,NaN,NaN,NaN,233.816742213267,0.996608568215396,24.240036491336,11.0986509016382,9.3499583422423,2.74704353666404,0.00722039352355046,0.00346119518462264,1,1.0005189497967,1664.34173049233,0,18427.664,1,1,1,2,2018-10-30T18:19:16.652,20181030_ecoli_REL607,-500,866,158.975,DIA_100X_EMPTY_1x1_200ms,,,
10,33,9.0185079393147,312,47.4555044223504,1621.67628205128,1451.84294871795,NaN,NaN,NaN,NaN,NaN,NaN,NaN,NaN,NaN,NaN,NaN,NaN,NaN,NaN,NaN,308.933645900609,0.969527157999402,33.00627988266,10.4238072247958,9.08995304840357,2.30669815340265,0.0112655268648282,0.0043126002801524,1,1.00142688400269,2141.95202514803,0,17997.2243589744,1,1,1,2,2018-10-30T18:19:16.652,20181030_ecoli_REL607,-500,866,158.975,DIA_100X_EMPTY_1x1_200ms,,,
11,23,9.39695624908836,216,45.0433833732132,1962.01851851852,1228.06481481481,NaN,NaN,NaN,NaN,NaN,NaN,NaN,NaN,NaN,NaN,NaN,NaN,NaN,NaN,NaN,217.375421772361,0.997109260001926,22.9017026184527,11.0786164867394,9.22474674062328,2.67804584545115,0.00370678331703741,0.0020905899797967,0,1.0001525626066,1530.61708192551,0,18488.3101851852,1,1,1,2,2018-10-30T18:19:16.652,20181030_ecoli_REL607,-500,866,158.975,DIA_100X_EMPTY_1x1_200ms,,,
12,22,10.0996195385851,223,35.4546200460293,2025.42600896861,155.170403587444,NaN,NaN,NaN,NaN,NaN,NaN,NaN,NaN,NaN,NaN,NaN,NaN,NaN,NaN,NaN,206.90117378572,0.99967107846464,21.4834129711873,11.5268626415965,9.17764958192344,3.13449800304512,0.00542390640989751,0.00288197612779341,0,1.00026576901381,1421.20295367795,0,19427.197309417,1,1,1,2,2018-10-30T18:19:16.652,20181030_ecoli_REL607,-500,866,158.975,DIA_100X_EMPTY_1x1_200ms,,,
1,35,13.3291079730457,467,48.5811762646764,57.6852248394004,1530.17344753747,NaN,NaN,NaN,NaN,NaN,NaN,NaN,NaN,NaN,NaN,NaN,NaN,NaN,NaN,NaN,420.041218634459,0.99248432655272,34.1268481745213,16.054216644151,11.886316976726,3.92035094048327,0.0239437328560673,0.00992740127122453,1,1.00484621671608,3786.87244520333,0,17668.8886509636,1,1,1,3,2018-10-30T18:19:18.986,20181030_ecoli_REL607,-1000,-0,158.975,DIA_100X_EMPTY_1x1_200ms,,,
2,53,13.4979733849389,716,-49.9174118360629,430.572625698324,1640.17877094972,NaN,NaN,NaN,NaN,NaN,NaN,NaN,NaN,NaN,NaN,NaN,NaN,NaN,NaN,NaN,604.736347297887,0.653511235481323,NaN,NaN,NaN,NaN,NaN,NaN,NaN,NaN,NaN,0,19584.4567039106,1,1,1,3,2018-10-30T18:19:18.986,20181030_ecoli_REL607,-1000,-0,158.975,DIA_100X_EMPTY_1x1_200ms,,,
3,23,11.1735670684328,257,19.6307435110581,935.964980544747,1490.66536964981,NaN,NaN,NaN,NaN,NaN,NaN,NaN,NaN,NaN,NaN,NaN,NaN,NaN,NaN,NaN,222.946630875899,0.999835982644793,20.5074297485174,14.2655524644983,10.3715507208961,3.9620763112421,0.00225803761427335,0.00135542696439625,1,1.00001322042363,1732.56088339272,0,14506.2023346304,1,1,1,3,2018-10-30T18:19:18.986,20181030_ecoli_REL607,-1000,-0,158.975,DIA_100X_EMPTY_1x1_200ms,,,
4,27,10.629419078105,290,39.4631045222074,1127.90344827586,207.458620689655,NaN,NaN,NaN,NaN,NaN,NaN,NaN,NaN,NaN,NaN,NaN,NaN,NaN,NaN,NaN,263.038117018103,0.985435809451445,27.0852434514923,11.1019374449497,9.38778469166058,2.67102875732387,0.00109460496931109,0.000447193750279089,2,1.00000411224543,1874.77375820699,0,18907.0137931034,1,1,1,3,2018-10-30T18:19:18.986,20181030_ecoli_REL607,-1000,-0,158.975,DIA_100X_EMPTY_1x1_200ms,,,
5,26,10.6314993754929,278,40.9951412528204,1449.03597122302,1490.42446043165,NaN,NaN,NaN,NaN,NaN,NaN,NaN,NaN,NaN,NaN,NaN,NaN,NaN,NaN,NaN,261.2909149754,0.964106704408726,26.8978401281242,11.0889115459949,9.23375196172861,2.78387786072224,0.026611875192585,0.0142070610444441,0,1.0104732569798,1801.20729789547,0,18460.0575539568,1,1,1,3,2018-10-30T18:19:18.986,20181030_ecoli_REL607,-1000,-0,158.975,DIA_100X_EMPTY_1x1_200ms,,,
6,38,10.1318459356192,385,49.167644371902,1849.12207792208,502.958441558442,NaN,NaN,NaN,NaN,NaN,NaN,NaN,NaN,NaN,NaN,NaN,NaN,NaN,NaN,NaN,355.8934940419,0.948360151633457,37.3647686120487,10.8653551859154,9.35385459927729,2.08415448774041,0.0116065737303722,0.00423825967839606,2,1.00199160897482,2567.63571536636,0,19227.1454545455,1,1,1,3,2018-10-30T18:19:18.986,20181030_ecoli_REL607,-1000,-0,158.975,DIA_100X_EMPTY_1x1_200ms,,,
1,32,9.36536423470049,300,48.5742847419345,152.576666666667,907.93,NaN,NaN,NaN,NaN,NaN,NaN,NaN,NaN,NaN,NaN,NaN,NaN,NaN,NaN,NaN,299.910386282902,0.963239704146284,32.3883683935829,10.7383156206857,8.95572922552578,2.40515194870044,0.00339925654032669,0.00130113913426335,2,1.00006983662425,2040.23813263052,0,18399.4933333333,1,1,1,9,2018-10-30T18:19:32.939,20181030_ecoli_REL607,-1000,1732,158.975,DIA_100X_EMPTY_1x1_200ms,,,
2,33,9.57318296312024,316,49.3051762514867,313.155063291139,1319.62341772152,NaN,NaN,NaN,NaN,NaN,NaN,NaN,NaN,NaN,NaN,NaN,NaN,NaN,NaN,NaN,301.965560185599,0.961910967765169,32.2409229717606,10.8425959080098,9.15442822088544,2.24010388783859,0.00720766041629177,0.00326429970780393,0,1.00058449707747,2122.07043567202,0,18640.1993670886,1,1,1,9,2018-10-30T18:19:32.939,20181030_ecoli_REL607,-1000,1732,158.975,DIA_100X_EMPTY_1x1_200ms,,,
3,53,9.10026347816165,483,48.0080769718665,535.927536231884,1800.97308488613,NaN,NaN,NaN,NaN,NaN,NaN,NaN,NaN,NaN,NaN,NaN,NaN,NaN,NaN,NaN,484.624609195797,0.909540410892705,53.3316222616689,10.5913178711334,8.88757848749708,1.9297229853221,0.00683808696207851,0.00290667789267682,2,1.00124601954973,3308.57949548246,0,19830.6749482402,1,1,1,9,2018-10-30T18:19:32.939,20181030_ecoli_REL607,-1000,1732,158.975,DIA_100X_EMPTY_1x1_200ms,,,
4,37,9.45681887149914,352,47.252335996357,652.920454545455,196,NaN,NaN,NaN,NaN,NaN,NaN,NaN,NaN,NaN,NaN,NaN,NaN,NaN,NaN,NaN,349.404938369914,0.942367781186402,37.6995699495341,10.3801178306431,9.08132586530395,2.07984376469251,0.0189684189464741,0.00816561242414202,1,1.00662398547151,2441.88269401175,0,18328.6448863636,1,1,1,9,2018-10-30T18:19:32.939,20181030_ecoli_REL607,-1000,1732,158.975,DIA_100X_EMPTY_1x1_200ms,,,
5,25,9.30916951813583,233,45.8394769220278,795.80686695279,723.24034334764,NaN,NaN,NaN,NaN,NaN,NaN,NaN,NaN,NaN,NaN,NaN,NaN,NaN,NaN,NaN,244.42808431621,0.9878543245573,25.6298088780245,10.8578327776579,9.22374507518314,2.65280550368882,0.00863711672755555,0.00443265247903073,1,1.00091112785252,1712.57591492846,0,17422.3905579399,1,1,1,9,2018-10-30T18:19:32.939,20181030_ecoli_REL607,-1000,1732,158.975,DIA_100X_EMPTY_1x1_200ms,,,
6,27,8.80428940404149,239,44.7059884849303,826.493723849372,849.485355648536,NaN,NaN,NaN,NaN,NaN,NaN,NaN,NaN,NaN,NaN,NaN,NaN,NaN,NaN,NaN,258.057847335372,0.979113413735958,28.0813105164358,10.569592439782,8.89758948173425,2.39026714360031,0.00435905964337129,0.00196458520622562,0,1.00019081969383,1746.03112765102,0,17987.4225941423,1,1,1,9,2018-10-30T18:19:32.939,20181030_ecoli_REL607,-1000,1732,158.975,DIA_100X_EMPTY_1x1_200ms,,,
7,26,11.5498893072104,301,43.5134345297708,905.222591362126,598.717607973422,NaN,NaN,NaN,NaN,NaN,NaN,NaN,NaN,NaN,NaN,NaN,NaN,NaN,NaN,NaN,273.602533576541,0.994956451080037,25.9466659466817,12.1773798887465,10.1628955472208,3.04873651515962,0.00811246927868755,0.00388369423185227,1,1.0007414791995,2104.77833997011,0,16897.1495016611,1,1,1,9,2018-10-30T18:19:32.939,20181030_ecoli_REL607,-1000,1732,158.975,DIA_100X_EMPTY_1x1_200ms,,,
8,27,9.71045177814332,263,43.7890051606666,1123.4752851711,698.874524714829,NaN,NaN,NaN,NaN,NaN,NaN,NaN,NaN,NaN,NaN,NaN,NaN,NaN,NaN,NaN,267.379913193537,0.972639996587025,28.0510665634992,11.0014659016135,9.24380921083648,2.51783286846341,0.0120898233929863,0.00557587676443476,1,1.00176751730217,1882.52696863868,0,17669.4220532319,1,1,1,9,2018-10-30T18:19:32.939,20181030_ecoli_REL607,-1000,1732,158.975,DIA_100X_EMPTY_1x1_200ms,,,
9,29,9.55239989273103,278,41.4356527257863,1374.02877697842,631.014388489209,NaN,NaN,NaN,NaN,NaN,NaN,NaN,NaN,NaN,NaN,NaN,NaN,NaN,NaN,NaN,283.160818136603,0.96121445492029,29.9738396385634,11.0275948955846,9.14073490418225,2.4736273918789,0.0139083988038282,0.00668986716261739,1,1.00293101265976,1966.95529166354,0,17700.9928057554,1,1,1,9,2018-10-30T18:19:32.939,20181030_ecoli_REL607,-1000,1732,158.975,DIA_100X_EMPTY_1x1_200ms,,,
10,33,8.38023340539744,276,-45.2483838646916,1772.55434782609,1581.53260869565,NaN,NaN,NaN,NaN,NaN,NaN,NaN,NaN,NaN,NaN,NaN,NaN,NaN,NaN,NaN,309.315787630842,0.876378256617406,32.5263592904938,12.115642746034,9.05502177954075,2.64597815276568,0.0551594228106795,0.023037354150858,1,1.04107114741788,2094.61560536484,0,15760.2282608696,1,1,1,9,2018-10-30T18:19:32.939,20181030_ecoli_REL607,-1000,1732,158.975,DIA_100X_EMPTY_1x1_200ms,,,
11,24,9.12574562235317,219,45.8213844007643,1876.64840182648,680.502283105023,NaN,NaN,NaN,NaN,NaN,NaN,NaN,NaN,NaN,NaN,NaN,NaN,NaN,NaN,NaN,219.651646703486,0.997828289859138,23.6338932627353,10.6870487606865,8.78668617524198,2.9540264969161,0.048329938892717,0.0042210737870578,1,1.00041003219532,1433.09632415442,0,18516.3470319635,1,1,1,9,2018-10-30T18:19:32.939,20181030_ecoli_REL607,-1000,1732,158.975,DIA_100X_EMPTY_1x1_200ms,,,
12,25,9.7126920487804,246,37.2781372557484,1999.74390243902,1948.18699186992,NaN,NaN,NaN,NaN,NaN,NaN,NaN,NaN,NaN,NaN,NaN,NaN,NaN,NaN,NaN,244.512016612704,0.99337099051597,25.5849778797837,10.9592012770424,9.22611078610365,2.72065509902351,0.00420860384727014,0.00179950156381266,1,1.00011636517239,1710.4573820245,0,17979.2073170732,1,1,1,9,2018-10-30T18:19:32.939,20181030_ecoli_REL607,-1000,1732,158.975,DIA_100X_EMPTY_1x1_200ms,,,
1,29,9.66040160818879,281,47.0654559535111,72.8185053380783,1160.48398576512,NaN,NaN,NaN,NaN,NaN,NaN,NaN,NaN,NaN,NaN,NaN,NaN,NaN,NaN,NaN,267.882464459042,0.995668694089992,28.5799022878867,10.7254063496908,9.07297658286792,2.52928300188352,0.00398793688958294,0.00231209199867522,0,1.00028224250753,1847.77973994621,0,18467.9430604982,1,1,1,10,2018-10-30T18:19:35.252,20181030_ecoli_REL607,-1500,866,158.975,DIA_100X_EMPTY_1x1_200ms,,,
2,87,14.3798736814478,1252,46.4518564887446,386.105431309904,1981.34904153355,NaN,NaN,NaN,NaN,NaN,NaN,NaN,NaN,NaN,NaN,NaN,NaN,NaN,NaN,NaN,1112.48804638953,0.886590561577092,87.6429455589544,19.6876730224928,12.5369337943077,4.04332090570879,0.353948494926288,0.0118711624086174,4,1.01938558896149,10819.0595539045,0,17094.2763578275,1,1,1,10,2018-10-30T18:19:35.252,20181030_ecoli_REL607,-1500,866,158.975,DIA_100X_EMPTY_1x1_200ms,,,
3,33,9.14190321698853,302,49.1737480152959,466.145695364238,465.556291390728,NaN,NaN,NaN,NaN,NaN,NaN,NaN,NaN,NaN,NaN,NaN,NaN,NaN,NaN,NaN,309.892290564021,0.963126908660519,33.1211440976348,10.8329332329092,9.12264134018961,2.23114480987526,0.00843272913440804,0.00403864877035097,1,1.00061522085958,2164.89288451682,0,18007.8708609272,1,1,1,10,2018-10-30T18:19:35.252,20181030_ecoli_REL607,-1500,866,158.975,DIA_100X_EMPTY_1x1_200ms,,,
4,21,12.0804298988043,254,-44.6300082954798,1084.66535433071,576.956692913386,NaN,NaN,NaN,NaN,NaN,NaN,NaN,NaN,NaN,NaN,NaN,NaN,NaN,NaN,NaN,216.987130250404,0.999546815207052,18.6435288256643,14.5139474860284,10.8414149926401,4.05555697819941,0.0439002499047868,0.0221332076982117,1,1.0122760587602,1721.03593189024,0,17538.1811023622,1,1,1,10,2018-10-30T18:19:35.252,20181030_ecoli_REL607,-1500,866,158.975,DIA_100X_EMPTY_1x1_200ms,,,
5,36,9.49727698108343,342,49.2986670388825,1129.88011695906,908.16081871345,NaN,NaN,NaN,NaN,NaN,NaN,NaN,NaN,NaN,NaN,NaN,NaN,NaN,NaN,NaN,345.153060366008,0.96311859958337,37.0064472021593,10.8964448324347,8.95454989611358,2.48725104143116,2.13397963182541,0.0297338478178128,2,1.00016644710116,2330.53052479263,0,17207.9444444444,1,1,1,10,2018-10-30T18:19:35.252,20181030_ecoli_REL607,-1500,866,158.975,DIA_100X_EMPTY_1x1_200ms,,,
6,38,8.59191552513283,327,48.5428114837926,1940.65137614679,1038.77981651376,NaN,NaN,NaN,NaN,NaN,NaN,NaN,NaN,NaN,NaN,NaN,NaN,NaN,NaN,NaN,354.505587361522,0.928318942314643,38.9123130656085,10.5090795910209,8.89038712282714,2.0391721103928,0.0197825471755277,0.00920803866919403,1,1.00305735104462,2415.56246908868,0,18149.25382263,1,1,1,10,2018-10-30T18:19:35.252,20181030_ecoli_REL607,-1500,866,158.975,DIA_100X_EMPTY_1x1_200ms,,,
7,34,9.09335869884507,310,45.8498684474647,2027.06774193548,21.541935483871,NaN,NaN,NaN,NaN,NaN,NaN,NaN,NaN,NaN,NaN,NaN,NaN,NaN,NaN,NaN,315.242671050544,0.941618560777764,34.5715938359764,10.6249631427394,8.89124746057399,2.21046698732848,0.0140676455242517,0.0064038040628958,1,1.00200810982021,2146.51871208003,0,19673.3774193548,1,1,1,10,2018-10-30T18:19:35.252,20181030_ecoli_REL607,-1500,866,158.975,DIA_100X_EMPTY_1x1_200ms,,,
1,31,8.76968853406008,272,48.3148978607077,297.819852941176,295.0625,NaN,NaN,NaN,NaN,NaN,NaN,NaN,NaN,NaN,NaN,NaN,NaN,NaN,NaN,NaN,287.012372171093,0.954740930017963,30.9883421227524,10.7569534406,8.97396974478877,2.36924112146406,0.00901765223323408,0.00425638196662634,2,1.00130929501307,1960.00611117543,0,17488.0257352941,1,1,1,11,2018-10-30T18:19:37.578,20181030_ecoli_REL607,-2000,-0,158.975,DIA_100X_EMPTY_1x1_200ms,,,
2,23,9.38654628897248,216,37.1722349879595,572.486111111111,1894.23148148148,NaN,NaN,NaN,NaN,NaN,NaN,NaN,NaN,NaN,NaN,NaN,NaN,NaN,NaN,NaN,205.208095044812,0.999545207327467,21.9782139502233,11.2768140197539,9.09491754877122,2.83399546778116,0.00255964313096558,0.00131065751529258,1,1.00005500348017,1427.84087582918,0,19810.7824074074,1,1,1,11,2018-10-30T18:19:37.578,20181030_ecoli_REL607,-2000,-0,158.975,DIA_100X_EMPTY_1x1_200ms,,,
3,38,9.3675632682121,357,47.563442080543,916.070028011204,948.806722689076,NaN,NaN,NaN,NaN,NaN,NaN,NaN,NaN,NaN,NaN,NaN,NaN,NaN,NaN,NaN,365.510437527277,0.940338991227555,39.1879096418849,10.5945835755893,9.14207505900616,2.03849308156064,0.0108457797533645,0.00499970986813905,2,1.0007129756254,2572.35879726661,0,17615.7703081233,1,1,1,11,2018-10-30T18:19:37.578,20181030_ecoli_REL607,-2000,-0,158.975,DIA_100X_EMPTY_1x1_200ms,,,
4,29,8.94811046155189,271,45.4637600040639,1165.75645756458,1444.23616236162,NaN,NaN,NaN,NaN,NaN,NaN,NaN,NaN,NaN,NaN,NaN,NaN,NaN,NaN,NaN,273.779420170627,0.971399403423529,29.5792013081728,10.7515852422156,8.96719599176155,2.44056106034377,0.000834264256994204,0.000376046808061693,1,1.00000223488425,1868.0549559757,0,18444.1881918819,1,1,1,11,2018-10-30T18:19:37.578,20181030_ecoli_REL607,-2000,-0,158.975,DIA_100X_EMPTY_1x1_200ms,,,
5,33,8.33241487029474,275,40.0844018669355,1221.67272727273,9.62181818181818,NaN,NaN,NaN,NaN,NaN,NaN,NaN,NaN,NaN,NaN,NaN,NaN,NaN,NaN,NaN,NaN,NaN,NaN,NaN,NaN,NaN,NaN,NaN,NaN,NaN,NaN,0,18642.9018181818,1,1,1,11,2018-10-30T18:19:37.578,20181030_ecoli_REL607,-2000,-0,158.975,DIA_100X_EMPTY_1x1_200ms,,,
6,33,9.63199095216774,320,45.7664217561586,1321.171875,531.04375,NaN,NaN,NaN,NaN,NaN,NaN,NaN,NaN,NaN,NaN,NaN,NaN,NaN,NaN,NaN,319.318097237588,0.961459927086876,34.1443765435159,10.6870116643536,9.12005921877083,2.20001769002405,0.00383289630557804,0.00187477558102674,1,1.00013296133725,2230.51108120646,0,18099.425,1,1,1,11,2018-10-30T18:19:37.578,20181030_ecoli_REL607,-2000,-0,158.975,DIA_100X_EMPTY_1x1_200ms,,,
7,26,8.84595302836597,230,45.0799326814451,1314.48260869565,596.973913043478,NaN,NaN,NaN,NaN,NaN,NaN,NaN,NaN,NaN,NaN,NaN,NaN,NaN,NaN,NaN,246.539393624876,0.987320824034928,26.3745632202357,10.6659774003848,9.1122688939852,2.46301455025563,0.00531128939109849,0.00253012967583379,2,1.00032629023563,1719.99906669519,0,18195.5652173913,1,1,1,11,2018-10-30T18:19:37.578,20181030_ecoli_REL607,-2000,-0,158.975,DIA_100X_EMPTY_1x1_200ms,,,
8,28,8.64093171503466,242,48.1475713873878,1363.34710743802,702.214876033058,NaN,NaN,NaN,NaN,NaN,NaN,NaN,NaN,NaN,NaN,NaN,NaN,NaN,NaN,NaN,256.998038620048,0.980925930165885,27.8496768338349,10.613220275298,9.00859062921668,2.34140923608398,0.00386547878200979,0.00133409672027479,2,1.00005365095808,1775.10376630758,0,17917.020661157,1,1,1,11,2018-10-30T18:19:37.578,20181030_ecoli_REL607,-2000,-0,158.975,DIA_100X_EMPTY_1x1_200ms,,,
9,28,8.95023020049244,251,47.0835294740452,1374.73705179283,500.964143426295,NaN,NaN,NaN,NaN,NaN,NaN,NaN,NaN,NaN,NaN,NaN,NaN,NaN,NaN,NaN,270.205847858596,0.979837930180684,28.7775996662152,10.8993104612438,9.15240581443839,2.42127717186138,0.00397353262579392,0.00202041362845127,1,1.00005369865005,1893.28059972775,0,18059.812749004,1,1,1,11,2018-10-30T18:19:37.578,20181030_ecoli_REL607,-2000,-0,158.975,DIA_100X_EMPTY_1x1_200ms,,,
10,35,9.07129883137344,318,49.283742547262,1483.9213836478,1815.72955974843,NaN,NaN,NaN,NaN,NaN,NaN,NaN,NaN,NaN,NaN,NaN,NaN,NaN,NaN,NaN,322.427575141348,0.95796818168647,35.189905041881,10.4421006994965,8.95564954039157,2.09695851323428,0.00906338773645832,0.00385855284689089,1,1.00100523422117,2216.67567976041,0,18440.3081761006,1,1,1,11,2018-10-30T18:19:37.578,20181030_ecoli_REL607,-2000,-0,158.975,DIA_100X_EMPTY_1x1_200ms,,,
11,35,9.34427661366237,329,46.8889929519988,1574.6717325228,1290.31003039514,NaN,NaN,NaN,NaN,NaN,NaN,NaN,NaN,NaN,NaN,NaN,NaN,NaN,NaN,NaN,337.434300564405,0.941164700931885,36.2172011286039,10.7187516551794,9.13288851141771,2.09536047765619,0.0161005863498191,0.00469802301080988,3,1.00134469278475,2372.58116541829,0,17723.2462006079,1,1,1,11,2018-10-30T18:19:37.578,20181030_ecoli_REL607,-2000,-0,158.975,DIA_100X_EMPTY_1x1_200ms,,,
12,39,8.78193239757413,343,48.8593855287768,1645.25072886297,894.201166180758,NaN,NaN,NaN,NaN,NaN,NaN,NaN,NaN,NaN,NaN,NaN,NaN,NaN,NaN,NaN,365.107153858301,0.92444098226915,39.853717957418,10.5887960429648,8.9340846364892,2.03516739883333,0.0187559854745547,0.00861976879410961,2,1.00316203529594,2498.38203975315,0,18515.9504373178,1,1,1,11,2018-10-30T18:19:37.578,20181030_ecoli_REL607,-2000,-0,158.975,DIA_100X_EMPTY_1x1_200ms,,,
13,38,8.81009112282202,335,47.1870212747063,1784.07164179104,1372.52537313433,NaN,NaN,NaN,NaN,NaN,NaN,NaN,NaN,NaN,NaN,NaN,NaN,NaN,NaN,NaN,356.690458796313,0.920418843498953,39.3081554097533,10.1686249093972,8.91981915213634,1.9185686039975,0.0227966439678257,0.0102357215976434,1,1.01080951174865,2456.31830231234,0,18123.4388059701,1,1,1,11,2018-10-30T18:19:37.578,20181030_ecoli_REL607,-2000,-0,158.975,DIA_100X_EMPTY_1x1_200ms,,,
14,38,6.50943845054142,253,-49.999999964427,1787.45454545455,262.470355731225,NaN,NaN,NaN,NaN,NaN,NaN,NaN,NaN,NaN,NaN,NaN,NaN,NaN,NaN,NaN,NaN,NaN,NaN,NaN,NaN,NaN,NaN,NaN,NaN,NaN,NaN,0,17325.7786561265,1,1,1,11,2018-10-30T18:19:37.578,20181030_ecoli_REL607,-2000,-0,158.975,DIA_100X_EMPTY_1x1_200ms,,,
15,31,9.19062471763571,286,48.5697895073787,1846.00699300699,1946.79370629371,NaN,NaN,NaN,NaN,NaN,NaN,NaN,NaN,NaN,NaN,NaN,NaN,NaN,NaN,NaN,287.871356052411,0.974305278955573,31.047445575871,10.6130591039042,8.98711974161545,2.40341820061135,0.00401994396926414,0.00161148191275675,1,1.0001927762113,1969.50375020719,0,18209.2657342657,1,1,1,11,2018-10-30T18:19:37.578,20181030_ecoli_REL607,-2000,-0,158.975,DIA_100X_EMPTY_1x1_200ms,,,
16,22,9.90083287888887,218,26.2681717881584,2037.02752293578,1842.83027522936,NaN,NaN,NaN,NaN,NaN,NaN,NaN,NaN,NaN,NaN,NaN,NaN,NaN,NaN,NaN,210.350236078485,0.999581615558547,20.9447301041361,12.1983054828322,9.74643613468464,3.10121174118878,0.0024275914436999,0.00105883792092228,1,1.00002672497009,1562.63062824959,0,17183.3302752294,1,1,1,11,2018-10-30T18:19:37.578,20181030_ecoli_REL607,-2000,-0,158.975,DIA_100X_EMPTY_1x1_200ms,,,
1,29,15.690013808826,456,10.4025668398459,51.6535087719298,1733.89254385965,NaN,NaN,NaN,NaN,NaN,NaN,NaN,NaN,NaN,NaN,NaN,NaN,NaN,NaN,NaN,362.746472366812,0.998632270382513,25.868514407487,17.1741221682498,13.5173712488283,4.41578332829458,0.020380030406478,0.00800113447192119,2,1.00325768534668,3712.32383035506,0,19294.6271929825,1,1,1,12,2018-10-30T18:19:39.901,20181030_ecoli_REL607,-1500,-866,158.975,DIA_100X_EMPTY_1x1_200ms,,,
2,22,9.67125454783626,214,33.7689182885865,184.934579439252,908.570093457944,NaN,NaN,NaN,NaN,NaN,NaN,NaN,NaN,NaN,NaN,NaN,NaN,NaN,NaN,NaN,213.49811663201,0.998661066687156,22.5892195533162,11.2520234656195,9.08437178430272,2.8515178317562,0.00566884725767081,0.0030794705627124,0,1.00033788774319,1464.13427447711,0,18199.6168224299,1,1,1,12,2018-10-30T18:19:39.901,20181030_ecoli_REL607,-1500,-866,158.975,DIA_100X_EMPTY_1x1_200ms,,,
3,34,9.09963537461742,310,48.4064846415363,203.832258064516,381.8,NaN,NaN,NaN,NaN,NaN,NaN,NaN,NaN,NaN,NaN,NaN,NaN,NaN,NaN,NaN,320.173161547602,0.951918939891476,34.2357615713343,11.0564840304089,9.14404714074778,2.17872579348817,0.00654560188367625,0.00204837168323249,1,1.00029553187249,2248.26131180734,0,18124.9064516129,1,1,1,12,2018-10-30T18:19:39.901,20181030_ecoli_REL607,-1500,-866,158.975,DIA_100X_EMPTY_1x1_200ms,,,
4,23,15.3058697631055,353,-49.6792298812179,241.8611898017,186.067988668555,NaN,NaN,NaN,NaN,NaN,NaN,NaN,NaN,NaN,NaN,NaN,NaN,NaN,NaN,NaN,275.093447487734,0.992446721501638,20.0460895904321,17.9116643863564,13.1551586079351,4.4781643016629,0.00376963252466238,0.00189002802962915,2,1.00010152145163,2724.65629567524,0,14671.0396600567,1,1,1,12,2018-10-30T18:19:39.901,20181030_ecoli_REL607,-1500,-866,158.975,DIA_100X_EMPTY_1x1_200ms,,,
5,24,9.93376428878235,240,40.5997248330335,539.2625,1609.95,NaN,NaN,NaN,NaN,NaN,NaN,NaN,NaN,NaN,NaN,NaN,NaN,NaN,NaN,NaN,226.007337187706,0.99933136417145,23.5969264169955,11.417048657253,9.23756285284154,2.85404820540096,0.00466187650393006,0.00225088096127286,1,1.00007053519683,1581.46699390367,0,19173.8875,1,1,1,12,2018-10-30T18:19:39.901,20181030_ecoli_REL607,-1500,-866,158.975,DIA_100X_EMPTY_1x1_200ms,,,
6,27,9.5319481972694,258,45.8389664980482,597.693798449612,233.934108527132,NaN,NaN,NaN,NaN,NaN,NaN,NaN,NaN,NaN,NaN,NaN,NaN,NaN,NaN,NaN,256.106821249059,0.989964495786887,27.2030420977094,10.7496094540293,9.14149438376467,2.52277515788195,0.00431655090819364,0.00162894292428053,2,1.00014560163989,1785.42556300194,0,17490.1085271318,1,1,1,12,2018-10-30T18:19:39.901,20181030_ecoli_REL607,-1500,-866,158.975,DIA_100X_EMPTY_1x1_200ms,,,
7,24,9.32572911806152,224,42.8450989135195,766.044642857143,943.339285714286,NaN,NaN,NaN,NaN,NaN,NaN,NaN,NaN,NaN,NaN,NaN,NaN,NaN,NaN,NaN,229.070007741502,0.991065016478362,24.0738786241739,10.8158885050423,9.15466726017046,2.71283824625953,0.00450174465444231,0.0023517843773465,0,1.0002215697215,1584.60519590976,0,17534.03125,1,1,1,12,2018-10-30T18:19:39.901,20181030_ecoli_REL607,-1500,-866,158.975,DIA_100X_EMPTY_1x1_200ms,,,
8,27,9.76123006034947,265,44.4589359624622,782.407547169811,1489.66037735849,NaN,NaN,NaN,NaN,NaN,NaN,NaN,NaN,NaN,NaN,NaN,NaN,NaN,NaN,NaN,259.642423627871,0.980429810926929,27.7677942218029,10.8484423543164,9.10081052664538,2.42877213456707,0.00299644878785553,0.00178019276294794,1,1.00003899392534,1806.30635156973,0,17954.5169811321,1,1,1,12,2018-10-30T18:19:39.901,20181030_ecoli_REL607,-1500,-866,158.975,DIA_100X_EMPTY_1x1_200ms,,,
9,22,9.52505306924281,210,35.815960184217,947.742857142857,1773.90952380952,NaN,NaN,NaN,NaN,NaN,NaN,NaN,NaN,NaN,NaN,NaN,NaN,NaN,NaN,NaN,205.704199138148,0.999245753203371,21.7495271805951,11.1535120544975,8.94261874939052,3.07891036251102,0.0236550526693275,0.0026371941653953,1,1.00014813903129,1366.05798196387,0,19392.9380952381,1,1,1,12,2018-10-30T18:19:39.901,20181030_ecoli_REL607,-1500,-866,158.975,DIA_100X_EMPTY_1x1_200ms,,,
10,25,9.42509960322455,236,42.9274764040715,1078.22881355932,1036.80084745763,NaN,NaN,NaN,NaN,NaN,NaN,NaN,NaN,NaN,NaN,NaN,NaN,NaN,NaN,NaN,242.44158634178,0.986733019700189,25.4186887532082,10.8109795927857,9.13643330339512,2.75992346094746,0.00663165200103446,0.00331039384931316,1,1.00045715517444,1666.4657837361,0,17299.0338983051,1,1,1,12,2018-10-30T18:19:39.901,20181030_ecoli_REL607,-1500,-866,158.975,DIA_100X_EMPTY_1x1_200ms,,,
11,30,8.90128600900327,267,48.9471583197033,1227.19475655431,864.153558052435,NaN,NaN,NaN,NaN,NaN,NaN,NaN,NaN,NaN,NaN,NaN,NaN,NaN,NaN,NaN,278.629984753827,0.969838870299288,29.9164119805664,10.7527026322655,9.11776982489776,2.25333127349065,0.00463700863266984,0.00277821720083001,1,1.00045229397135,1953.33456624524,0,17949.3820224719,1,1,1,12,2018-10-30T18:19:39.901,20181030_ecoli_REL607,-1500,-866,158.975,DIA_100X_EMPTY_1x1_200ms,,,
12,34,8.61319046394296,293,49.2511050825938,1305.78156996587,504.136518771331,NaN,NaN,NaN,NaN,NaN,NaN,NaN,NaN,NaN,NaN,NaN,NaN,NaN,NaN,NaN,312.950570786852,0.946771175860044,34.664908176663,10.28272042613,8.82152597132515,2.10112768809819,0.0172139306290552,0.0069304534070877,1,1.00394891114133,2118.68977001742,0,18809.0853242321,1,1,1,12,2018-10-30T18:19:39.901,20181030_ecoli_REL607,-1500,-866,158.975,DIA_100X_EMPTY_1x1_200ms,,,
13,22,9.23073072157325,203,42.4180901794295,1438.07389162562,1069.87192118227,NaN,NaN,NaN,NaN,NaN,NaN,NaN,NaN,NaN,NaN,NaN,NaN,NaN,NaN,NaN,207.775407486144,0.998909894319868,21.5999341913659,11.2671822135651,9.0343023995042,3.19973451309347,0.0681289902139714,0.00183144020300662,2,1.00000148768895,1384.6230465797,0,17601.6305418719,1,1,1,12,2018-10-30T18:19:39.901,20181030_ecoli_REL607,-1500,-866,158.975,DIA_100X_EMPTY_1x1_200ms,,,
14,34,9.07511615897118,309,47.7559722027532,1628.60194174757,1117.03236245955,NaN,NaN,NaN,NaN,NaN,NaN,NaN,NaN,NaN,NaN,NaN,NaN,NaN,NaN,NaN,321.792732924697,0.934152904688973,34.8404407318206,10.6918929633114,9.05925795493724,2.05411391735213,0.0205400826839057,0.00962966738608817,1,1.00813105541003,2245.73637560532,0,18013.6990291262,1,1,1,12,2018-10-30T18:19:39.901,20181030_ecoli_REL607,-1500,-866,158.975,DIA_100X_EMPTY_1x1_200ms,,,
15,26,8.96386112500563,234,43.9967474963659,1658.8547008547,860.880341880342,NaN,NaN,NaN,NaN,NaN,NaN,NaN,NaN,NaN,NaN,NaN,NaN,NaN,NaN,NaN,250.39739082642,0.983368311426606,27.0780270241275,10.4761985580481,8.94890205812784,2.49475943287514,0.00698821493797754,0.00294922359997416,1,1.00042533682182,1703.1245475562,0,18489.4786324786,1,1,1,12,2018-10-30T18:19:39.901,20181030_ecoli_REL607,-1500,-866,158.975,DIA_100X_EMPTY_1x1_200ms,,,
16,24,9.08299735969823,218,47.4940622297981,1830.85779816514,743.779816513761,NaN,NaN,NaN,NaN,NaN,NaN,NaN,NaN,NaN,NaN,NaN,NaN,NaN,NaN,NaN,219.087422807717,0.996053716980124,23.2846484448001,10.822662060975,9.11379096330435,2.68253595519364,0.00455791799176436,0.00200436134618566,1,1.00013353473283,1518.99971765809,0,18493.5779816514,1,1,1,12,2018-10-30T18:19:39.901,20181030_ecoli_REL607,-1500,-866,158.975,DIA_100X_EMPTY_1x1_200ms,,,
17,24,9.47281290521043,228,43.9818335051759,1837.91228070175,648.802631578947,NaN,NaN,NaN,NaN,NaN,NaN,NaN,NaN,NaN,NaN,NaN,NaN,NaN,NaN,NaN,231.114903802813,0.996025760813371,24.5923152376855,10.9237729568893,9.06009300085815,2.71435894156086,0.00423539195601343,0.00173292559727762,1,1.00011238430777,1585.45751895023,0,18225.3070175439,1,1,1,12,2018-10-30T18:19:39.901,20181030_ecoli_REL607,-1500,-866,158.975,DIA_100X_EMPTY_1x1_200ms,,,
1,31,9.86479567133766,309,36.0156567793049,19,101.88996763754,NaN,NaN,NaN,NaN,NaN,NaN,NaN,NaN,NaN,NaN,NaN,NaN,NaN,NaN,NaN,301.917986726784,0.951020927131598,32.3158474118963,10.8761326952815,9.03795297490359,2.41077845883927,0.0192496693763413,0.00851309725349406,1,1.00577977042937,2073.22093141441,0,18782.2815533981,1,1,1,13,2018-10-30T18:19:42.210,20181030_ecoli_REL607,-1000,-1732,158.975,DIA_100X_EMPTY_1x1_200ms,,,
2,30,10.5882618437504,318,-49.6939505940237,30.4622641509434,1673.03144654088,NaN,NaN,NaN,NaN,NaN,NaN,NaN,NaN,NaN,NaN,NaN,NaN,NaN,NaN,NaN,373.254063802865,0.850552522785499,35.9642565414778,13.0934097466278,9.91876095954787,3.14917497753472,0.149479302600818,0.0523322844443499,0,1.28421067728262,2778.91853986173,0,23195.213836478,1,1,1,13,2018-10-30T18:19:42.210,20181030_ecoli_REL607,-1000,-1732,158.975,DIA_100X_EMPTY_1x1_200ms,,,
3,24,10.0807437863795,242,43.0544246196746,53.103305785124,331.404958677686,NaN,NaN,NaN,NaN,NaN,NaN,NaN,NaN,NaN,NaN,NaN,NaN,NaN,NaN,NaN,234.073482892423,0.994860915114913,24.0145235617797,11.3413310217532,9.36055880628942,2.89969943250335,0.00573323070792203,0.00317343556385537,0,1.00040124967498,1652.59870544879,0,17663.6818181818,1,1,1,13,2018-10-30T18:19:42.210,20181030_ecoli_REL607,-1000,-1732,158.975,DIA_100X_EMPTY_1x1_200ms,,,
4,24,10.5259705642465,253,42.1729837334639,127.750988142292,1531.92490118577,NaN,NaN,NaN,NaN,NaN,NaN,NaN,NaN,NaN,NaN,NaN,NaN,NaN,NaN,NaN,221.912407489871,0.999745751678064,22.4779566244472,11.9620318943171,9.44214738647502,3.19575037452865,0.00637891048841819,0.00325876260372782,0,1.00038648335036,1573.94031897953,0,20074.3992094862,1,1,1,13,2018-10-30T18:19:42.210,20181030_ecoli_REL607,-1000,-1732,158.975,DIA_100X_EMPTY_1x1_200ms,,,
5,26,10.4828855906809,273,47.0956456940208,162.424908424908,1487.80952380952,NaN,NaN,NaN,NaN,NaN,NaN,NaN,NaN,NaN,NaN,NaN,NaN,NaN,NaN,NaN,238.559250553451,0.998864548118932,24.4100582992466,11.5178099451511,9.34966528005948,2.99997110842928,0.00473931082809303,0.00228674953143255,1,1.00009777955399,1675.91051051794,0,19504.7765567766,1,1,1,13,2018-10-30T18:19:42.210,20181030_ecoli_REL607,-1000,-1732,158.975,DIA_100X_EMPTY_1x1_200ms,,,
6,24,10.4373379099473,252,24.1585065356914,299.853174603175,9.53174603174603,NaN,NaN,NaN,NaN,NaN,NaN,NaN,NaN,NaN,NaN,NaN,NaN,NaN,NaN,NaN,NaN,NaN,NaN,NaN,NaN,NaN,NaN,NaN,NaN,NaN,NaN,0,17720.7261904762,1,1,1,13,2018-10-30T18:19:42.210,20181030_ecoli_REL607,-1000,-1732,158.975,DIA_100X_EMPTY_1x1_200ms,,,
7,25,9.6657634506786,242,-23.3914781947038,312.384297520661,53.2644628099174,NaN,NaN,NaN,NaN,NaN,NaN,NaN,NaN,NaN,NaN,NaN,NaN,NaN,NaN,NaN,217.785762540543,0.999825369997223,21.2704569845259,12.9034752566771,9.78067482975721,3.50932290945214,0.0207691610563512,0.0111272078616701,0,1.00393486941492,1598.10144049717,0,21796.3719008264,1,1,1,13,2018-10-30T18:19:42.210,20181030_ecoli_REL607,-1000,-1732,158.975,DIA_100X_EMPTY_1x1_200ms,,,
8,24,12.3776408334929,298,-49.9993685194852,316.097315436242,1535.48993288591,NaN,NaN,NaN,NaN,NaN,NaN,NaN,NaN,NaN,NaN,NaN,NaN,NaN,NaN,NaN,280.769134604673,0.88578052968542,24.2936442546814,15.9203035050207,10.5158496205728,3.84665836574923,0.0896553950877153,0.0378959047013636,1,1.06025224225483,2109.94571989545,0,22326.0201342282,1,1,1,13,2018-10-30T18:19:42.210,20181030_ecoli_REL607,-1000,-1732,158.975,DIA_100X_EMPTY_1x1_200ms,,,
9,23,8.47494352686184,195,-37.5597705402565,329.958974358974,95.3333333333333,NaN,NaN,NaN,NaN,NaN,NaN,NaN,NaN,NaN,NaN,NaN,NaN,NaN,NaN,NaN,213.231763807176,0.948122789253461,23.6277407552845,12.2869760382379,8.56476335406359,3.07982802446638,0.045867133147837,0.0240525736856077,0,1.02339763967916,1361.26542563436,1,22129.8871794872,1,1,1,13,2018-10-30T18:19:42.210,20181030_ecoli_REL607,-1000,-1732,158.975,DIA_100X_EMPTY_1x1_200ms,,,
10,10,5.90594414177614,60,-49.9998571291067,343.5,91.9666666666667,NaN,NaN,NaN,NaN,NaN,NaN,NaN,NaN,NaN,NaN,NaN,NaN,NaN,NaN,NaN,133.553726927871,0.999766770179462,NaN,NaN,NaN,NaN,NaN,NaN,NaN,NaN,NaN,1,23344.8333333333,1,1,1,13,2018-10-30T18:19:42.210,20181030_ecoli_REL607,-1000,-1732,158.975,DIA_100X_EMPTY_1x1_200ms,,,
11,32,15.7084640356172,504,-49.6669992648563,487.113095238095,90.4781746031746,NaN,NaN,NaN,NaN,NaN,NaN,NaN,NaN,NaN,NaN,NaN,NaN,NaN,NaN,NaN,377.831706466395,0.87602346304213,33.6011411290562,13.9930756411985,10.7583182584512,3.11750466268974,0.0804886303444822,0.045965686920611,1,1.17115022714839,3054.44763067036,1,20379.1805555556,1,1,1,13,2018-10-30T18:19:42.210,20181030_ecoli_REL607,-1000,-1732,158.975,DIA_100X_EMPTY_1x1_200ms,,,
12,63,12.856602287696,813,-49.8819270980848,507.024600246002,41.8880688806888,NaN,NaN,NaN,NaN,NaN,NaN,NaN,NaN,NaN,NaN,NaN,NaN,NaN,NaN,NaN,694.931857775971,0.67682110907699,70.8385534707993,12.8490089601615,9.64469839489663,2.42723540054921,0.0444040423153514,0.0236874747643419,2,1.11350801454799,5175.31594410949,1,20671.2447724477,1,1,1,13,2018-10-30T18:19:42.210,20181030_ecoli_REL607,-1000,-1732,158.975,DIA_100X_EMPTY_1x1_200ms,,,
13,22,10.0945539433301,224,36.4345773698639,564.5625,240.857142857143,NaN,NaN,NaN,NaN,NaN,NaN,NaN,NaN,NaN,NaN,NaN,NaN,NaN,NaN,NaN,219.172515466383,0.998339338097594,22.8536015148007,11.0436689942329,9.30282675775577,2.73705922133733,0.000345348217700683,0.000148979555753639,2,1.00000025779054,1553.36815878797,0,18842.0982142857,1,1,1,13,2018-10-30T18:19:42.210,20181030_ecoli_REL607,-1000,-1732,158.975,DIA_100X_EMPTY_1x1_200ms,,,
14,46,13.9397102156897,641,-46.7477617713339,603.246489859594,263.042121684867,NaN,NaN,NaN,NaN,NaN,NaN,NaN,NaN,NaN,NaN,NaN,NaN,NaN,NaN,NaN,590.684003419281,0.858486014102453,48.3286867891746,21.6227775626393,11.9071265763072,5.08953974760395,0.0691703116395681,0.0231545830675713,3,1.07288682842668,5381.56780413898,0,18948.2605304212,1,1,1,13,2018-10-30T18:19:42.210,20181030_ecoli_REL607,-1000,-1732,158.975,DIA_100X_EMPTY_1x1_200ms,,,
15,23,9.58839524753905,222,-6.08110825326131,769.045045045045,186.864864864865,NaN,NaN,NaN,NaN,NaN,NaN,NaN,NaN,NaN,NaN,NaN,NaN,NaN,NaN,NaN,242.401285276059,0.91885908462995,25.1758272148121,11.8876323648387,9.19868532393777,2.63650444210091,0.0558588473716638,0.0280806944824578,0,1.03554900503702,1673.11254471139,0,21940.1081081081,1,1,1,13,2018-10-30T18:19:42.210,20181030_ecoli_REL607,-1000,-1732,158.975,DIA_100X_EMPTY_1x1_200ms,,,
16,22,10.0283459173391,221,35.1596586702567,797.633484162896,26.7963800904977,NaN,NaN,NaN,NaN,NaN,NaN,NaN,NaN,NaN,NaN,NaN,NaN,NaN,NaN,NaN,212.845985692562,0.997547568492797,21.8857384367832,11.359284088888,9.2601935458855,3.0749663843996,0.0144604359623768,0.00812531792500742,0,1.00215282578296,1473.97872028911,0,19730.3665158371,1,1,1,13,2018-10-30T18:19:42.210,20181030_ecoli_REL607,-1000,-1732,158.975,DIA_100X_EMPTY_1x1_200ms,,,
17,24,9.81586420317754,236,39.156261513664,900.953389830509,67.1694915254237,NaN,NaN,NaN,NaN,NaN,NaN,NaN,NaN,NaN,NaN,NaN,NaN,NaN,NaN,NaN,244.09524686162,0.986840581114348,24.1679396707513,12.2840920637867,9.80150441995797,2.9227611334458,0.00864437441791488,0.00476326649531476,1,1.00020959951231,1823.53872168183,0,22356.2881355932,1,1,1,13,2018-10-30T18:19:42.210,20181030_ecoli_REL607,-1000,-1732,158.975,DIA_100X_EMPTY_1x1_200ms,,,
18,37,9.42204085425553,349,48.9022036338033,989.85100286533,500.151862464183,NaN,NaN,NaN,NaN,NaN,NaN,NaN,NaN,NaN,NaN,NaN,NaN,NaN,NaN,NaN,346.192575834933,0.938129540011309,36.9192412213839,10.6669772214647,9.10968224731391,2.25586227559659,0.0177066311843619,0.00691556994145087,2,1.00414081161732,2406.29631204829,0,18693.4183381089,1,1,1,13,2018-10-30T18:19:42.210,20181030_ecoli_REL607,-1000,-1732,158.975,DIA_100X_EMPTY_1x1_200ms,,,
19,22,10.1823080591677,225,35.9262691586359,1103.99111111111,1018.10666666667,NaN,NaN,NaN,NaN,NaN,NaN,NaN,NaN,NaN,NaN,NaN,NaN,NaN,NaN,NaN,224.755599741581,0.996317379785391,22.7227979876291,11.5998582773736,9.58198680713025,2.84701027699404,0.0104684342258873,0.0046002272305457,1,1.00071689448658,1638.56180041653,0,17993.5555555556,1,1,1,13,2018-10-30T18:19:42.210,20181030_ecoli_REL607,-1000,-1732,158.975,DIA_100X_EMPTY_1x1_200ms,,,
20,26,10.4152242387617,271,47.5065854986189,1125.036900369,1834.07749077491,NaN,NaN,NaN,NaN,NaN,NaN,NaN,NaN,NaN,NaN,NaN,NaN,NaN,NaN,NaN,250.342052045117,0.984076921024648,25.9369967357563,11.0751838636159,9.31272153669653,2.74618156989623,0.0192904773943019,0.00939805177918893,1,1.00424900901712,1766.6999755332,0,19266.3763837638,1,1,1,13,2018-10-30T18:19:42.210,20181030_ecoli_REL607,-1000,-1732,158.975,DIA_100X_EMPTY_1x1_200ms,,,
21,22,11.4671033557925,254,24.2200161013151,1196.16535433071,2007.70078740157,NaN,NaN,NaN,NaN,NaN,NaN,NaN,NaN,NaN,NaN,NaN,NaN,NaN,NaN,NaN,225.964512895467,0.99946887981129,21.8655750114398,12.1586281411494,9.82259245479077,3.30587388239449,0.00544671664576735,0.00266647965641789,1,1.00023284423968,1656.92570178156,0,19713.2204724409,1,1,1,13,2018-10-30T18:19:42.210,20181030_ecoli_REL607,-1000,-1732,158.975,DIA_100X_EMPTY_1x1_200ms,,,
22,48,13.5057542443812,650,-49.9999995689375,1582.09384615385,34.4646153846154,NaN,NaN,NaN,NaN,NaN,NaN,NaN,NaN,NaN,NaN,NaN,NaN,NaN,NaN,NaN,567.591748246632,0.66137784115526,47.4565251987045,18.7720209829183,9.88065229163404,3.53244078517495,0.059626192983809,0.0351544303258687,2,1.17123903459553,3638.7904799806,0,19722.3676923077,1,1,1,13,2018-10-30T18:19:42.210,20181030_ecoli_REL607,-1000,-1732,158.975,DIA_100X_EMPTY_1x1_200ms,,,
23,23,10.0722424733702,233,44.9144650839652,1577.54077253219,1982.34334763949,NaN,NaN,NaN,NaN,NaN,NaN,NaN,NaN,NaN,NaN,NaN,NaN,NaN,NaN,NaN,209.337751450743,0.999487364917931,21.4586735874392,11.6611313621535,9.30166438714297,3.16610408796478,0.00633752688044391,0.00331506544555713,1,1.00035891392047,1458.18990208962,0,18924.8583690987,1,1,1,13,2018-10-30T18:19:42.210,20181030_ecoli_REL607,-1000,-1732,158.975,DIA_100X_EMPTY_1x1_200ms,,,
24,24,9.83196740770019,237,42.5435768390648,1607.72151898734,1167.55696202532,NaN,NaN,NaN,NaN,NaN,NaN,NaN,NaN,NaN,NaN,NaN,NaN,NaN,NaN,NaN,234.55158010862,0.988280119947638,24.5727274452608,11.1424666139168,9.01661173305786,2.97679131573381,0.0379387593403622,0.0013829936339693,1,1.00000948596517,1569.02543025921,0,18413.5654008439,1,1,1,13,2018-10-30T18:19:42.210,20181030_ecoli_REL607,-1000,-1732,158.975,DIA_100X_EMPTY_1x1_200ms,,,
25,17,12.0272120338601,205,-49.8150833278762,1748.68292682927,49.4634146341463,NaN,NaN,NaN,NaN,NaN,NaN,NaN,NaN,NaN,NaN,NaN,NaN,NaN,NaN,NaN,206.025044455008,0.999723314030488,17.6332644903745,14.837808700218,10.826064103957,4.20548828799724,0.0869748110127511,0.0239526781114483,1,1.01087162792318,1623.16919451542,0,21939.7073170732,1,1,1,13,2018-10-30T18:19:42.210,20181030_ecoli_REL607,-1000,-1732,158.975,DIA_100X_EMPTY_1x1_200ms,,,
26,30,10.3853197213612,312,48.2559884330434,1750.38141025641,1139.63141025641,NaN,NaN,NaN,NaN,NaN,NaN,NaN,NaN,NaN,NaN,NaN,NaN,NaN,NaN,NaN,293.988802036838,0.977493171507206,29.9720549001278,11.2874376563746,9.46511318757952,2.65511358122778,0.362065159654904,0.00832489714314453,1,1.00032100646319,2108.90989431827,0,17027.2467948718,1,1,1,13,2018-10-30T18:19:42.210,20181030_ecoli_REL607,-1000,-1732,158.975,DIA_100X_EMPTY_1x1_200ms,,,
27,43,9.85266433209395,424,-21.3720846781953,1832.21226415094,935.580188679245,NaN,NaN,NaN,NaN,NaN,NaN,NaN,NaN,NaN,NaN,NaN,NaN,NaN,NaN,NaN,420.310240182112,0.811875823897036,44.5597926689681,11.2168588590147,9.18178849769397,2.30621016322231,0.047664214728064,0.0145188579492596,2,1.03412200333204,2950.44560277077,0,18678.8561320755,1,1,1,13,2018-10-30T18:19:42.210,20181030_ecoli_REL607,-1000,-1732,158.975,DIA_100X_EMPTY_1x1_200ms,,,
28,32,10.0586670085789,322,49.2208160299567,1947.10869565217,1910.73913043478,NaN,NaN,NaN,NaN,NaN,NaN,NaN,NaN,NaN,NaN,NaN,NaN,NaN,NaN,NaN,303.893955553085,0.955355395019741,31.643956445282,11.0139125534766,9.3605112778685,2.32966503463864,0.0157857608724176,0.00730754207290315,1,1.00374996282546,2177.60849047092,0,18821.7888198758,1,1,1,13,2018-10-30T18:19:42.210,20181030_ecoli_REL607,-1000,-1732,158.975,DIA_100X_EMPTY_1x1_200ms,,,
1,25,9.55441786106542,239,43.2638495035554,198.719665271967,1645.81171548117,NaN,NaN,NaN,NaN,NaN,NaN,NaN,NaN,NaN,NaN,NaN,NaN,NaN,NaN,NaN,230.831684770692,0.998975962759431,24.5723111946931,11.1254959673183,9.04926622161023,2.80988026981356,0.00441638937977139,0.00235260289470626,1,1.00022887189811,1580.38397782591,0,19666.6569037657,1,1,1,14,2018-10-30T18:19:44.519,20181030_ecoli_REL607,-0,-1732,158.975,DIA_100X_EMPTY_1x1_200ms,,,
2,35,9.70406369804664,340,48.5215336888559,466.385294117647,1177.92352941176,NaN,NaN,NaN,NaN,NaN,NaN,NaN,NaN,NaN,NaN,NaN,NaN,NaN,NaN,NaN,341.036533421405,0.934104493534574,35.8389523795326,10.9908841077702,9.33410944562613,2.08473642878686,0.0163577904541478,0.00683759553174459,2,1.00450433571951,2452.39806730248,0,18254.9147058824,1,1,1,14,2018-10-30T18:19:44.519,20181030_ecoli_REL607,-0,-1732,158.975,DIA_100X_EMPTY_1x1_200ms,,,
3,21,9.69442299980957,204,-28.4862078960919,540.166666666667,1276.49019607843,NaN,NaN,NaN,NaN,NaN,NaN,NaN,NaN,NaN,NaN,NaN,NaN,NaN,NaN,NaN,191.36672119135,0.999585479043532,19.7827021782935,12.5114518775018,9.14018443549496,3.37209319682255,0.0325859488766107,0.016030690926717,1,1.00742556157619,1298.03204071233,0,16941.0539215686,1,1,1,14,2018-10-30T18:19:44.519,20181030_ecoli_REL607,-0,-1732,158.975,DIA_100X_EMPTY_1x1_200ms,,,
4,37,8.67032780571765,321,48.8873594385037,614.258566978193,1266.61059190031,NaN,NaN,NaN,NaN,NaN,NaN,NaN,NaN,NaN,NaN,NaN,NaN,NaN,NaN,NaN,351.52815676031,0.911933938884495,37.8853853657053,10.752731409202,9.03152186748418,2.12860132740937,0.0217405278567345,0.0101528330090392,1,1.01087943981237,2427.07650507119,0,18515.9719626168,1,1,1,14,2018-10-30T18:19:44.519,20181030_ecoli_REL607,-0,-1732,158.975,DIA_100X_EMPTY_1x1_200ms,,,
5,27,9.60387555737695,260,47.2841440656913,668.646153846154,623.803846153846,NaN,NaN,NaN,NaN,NaN,NaN,NaN,NaN,NaN,NaN,NaN,NaN,NaN,NaN,NaN,271.352827438346,0.979114106057147,28.2390810012193,10.9818147108305,9.35040142040678,2.4571337318852,0.00212246585963438,0.00112881779828659,1,1.00001661477985,1939.10333054751,0,17487.7730769231,1,1,1,14,2018-10-30T18:19:44.519,20181030_ecoli_REL607,-0,-1732,158.975,DIA_100X_EMPTY_1x1_200ms,,,
6,22,9.54189519035502,210,28.6656248194518,877.352380952381,26.547619047619,NaN,NaN,NaN,NaN,NaN,NaN,NaN,NaN,NaN,NaN,NaN,NaN,NaN,NaN,NaN,213.425273201753,0.999840207084458,22.5128809484023,11.1627183381626,9.06766106826068,3.00427690830843,0.00163650707925898,0.000706246957442619,1,1.00001213568501,1453.8229269113,0,19007.5380952381,1,1,1,14,2018-10-30T18:19:44.519,20181030_ecoli_REL607,-0,-1732,158.975,DIA_100X_EMPTY_1x1_200ms,,,
7,28,9.46458942758194,265,46.2460625287218,973.275471698113,1534.76226415094,NaN,NaN,NaN,NaN,NaN,NaN,NaN,NaN,NaN,NaN,NaN,NaN,NaN,NaN,NaN,263.423836442768,0.983151463039298,27.4594009408085,11.114655405093,9.39101416488485,2.47937115246851,0.00279292188194214,0.00127498488367578,1,1.00005986318631,1901.97993469016,0,18053.5622641509,1,1,1,14,2018-10-30T18:19:44.519,20181030_ecoli_REL607,-0,-1732,158.975,DIA_100X_EMPTY_1x1_200ms,,,
8,32,9.73607749973079,312,48.5678764216068,1074.98076923077,1713.45192307692,NaN,NaN,NaN,NaN,NaN,NaN,NaN,NaN,NaN,NaN,NaN,NaN,NaN,NaN,NaN,310.863679835966,0.959789468678802,32.8035612646029,10.8376345174666,9.27703961429947,2.1920920322979,0.0153067238630665,0.00670248312805999,0,1.00329028352451,2217.32675977201,0,18773.9391025641,1,1,1,14,2018-10-30T18:19:44.519,20181030_ecoli_REL607,-0,-1732,158.975,DIA_100X_EMPTY_1x1_200ms,,,
9,34,9.6564892442456,329,46.7919035514024,1112.00303951368,612.939209726444,NaN,NaN,NaN,NaN,NaN,NaN,NaN,NaN,NaN,NaN,NaN,NaN,NaN,NaN,NaN,338.870949862427,0.961551873789842,35.6647557199363,11.0382932424319,9.2786127798986,2.23393580877245,0.00714439460580604,0.00301603103956404,0,1.00082199413113,2411.54425874288,0,18041.4893617021,1,1,1,14,2018-10-30T18:19:44.519,20181030_ecoli_REL607,-0,-1732,158.975,DIA_100X_EMPTY_1x1_200ms,,,
10,42,8.712333775733,366,49.2959081898256,1202.39617486339,912.079234972678,NaN,NaN,NaN,NaN,NaN,NaN,NaN,NaN,NaN,NaN,NaN,NaN,NaN,NaN,NaN,388.016447919776,0.93090071966805,42.1249304619813,10.4184478647985,9.03054853647743,1.91446401862379,0.0155658074343125,0.00620667147547159,2,1.0020352293781,2698.09564328138,0,18241.4207650273,1,1,1,14,2018-10-30T18:19:44.519,20181030_ecoli_REL607,-0,-1732,158.975,DIA_100X_EMPTY_1x1_200ms,,,
11,26,9.18708761585647,239,42.0788219937185,1820.79079497908,998.405857740586,NaN,NaN,NaN,NaN,NaN,NaN,NaN,NaN,NaN,NaN,NaN,NaN,NaN,NaN,NaN,257.749207200567,0.981925718305387,27.1961015257758,11.0435116967205,9.04545771159056,2.77616143338172,0.0263327780006528,0.00250169251619521,1,1.00005122002209,1747.6627525601,0,17915.8368200837,1,1,1,14,2018-10-30T18:19:44.519,20181030_ecoli_REL607,-0,-1732,158.975,DIA_100X_EMPTY_1x1_200ms,,,
12,26,8.64956497271886,225,46.3979821186313,1837.50666666667,1362.23111111111,NaN,NaN,NaN,NaN,NaN,NaN,NaN,NaN,NaN,NaN,NaN,NaN,NaN,NaN,NaN,254.939939415167,0.971990392495975,27.3163163811048,10.8141687307945,8.9425633069236,2.62790720016405,0.0248143611775896,0.00397982320105157,1,1.00051830226298,1715.67910521836,0,18115.7555555556,1,1,1,14,2018-10-30T18:19:44.519,20181030_ecoli_REL607,-0,-1732,158.975,DIA_100X_EMPTY_1x1_200ms,,,
13,47,14.6922833683115,691,-49.9999945739705,1877.30390738061,384.76989869754,NaN,NaN,NaN,NaN,NaN,NaN,NaN,NaN,NaN,NaN,NaN,NaN,NaN,NaN,NaN,642.290227623629,0.7326659833032,NaN,NaN,NaN,NaN,NaN,NaN,NaN,NaN,NaN,0,19154.9696092619,1,1,1,14,2018-10-30T18:19:44.519,20181030_ecoli_REL607,-0,-1732,158.975,DIA_100X_EMPTY_1x1_200ms,,,
14,33,9.48607903014371,314,47.6258664921173,1891.98407643312,621.573248407643,NaN,NaN,NaN,NaN,NaN,NaN,NaN,NaN,NaN,NaN,NaN,NaN,NaN,NaN,NaN,313.686892229855,0.94455983352745,33.0735168437333,10.692115328161,9.24326255247325,2.2886729531385,0.0215712437192068,0.00909442615399496,2,1.0071688187975,2219.32465330679,0,17975.3630573248,1,1,1,14,2018-10-30T18:19:44.519,20181030_ecoli_REL607,-0,-1732,158.975,DIA_100X_EMPTY_1x1_200ms,,,
15,35,8.39046631275541,294,48.705702361721,1901.30612244898,348.58843537415,NaN,NaN,NaN,NaN,NaN,NaN,NaN,NaN,NaN,NaN,NaN,NaN,NaN,NaN,NaN,320.980069615392,0.978215289987267,35.9101027256022,10.024883675172,8.78136225234281,2.00079807210998,0.0074768210911118,0.00313705368344719,2,1.00044087504958,2174.85503967955,0,19292.4931972789,1,1,1,14,2018-10-30T18:19:44.519,20181030_ecoli_REL607,-0,-1732,158.975,DIA_100X_EMPTY_1x1_200ms,,,
16,32,9.46355832910207,303,48.8400217200059,1936.60066006601,962.310231023102,NaN,NaN,NaN,NaN,NaN,NaN,NaN,NaN,NaN,NaN,NaN,NaN,NaN,NaN,NaN,306.335020811535,0.959088735248169,31.8714454474601,11.137793158269,9.41720390507328,2.28472545820566,0.01392466954181,0.00722919816047028,1,1.00372495973526,2219.91113534722,0,17965.6930693069,1,1,1,14,2018-10-30T18:19:44.519,20181030_ecoli_REL607,-0,-1732,158.975,DIA_100X_EMPTY_1x1_200ms,,,
17,26,9.26614062102018,241,46.097641521409,2023.57261410788,1240.51452282158,NaN,NaN,NaN,NaN,NaN,NaN,NaN,NaN,NaN,NaN,NaN,NaN,NaN,NaN,NaN,254.138803976942,0.987945623007536,26.3379777466794,11.2497792550036,9.39913449039982,2.59791510740825,0.00572030014227413,0.00308857813600427,0,1.00043809017341,1827.46065539918,0,17484.0082987552,1,1,1,14,2018-10-30T18:19:44.519,20181030_ecoli_REL607,-0,-1732,158.975,DIA_100X_EMPTY_1x1_200ms,,,
1,27,9.971901586035,273,41.7929513934485,240.787545787546,1316.35164835165,NaN,NaN,NaN,NaN,NaN,NaN,NaN,NaN,NaN,NaN,NaN,NaN,NaN,NaN,NaN,267.690796384156,0.982247253754458,27.9678664861272,11.1960825636718,9.36550591907107,2.48368478649264,0.000690208357264652,0.000400765469454824,1,1.0000029069075,1926.68938394961,0,19115.0805860806,1,1,1,15,2018-10-30T18:19:46.835,20181030_ecoli_REL607,1000,-1732,158.975,DIA_100X_EMPTY_1x1_200ms,,,
2,37,10.9606025140373,407,48.6892309786059,257.845208845209,1841.24324324324,NaN,NaN,NaN,NaN,NaN,NaN,NaN,NaN,NaN,NaN,NaN,NaN,NaN,NaN,NaN,349.457918282907,0.959845909717257,36.5386099196373,11.1104457347969,9.33376371206103,2.25813254725361,0.00388710838691379,0.00114070338159451,3,1.0000588145332,2500.08921733588,0,19686.7395577396,1,1,1,15,2018-10-30T18:19:46.835,20181030_ecoli_REL607,1000,-1732,158.975,DIA_100X_EMPTY_1x1_200ms,,,
3,45,22.2890548933712,1003,-49.992842751277,465.191425722832,1993.50448654038,NaN,NaN,NaN,NaN,NaN,NaN,NaN,NaN,NaN,NaN,NaN,NaN,NaN,NaN,NaN,NaN,NaN,NaN,NaN,NaN,NaN,NaN,NaN,NaN,NaN,NaN,0,20227.258225324,1,1,1,15,2018-10-30T18:19:46.835,20181030_ecoli_REL607,1000,-1732,158.975,DIA_100X_EMPTY_1x1_200ms,,,
4,27,10.7686193226872,291,47.7160430490927,503.134020618557,1943.82817869416,NaN,NaN,NaN,NaN,NaN,NaN,NaN,NaN,NaN,NaN,NaN,NaN,NaN,NaN,NaN,253.953027713981,0.998388803942997,26.1010260099563,11.1953840471013,9.2407875966837,3.0238751278692,0.00956208561632966,0.00511936884009893,0,1.00126013728807,1750.51338810604,0,19988.3058419244,1,1,1,15,2018-10-30T18:19:46.835,20181030_ecoli_REL607,1000,-1732,158.975,DIA_100X_EMPTY_1x1_200ms,,,
5,42,9.73832011145745,409,48.3505465414794,1535.59657701711,1422.13936430318,NaN,NaN,NaN,NaN,NaN,NaN,NaN,NaN,NaN,NaN,NaN,NaN,NaN,NaN,NaN,408.039477484837,0.896296029735983,42.9159064110515,10.993957834007,9.29811658111201,2.05455547093305,0.0201307606051995,0.00822070388195465,2,1.00865857898065,2914.05768896645,0,18388.0831295844,1,1,1,15,2018-10-30T18:19:46.835,20181030_ecoli_REL607,1000,-1732,158.975,DIA_100X_EMPTY_1x1_200ms,,,
6,24,8.98629029892983,216,45.9899697527032,1859.34259259259,710.824074074074,NaN,NaN,NaN,NaN,NaN,NaN,NaN,NaN,NaN,NaN,NaN,NaN,NaN,NaN,NaN,230.266345348308,0.995889545257122,24.4230916063122,11.0243518392948,9.19040531609821,2.56960972121693,0.00463211564764672,0.00224630482848229,1,1.00020602207286,1620.16725328788,0,19125.587962963,1,1,1,15,2018-10-30T18:19:46.835,20181030_ecoli_REL607,1000,-1732,158.975,DIA_100X_EMPTY_1x1_200ms,,,
7,24,9.274179280419,223,41.2735153418591,1860.91928251121,970.591928251121,NaN,NaN,NaN,NaN,NaN,NaN,NaN,NaN,NaN,NaN,NaN,NaN,NaN,NaN,NaN,231.410573260229,0.99293204672584,24.2590727508626,10.9706088388467,9.25415441917857,2.65832759040167,0.00377082356260909,0.0019493219018366,1,1.00004687732033,1631.68966368865,0,18574.7668161435,1,1,1,15,2018-10-30T18:19:46.835,20181030_ecoli_REL607,1000,-1732,158.975,DIA_100X_EMPTY_1x1_200ms,,,
8,37,10.3081587831553,382,-49.8110994315827,1873.06020942408,681.53664921466,NaN,NaN,NaN,NaN,NaN,NaN,NaN,NaN,NaN,NaN,NaN,NaN,NaN,NaN,NaN,384.885424483793,0.785190999551541,NaN,NaN,NaN,NaN,NaN,NaN,NaN,NaN,NaN,0,19122.1256544503,1,1,1,15,2018-10-30T18:19:46.835,20181030_ecoli_REL607,1000,-1732,158.975,DIA_100X_EMPTY_1x1_200ms,,,
9,28,9.17481336597806,257,47.9177168076513,1866.50583657588,647.789883268483,NaN,NaN,NaN,NaN,NaN,NaN,NaN,NaN,NaN,NaN,NaN,NaN,NaN,NaN,NaN,263.945557277848,0.975275995433944,27.6799107616719,10.9565791981329,9.26409117235679,2.47998563679495,0.0066618155687783,0.0029132594208082,1,1.00035579149443,1865.77903176224,0,18838.5719844358,1,1,1,15,2018-10-30T18:19:46.835,20181030_ecoli_REL607,1000,-1732,158.975,DIA_100X_EMPTY_1x1_200ms,,,
1,28,10.0342570828933,281,44.8667267612461,14.2241992882562,725.060498220641,NaN,NaN,NaN,NaN,NaN,NaN,NaN,NaN,NaN,NaN,NaN,NaN,NaN,NaN,NaN,NaN,NaN,NaN,NaN,NaN,NaN,NaN,NaN,NaN,NaN,NaN,0,18889.9964412811,1,1,1,44,2018-10-30T18:20:54.290,20181030_ecoli_REL607,-3500,866,158.975,DIA_100X_EMPTY_1x1_200ms,,,
2,28,9.74737030771735,273,46.0105141401894,236.677655677656,863.937728937729,NaN,NaN,NaN,NaN,NaN,NaN,NaN,NaN,NaN,NaN,NaN,NaN,NaN,NaN,NaN,265.567058262859,0.969679079041081,27.9339451295501,11.2218618343925,9.1753765045546,2.59369163380441,0.0197034209571827,0.01030626483844,0,1.0058354208441,1847.01297181795,0,18899.1245421245,1,1,1,44,2018-10-30T18:20:54.290,20181030_ecoli_REL607,-3500,866,158.975,DIA_100X_EMPTY_1x1_200ms,,,
3,23,10.9196064624569,252,29.5641485263833,423.206349206349,1976.85714285714,NaN,NaN,NaN,NaN,NaN,NaN,NaN,NaN,NaN,NaN,NaN,NaN,NaN,NaN,NaN,216.832759725782,0.999660461987798,21.5069494702305,12.5145335754155,9.65259737225882,3.34595141523152,0.00918465145287245,0.0047985760732367,0,1.00075372180748,1573.82731585074,0,20293.380952381,1,1,1,44,2018-10-30T18:20:54.290,20181030_ecoli_REL607,-3500,866,158.975,DIA_100X_EMPTY_1x1_200ms,,,
4,33,10.0158865213942,332,48.4048451866152,557.207831325301,1187.86445783133,NaN,NaN,NaN,NaN,NaN,NaN,NaN,NaN,NaN,NaN,NaN,NaN,NaN,NaN,NaN,317.366461263191,0.962872844813108,33.4967472929621,10.946628763393,9.19655327083548,2.32488655580079,0.00965251032740502,0.00560914064996805,0,1.00238366634269,2225.06498714983,0,18838.6355421687,1,1,1,44,2018-10-30T18:20:54.290,20181030_ecoli_REL607,-3500,866,158.975,DIA_100X_EMPTY_1x1_200ms,,,
5,22,9.74345538794566,215,41.6722136633008,554.320930232558,1506.4,NaN,NaN,NaN,NaN,NaN,NaN,NaN,NaN,NaN,NaN,NaN,NaN,NaN,NaN,NaN,198.402378561615,0.999557107595837,20.4188778620143,11.5387205410471,9.41402894297363,2.94651168912815,0.000501763324264725,0.000293009142471168,1,1.00000054356673,1421.25763621579,0,19802.3906976744,1,1,1,44,2018-10-30T18:20:54.290,20181030_ecoli_REL607,-3500,866,158.975,DIA_100X_EMPTY_1x1_200ms,,,
6,24,9.32465810027207,224,39.3450054702728,600.330357142857,1580.70535714286,NaN,NaN,NaN,NaN,NaN,NaN,NaN,NaN,NaN,NaN,NaN,NaN,NaN,NaN,NaN,219.01211862071,0.999614251318815,23.419758439484,11.1060559605845,8.92221580515719,2.97236635972015,0.012735861556369,0.00300567614992203,0,1.00029069954272,1464.25845223132,0,19812.5491071429,1,1,1,44,2018-10-30T18:20:54.290,20181030_ecoli_REL607,-3500,866,158.975,DIA_100X_EMPTY_1x1_200ms,,,
7,35,9.62137606609408,337,49.2568732774635,847.219584569733,1848.94362017804,NaN,NaN,NaN,NaN,NaN,NaN,NaN,NaN,NaN,NaN,NaN,NaN,NaN,NaN,NaN,325.789294190076,0.959957708853322,34.9482651202645,10.6367116472475,9.05437993443515,2.31311488343768,0.00748884461117764,0.00347644068964075,1,1.00108236183665,2250.26119663767,0,19853.46884273,1,1,1,44,2018-10-30T18:20:54.290,20181030_ecoli_REL607,-3500,866,158.975,DIA_100X_EMPTY_1x1_200ms,,,
8,22,12.6047130005132,278,-21.1455507395082,1253.28417266187,1986.47841726619,NaN,NaN,NaN,NaN,NaN,NaN,NaN,NaN,NaN,NaN,NaN,NaN,NaN,NaN,NaN,218.65950883518,0.99986385746574,17.8412718456433,16.2180794207136,11.5278455449158,4.83184014999305,0.00328167571060124,0.00188351745565433,1,1.00007474544804,1862.13854540993,1,22210.0467625899,1,1,1,44,2018-10-30T18:20:54.290,20181030_ecoli_REL607,-3500,866,158.975,DIA_100X_EMPTY_1x1_200ms,,,
9,28,12.606826741827,354,13.2239541898745,1277.11581920904,1988.46892655367,NaN,NaN,NaN,NaN,NaN,NaN,NaN,NaN,NaN,NaN,NaN,NaN,NaN,NaN,NaN,281.822873479139,0.987204237349122,24.6726023982788,14.0089937328447,10.7930663685883,3.4990458871065,0.031131071048582,0.016342695053705,1,1.00310345897801,2257.32731438603,1,22532.9463276836,1,1,1,44,2018-10-30T18:20:54.290,20181030_ecoli_REL607,-3500,866,158.975,DIA_100X_EMPTY_1x1_200ms,,,
10,22,9.83806243568262,217,27.2913206181593,1335.32718894009,1946.35944700461,NaN,NaN,NaN,NaN,NaN,NaN,NaN,NaN,NaN,NaN,NaN,NaN,NaN,NaN,NaN,206.068569837758,0.999910103974175,21.4306830337507,11.4913343345212,9.34082070986089,2.91545199596425,0.00301775891369151,0.00150734151727568,1,1.00007381381159,1468.57444526557,0,19420.6497695853,1,1,1,44,2018-10-30T18:20:54.290,20181030_ecoli_REL607,-3500,866,158.975,DIA_100X_EMPTY_1x1_200ms,,,
11,67,12.4774663925033,837,-49.0713633939391,1958.45758661888,1129.31063321386,NaN,NaN,NaN,NaN,NaN,NaN,NaN,NaN,NaN,NaN,NaN,NaN,NaN,NaN,NaN,785.354104728555,0.703743076527455,NaN,NaN,NaN,NaN,NaN,NaN,NaN,NaN,NaN,0,18707.2927120669,1,1,1,44,2018-10-30T18:20:54.290,20181030_ecoli_REL607,-3500,866,158.975,DIA_100X_EMPTY_1x1_200ms,,,
1,26,9.7280504464073,253,45.4946831859761,108.517786561265,865.450592885375,NaN,NaN,NaN,NaN,NaN,NaN,NaN,NaN,NaN,NaN,NaN,NaN,NaN,NaN,NaN,248.685200554816,0.996526677020685,25.691399906874,11.1174721041266,9.37618880248637,2.7160718225082,0.0019984118240597,0.00103089056487489,1,1.00005084980105,1773.90492079002,0,18170.8616600791,1,1,1,45,2018-10-30T18:20:56.616,20181030_ecoli_REL607,-4000,-0,158.975,DIA_100X_EMPTY_1x1_200ms,,,
2,30,10.0185466291356,301,48.7575221857026,257.528239202658,1002.25913621262,NaN,NaN,NaN,NaN,NaN,NaN,NaN,NaN,NaN,NaN,NaN,NaN,NaN,NaN,NaN,283.509711881121,0.974976530923852,29.7430811350647,10.8034426109378,9.29322300448166,2.37413683982237,0.0108156766055259,0.0055605434473851,0,1.00184024316706,2017.47682570126,0,18541.8704318937,1,1,1,45,2018-10-30T18:20:56.616,20181030_ecoli_REL607,-4000,-0,158.975,DIA_100X_EMPTY_1x1_200ms,,,
3,26,9.2654095488946,241,47.2003762910096,408.311203319502,518.809128630705,NaN,NaN,NaN,NaN,NaN,NaN,NaN,NaN,NaN,NaN,NaN,NaN,NaN,NaN,NaN,253.050842619711,0.979934714786259,26.8716307687589,10.8197170321998,9.18499492520732,2.44321619426228,0.00273349358591508,0.00114415756372873,1,1.00005995475021,1780.49904952127,0,18130.6929460581,1,1,1,45,2018-10-30T18:20:56.616,20181030_ecoli_REL607,-4000,-0,158.975,DIA_100X_EMPTY_1x1_200ms,,,
4,26,15.4967601467186,403,-40.0689958810827,525.578163771712,1862.82878411911,NaN,NaN,NaN,NaN,NaN,NaN,NaN,NaN,NaN,NaN,NaN,NaN,NaN,NaN,NaN,291.570149142856,0.99990155075465,22.6396379781895,17.230769917416,12.2239718450739,4.75870274034938,0.0428111649706809,0.0211213572489016,1,1.01693859649842,2656.95403471611,0,16886.5756823821,1,1,1,45,2018-10-30T18:20:56.616,20181030_ecoli_REL607,-4000,-0,158.975,DIA_100X_EMPTY_1x1_200ms,,,
5,25,8.3040989861548,209,31.666707819087,522.741626794258,1890.995215311,NaN,NaN,NaN,NaN,NaN,NaN,NaN,NaN,NaN,NaN,NaN,NaN,NaN,NaN,NaN,234.013533434403,0.994011257870867,26.4943282426832,10.4607523007683,8.52183731959217,2.51557764213739,0.00179049184950527,0.000895568086772451,1,1.00003093755225,1511.15590520715,0,20627.1291866029,1,1,1,45,2018-10-30T18:20:56.616,20181030_ecoli_REL607,-4000,-0,158.975,DIA_100X_EMPTY_1x1_200ms,,,
6,26,9.15282054354534,238,46.290645742244,638.205882352941,88.1974789915966,NaN,NaN,NaN,NaN,NaN,NaN,NaN,NaN,NaN,NaN,NaN,NaN,NaN,NaN,NaN,244.177327617304,0.991353697575708,26.0991217450971,10.798569906066,9.03623309144056,2.61785930643912,0.00383548920341642,0.00182006313721059,1,1.00016458081981,1673.75013415199,0,18139.3781512605,1,1,1,45,2018-10-30T18:20:56.616,20181030_ecoli_REL607,-4000,-0,158.975,DIA_100X_EMPTY_1x1_200ms,,,
7,34,9.7168628977996,331,48.0457012318722,787.202416918429,863.021148036254,NaN,NaN,NaN,NaN,NaN,NaN,NaN,NaN,NaN,NaN,NaN,NaN,NaN,NaN,NaN,336.191137124486,0.954663146709791,35.2927754404297,10.9658122863536,9.33606266556492,2.16323235595343,0.010732220846486,0.00523111346456473,1,1.00106215642834,2416.034938867,0,17813.3655589124,1,1,1,45,2018-10-30T18:20:56.616,20181030_ecoli_REL607,-4000,-0,158.975,DIA_100X_EMPTY_1x1_200ms,,,
8,28,9.01124133710777,253,35.4747265949598,1129.88932806324,607.719367588933,NaN,NaN,NaN,NaN,NaN,NaN,NaN,NaN,NaN,NaN,NaN,NaN,NaN,NaN,NaN,274.082010613676,0.940530400940356,29.3142632384663,10.6830935420647,9.05520896128989,2.36943050585499,0.0358318184962756,0.0178027622557733,0,1.0197373759271,1887.84275781417,0,18152.5059288538,1,1,1,45,2018-10-30T18:20:56.616,20181030_ecoli_REL607,-4000,-0,158.975,DIA_100X_EMPTY_1x1_200ms,,,
9,30,8.74396026529306,262,48.0219469608197,1599.46183206107,784.751908396947,NaN,NaN,NaN,NaN,NaN,NaN,NaN,NaN,NaN,NaN,NaN,NaN,NaN,NaN,NaN,284.979079961949,0.968446936350554,30.706704267997,10.8706489747681,9.04082475898915,2.30448661333732,0.00891082308233342,0.00444423747774769,1,1.00131999051863,1971.23857970832,0,18301.8511450382,1,1,1,45,2018-10-30T18:20:56.616,20181030_ecoli_REL607,-4000,-0,158.975,DIA_100X_EMPTY_1x1_200ms,,,
10,25,8.64580854042987,216,45.9596642044853,1820.46296296296,1219.0462962963,NaN,NaN,NaN,NaN,NaN,NaN,NaN,NaN,NaN,NaN,NaN,NaN,NaN,NaN,NaN,235.766490420858,0.984002551980939,25.0906518760697,10.9009367813455,9.06130650963656,2.59755384456082,0.00310547570698709,0.00139098289592787,1,1.00006212875353,1618.01844643912,0,18365.6527777778,1,1,1,45,2018-10-30T18:20:56.616,20181030_ecoli_REL607,-4000,-0,158.975,DIA_100X_EMPTY_1x1_200ms,,,
1,26,8.6512744670974,225,45.4934846560843,88.4311111111111,1195.48444444444,NaN,NaN,NaN,NaN,NaN,NaN,NaN,NaN,NaN,NaN,NaN,NaN,NaN,NaN,NaN,247.403432374024,0.982779886954976,25.9318838387684,11.2152261899458,9.15980213666233,2.77439459037865,0.0111748417242848,0.00519976473855168,1,1.00138507454705,1708.81927385962,0,17916.9511111111,1,1,1,56,2018-10-30T18:21:22.247,20181030_ecoli_REL607,3500,-866,158.975,DIA_100X_EMPTY_1x1_200ms,,,
2,25,9.87996016454155,248,43.1669243843676,110.149193548387,857.116935483871,NaN,NaN,NaN,NaN,NaN,NaN,NaN,NaN,NaN,NaN,NaN,NaN,NaN,NaN,NaN,256.421327542253,0.982609506280886,26.6589588805818,11.1020861066895,9.16575779610064,2.81955851227411,0.0201387915635483,0.00323034480929287,1,1.00038135264215,1759.01612198403,0,17382.8387096774,1,1,1,56,2018-10-30T18:21:22.247,20181030_ecoli_REL607,3500,-866,158.975,DIA_100X_EMPTY_1x1_200ms,,,
3,24,12.3899000393454,298,-20.7917362026282,117.365771812081,339.208053691275,NaN,NaN,NaN,NaN,NaN,NaN,NaN,NaN,NaN,NaN,NaN,NaN,NaN,NaN,NaN,265.729392132868,0.956902989842373,24.0267185423593,14.8386016718112,10.3518411622795,3.86001353894673,0.0332086299949149,0.0137417478456361,2,1.004752650403,2022.17874622818,0,15510.3389261745,1,1,1,56,2018-10-30T18:21:22.247,20181030_ecoli_REL607,3500,-866,158.975,DIA_100X_EMPTY_1x1_200ms,,,
4,24,9.97843368038714,240,44.2250209971636,166.279166666667,1964.68333333333,NaN,NaN,NaN,NaN,NaN,NaN,NaN,NaN,NaN,NaN,NaN,NaN,NaN,NaN,NaN,217.890893104118,0.999647774481977,22.866972547938,11.4022695862646,9.25079588510964,2.8567407111612,0.00253964995925327,0.00128023239403089,0,1.00005817912548,1536.93941697304,0,19259.6125,1,1,1,56,2018-10-30T18:21:22.247,20181030_ecoli_REL607,3500,-866,158.975,DIA_100X_EMPTY_1x1_200ms,,,
5,36,10.2195062991561,369,44.8823634935498,244.655826558266,187.769647696477,NaN,NaN,NaN,NaN,NaN,NaN,NaN,NaN,NaN,NaN,NaN,NaN,NaN,NaN,NaN,323.041981096062,0.98161925022119,35.4753908747483,12.3992223016328,8.86060777078779,3.23904197262152,0.0128981438441922,0.00755592596591549,0,1.00447850244857,2187.48002085791,0,15968.6720867209,1,1,1,56,2018-10-30T18:21:22.247,20181030_ecoli_REL607,3500,-866,158.975,DIA_100X_EMPTY_1x1_200ms,,,
6,38,9.88502401144659,376,49.2837956275765,257.75,1838.96542553191,NaN,NaN,NaN,NaN,NaN,NaN,NaN,NaN,NaN,NaN,NaN,NaN,NaN,NaN,NaN,345.717021361715,0.95751589941783,36.985904359962,10.8935429064296,9.09132523390985,2.25468678350129,0.0052019985562474,0.00334529063258071,0,1.00093624098214,2400.93560860661,0,19030.2925531915,1,1,1,56,2018-10-30T18:21:22.247,20181030_ecoli_REL607,3500,-866,158.975,DIA_100X_EMPTY_1x1_200ms,,,
7,28,9.37833492458909,263,48.2528637830374,462.752851711027,1539.68821292776,NaN,NaN,NaN,NaN,NaN,NaN,NaN,NaN,NaN,NaN,NaN,NaN,NaN,NaN,NaN,268.666990452078,0.973086289876525,28.6846547850845,10.7163328570238,9.10804741478378,2.40599176023395,0.00718895753028776,0.00343450752712552,0,1.00068992646907,1868.91725863271,0,17915.4562737643,1,1,1,56,2018-10-30T18:21:22.247,20181030_ecoli_REL607,3500,-866,158.975,DIA_100X_EMPTY_1x1_200ms,,,
8,25,8.53150734381042,213,47.04136450476,519.943661971831,1562.53521126761,NaN,NaN,NaN,NaN,NaN,NaN,NaN,NaN,NaN,NaN,NaN,NaN,NaN,NaN,NaN,232.659956121562,0.991493967726573,24.9582539492426,10.9830763898201,9.09508060956926,2.50417920150846,0.00317864229935338,0.00178293710376806,1,1.00013136376522,1621.50086923764,0,18381.3004694836,1,1,1,56,2018-10-30T18:21:22.247,20181030_ecoli_REL607,3500,-866,158.975,DIA_100X_EMPTY_1x1_200ms,,,
9,28,9.48198326462168,266,47.5803597022174,543.533834586466,619.789473684211,NaN,NaN,NaN,NaN,NaN,NaN,NaN,NaN,NaN,NaN,NaN,NaN,NaN,NaN,NaN,269.474540287124,0.966735955473535,28.5710202246878,10.6840324072812,9.16052841506234,2.40854194801845,0.017293002365096,0.00879712471544832,0,1.00453987792444,1883.02758584922,0,17863.2518796992,1,1,1,56,2018-10-30T18:21:22.247,20181030_ecoli_REL607,3500,-866,158.975,DIA_100X_EMPTY_1x1_200ms,,,
10,21,10.2662428615912,216,26.7461976913625,549.236111111111,121.634259259259,NaN,NaN,NaN,NaN,NaN,NaN,NaN,NaN,NaN,NaN,NaN,NaN,NaN,NaN,NaN,204.997447688264,0.999647494200552,20.2331818686634,12.0672113831204,9.77116032392574,3.12101200123358,0.00724938442203762,0.00345766038821113,1,1.00033331876561,1517.21226557863,0,18218.375,1,1,1,56,2018-10-30T18:21:22.247,20181030_ecoli_REL607,3500,-866,158.975,DIA_100X_EMPTY_1x1_200ms,,,
11,29,16.7388484130711,487,32.2270204024973,700.045174537988,1507.32443531828,NaN,NaN,NaN,NaN,NaN,NaN,NaN,NaN,NaN,NaN,NaN,NaN,NaN,NaN,NaN,447.416444101731,0.958056623803951,26.778230507013,19.5831831979078,15.2968529680673,5.15770236234745,0.0516950369205796,0.0254557468982694,1,1.01547081069226,4921.25582255101,0,17835.8747433265,1,1,1,56,2018-10-30T18:21:22.247,20181030_ecoli_REL607,3500,-866,158.975,DIA_100X_EMPTY_1x1_200ms,,,
12,22,9.74016282600782,215,25.0726945076501,883.493023255814,1311.35348837209,NaN,NaN,NaN,NaN,NaN,NaN,NaN,NaN,NaN,NaN,NaN,NaN,NaN,NaN,NaN,217.85230082847,0.998766176542618,22.188590230331,11.5537186386709,9.47789996343408,2.93195807611699,0.00408680843241275,0.00187003371945188,1,1.00006414267488,1565.46669418274,0,17387.5302325581,1,1,1,56,2018-10-30T18:21:22.247,20181030_ecoli_REL607,3500,-866,158.975,DIA_100X_EMPTY_1x1_200ms,,,
13,34,9.28048283944293,316,47.7579324539855,929.895569620253,1625.75949367089,NaN,NaN,NaN,NaN,NaN,NaN,NaN,NaN,NaN,NaN,NaN,NaN,NaN,NaN,NaN,328.225702094221,0.945446080454079,35.2837589706844,10.827668133036,9.11897272990522,2.12392897625025,0.0146841467855528,0.00584069568123662,1,1.00320922936626,2304.3930777694,0,18250.0537974684,1,1,1,56,2018-10-30T18:21:22.247,20181030_ecoli_REL607,3500,-866,158.975,DIA_100X_EMPTY_1x1_200ms,,,
14,65,8.87942704153372,578,45.9314667395956,1027.89965397924,296.583044982699,NaN,NaN,NaN,NaN,NaN,NaN,NaN,NaN,NaN,NaN,NaN,NaN,NaN,NaN,NaN,610.27800498884,0.789011612958101,66.8835548948315,10.4051928775392,8.98466556463321,1.62822706647821,0.0224333875588691,0.00887418898359681,1,1.01944665880247,4240.46088439572,0,19270.6833910035,1,1,1,56,2018-10-30T18:21:22.247,20181030_ecoli_REL607,3500,-866,158.975,DIA_100X_EMPTY_1x1_200ms,,,
15,27,13.03026224267,352,24.107430585299,1494.78409090909,104.71875,NaN,NaN,NaN,NaN,NaN,NaN,NaN,NaN,NaN,NaN,NaN,NaN,NaN,NaN,NaN,310.965202078333,0.946040624302639,25.7261735788302,18.6820795609418,11.4967345171809,4.90456224617498,0.0284372980101718,0.0132791688023599,2,1.00244986454552,2670.63220860419,0,19062.3579545455,1,1,1,56,2018-10-30T18:21:22.247,20181030_ecoli_REL607,3500,-866,158.975,DIA_100X_EMPTY_1x1_200ms,,,
16,26,9.65384830305124,251,42.8854603042606,1593.78486055777,1895.02788844622,NaN,NaN,NaN,NaN,NaN,NaN,NaN,NaN,NaN,NaN,NaN,NaN,NaN,NaN,NaN,244.078346865269,0.983222706686458,25.4815806684358,10.9733086441239,9.24746059311922,2.68632008132997,0.0201443267303203,0.0108852779614464,0,1.00536220841277,1711.43821239291,0,18299.0278884462,1,1,1,56,2018-10-30T18:21:22.247,20181030_ecoli_REL607,3500,-866,158.975,DIA_100X_EMPTY_1x1_200ms,,,
17,30,9.25297408387936,278,47.9710915130761,1677.34532374101,380.615107913669,NaN,NaN,NaN,NaN,NaN,NaN,NaN,NaN,NaN,NaN,NaN,NaN,NaN,NaN,NaN,287.164461973267,0.966099962681738,30.702562710016,10.5458081309887,9.12303480669305,2.2912668209085,0.01190912882468,0.00490564767878222,2,1.00179512686667,2006.98058876615,0,18575.5935251799,1,1,1,56,2018-10-30T18:21:22.247,20181030_ecoli_REL607,3500,-866,158.975,DIA_100X_EMPTY_1x1_200ms,,,
18,32,9.37917745657757,301,48.5696142698884,1709.08305647841,678.707641196013,NaN,NaN,NaN,NaN,NaN,NaN,NaN,NaN,NaN,NaN,NaN,NaN,NaN,NaN,NaN,315.606625000798,0.964808922969863,32.982254323537,10.8840366109832,9.28222139905396,2.40178575766737,0.0107336388242462,0.00465606872965812,1,1.00176803986757,2231.89656345066,0,17981.6710963455,1,1,1,56,2018-10-30T18:21:22.247,20181030_ecoli_REL607,3500,-866,158.975,DIA_100X_EMPTY_1x1_200ms,,,
19,29,8.94006073141903,260,45.747292356989,1716.23461538462,960.434615384615,NaN,NaN,NaN,NaN,NaN,NaN,NaN,NaN,NaN,NaN,NaN,NaN,NaN,NaN,NaN,277.220562654033,0.961867399011101,30.0943419752278,10.5594993790065,8.94836023245523,2.33042681730579,0.0100622959183856,0.00481110654202016,1,1.00148018543618,1892.61226975848,0,17819.6192307692,1,1,1,56,2018-10-30T18:21:22.247,20181030_ecoli_REL607,3500,-866,158.975,DIA_100X_EMPTY_1x1_200ms,,,
20,28,10.1646596618788,285,46.9075017432829,1745.3649122807,1959.14385964912,NaN,NaN,NaN,NaN,NaN,NaN,NaN,NaN,NaN,NaN,NaN,NaN,NaN,NaN,NaN,266.291311828089,0.98988095356471,28.1656666316794,10.6652740374602,9.03076559798832,2.7435410011638,0.0187514403455436,0.0019867152727662,1,1.00012036152564,1804.09355841004,0,18804.6210526316,1,1,1,56,2018-10-30T18:21:22.247,20181030_ecoli_REL607,3500,-866,158.975,DIA_100X_EMPTY_1x1_200ms,,,
21,34,11.8140352311043,402,-46.0537766576764,1817.71393034826,432.863184079602,NaN,NaN,NaN,NaN,NaN,NaN,NaN,NaN,NaN,NaN,NaN,NaN,NaN,NaN,NaN,392.06262526773,0.858317994832021,36.1223174717333,14.3842661349071,10.2918198873536,2.84029453790309,0.0886170280213951,0.0406738542047118,3,1.03183220921424,3005.0371198411,0,18493.9651741294,1,1,1,56,2018-10-30T18:21:22.247,20181030_ecoli_REL607,3500,-866,158.975,DIA_100X_EMPTY_1x1_200ms,,,
22,22,9.22429391413553,203,40.8111319440746,1873.39901477833,848.266009852217,NaN,NaN,NaN,NaN,NaN,NaN,NaN,NaN,NaN,NaN,NaN,NaN,NaN,NaN,NaN,213.607928181531,0.998148990236957,22.3389642360961,11.0306517440684,9.26857534685375,2.75578405760832,0.00169206362363361,0.000711594090967465,1,1.00000932399338,1507.22775809795,0,17996.8866995074,1,1,1,56,2018-10-30T18:21:22.247,20181030_ecoli_REL607,3500,-866,158.975,DIA_100X_EMPTY_1x1_200ms,,,
23,23,8.86553983918996,205,39.4477481170495,1881.17073170732,1811.67804878049,NaN,NaN,NaN,NaN,NaN,NaN,NaN,NaN,NaN,NaN,NaN,NaN,NaN,NaN,NaN,211.533486771367,0.99928927632195,22.7947654140589,10.9112909244378,8.99164174602067,2.71361910729846,0.00295211346600393,0.00131440672655874,1,1.00006131057343,1447.44809310539,0,18372.6682926829,1,1,1,56,2018-10-30T18:21:22.247,20181030_ecoli_REL607,3500,-866,158.975,DIA_100X_EMPTY_1x1_200ms,,,
24,38,9.55697450734003,364,49.0590876313131,2011.26923076923,1114.94505494505,NaN,NaN,NaN,NaN,NaN,NaN,NaN,NaN,NaN,NaN,NaN,NaN,NaN,NaN,NaN,368.965325205415,0.960656934487262,38.610762124159,10.9889529592572,9.33888664021993,2.16424915096199,0.00959797958620096,0.00437014987786509,1,1.00138062021113,2644.77336764689,0,17376.5659340659,1,1,1,56,2018-10-30T18:21:22.247,20181030_ecoli_REL607,3500,-866,158.975,DIA_100X_EMPTY_1x1_200ms,,,
1,35,9.53214691718634,335,47.3343127376788,217.865671641791,1644.62686567164,NaN,NaN,NaN,NaN,NaN,NaN,NaN,NaN,NaN,NaN,NaN,NaN,NaN,NaN,NaN,337.877201066263,0.949139925415641,35.7936309567645,10.7910304531387,9.25526819978034,2.14273409484904,0.0145807364939832,0.0081205234379436,0,1.00558141946981,2408.09521099706,0,18955.9850746269,1,1,1,61,2018-10-30T18:21:33.843,20181030_ecoli_REL607,2000,3464,158.975,DIA_100X_EMPTY_1x1_200ms,,,
2,41,10.5297625911525,432,48.9223121121132,395.231481481481,597.550925925926,NaN,NaN,NaN,NaN,NaN,NaN,NaN,NaN,NaN,NaN,NaN,NaN,NaN,NaN,NaN,403.217195247291,0.913105438518992,41.2458049287496,12.338379193706,9.5963763043484,2.36387547579679,0.0101630396336963,0.00382508914866658,2,1.00137232144212,2983.21259692349,0,16551.5347222222,1,1,1,61,2018-10-30T18:21:33.843,20181030_ecoli_REL607,2000,3464,158.975,DIA_100X_EMPTY_1x1_200ms,,,
3,24,9.57862718382834,230,44.8533654355665,1340.43913043478,1344.85652173913,NaN,NaN,NaN,NaN,NaN,NaN,NaN,NaN,NaN,NaN,NaN,NaN,NaN,NaN,NaN,228.910812401706,0.995534189400335,23.85703278924,11.3246950414345,9.32401154650902,2.69923818623047,0.0031907723404564,0.00152665688679578,1,1.00009464380284,1628.96560391043,0,18196.952173913,1,1,1,61,2018-10-30T18:21:33.843,20181030_ecoli_REL607,2000,3464,158.975,DIA_100X_EMPTY_1x1_200ms,,,
4,25,8.88261618499069,223,46.3871317823838,1710.466367713,1363.21524663677,NaN,NaN,NaN,NaN,NaN,NaN,NaN,NaN,NaN,NaN,NaN,NaN,NaN,NaN,NaN,242.385749919048,0.989753993241148,26.0019184707451,10.6574672352871,8.96944807032957,2.64783364430632,0.0074938461221896,0.00364121579238475,1,1.00065600780898,1642.95895252556,0,17760.8251121076,1,1,1,61,2018-10-30T18:21:33.843,20181030_ecoli_REL607,2000,3464,158.975,DIA_100X_EMPTY_1x1_200ms,,,
