CellID,LongAxis,ShortAxis,Area,RegionScore,XPosition,YPosition,Fluor1Sum,Fluor1Mean,Fluor1Background,Fluor1BgStd,Fluor1FociNumber,Fluor2Sum,Fluor2Mean,Fluor2Background,Fluor2BgStd,Fluor2FociNumber,Fluor3Sum,Fluor3Mean,Fluor3Background,Fluor3BgStd,Fluor3FociNumber,MeshArea,MeshSolidity,MeshAxisLength,MeshRibsLengthMax,MeshRibsLengthMean,MeshRibsLengthStd,MeshCurvatureMax,MeshCurvatureMean,MeshCurvatureInflection,MeshSinuosity,MeshVolume,NumOfNeighbors,RegionGrayVal,TimeFrames,AgeFrames,RelativeAge,xyFolder,DateTime,Folder,StageXposition,StageYposition,StageZposition,PhaseConfig,Fluo1Config,Fluo2Config,Fluo3Config
1,34,10.516636176786,360,46.5400260328814,343.308333333333,378.444444444444,NaN,NaN,NaN,NaN,NaN,NaN,NaN,NaN,NaN,NaN,NaN,NaN,NaN,NaN,NaN,333.589293729013,0.957309587529758,35.0410972401969,11.0529601867521,9.26728254172506,2.33702448838829,0.00922727702283219,0.00598713116668538,0,1.00276835060374,2363.5913187093,0,19010.6111111111,1,1,1,18,2018-10-31T14:27:32.956,20181031_ecoli_ARA_M4_2K,1500,866,167.4,DIA_100X_EMPTY_1x1_200ms,,,
2,30,9.92867535141576,298,49.2859954941123,373.127516778523,1294.45973154362,NaN,NaN,NaN,NaN,NaN,NaN,NaN,NaN,NaN,NaN,NaN,NaN,NaN,NaN,NaN,291.968572090699,0.973970357149856,29.809313192439,11.2508298707616,9.57128825925273,2.44151185982648,0.0105441247151967,0.00476169469342631,1,1.00145860664795,2144.77946840917,0,18110.3859060403,1,1,1,18,2018-10-31T14:27:32.956,20181031_ecoli_ARA_M4_2K,1500,866,167.4,DIA_100X_EMPTY_1x1_200ms,,,
3,36,14.351685267024,517,-49.8137990682875,498.042553191489,1249.75435203095,NaN,NaN,NaN,NaN,NaN,NaN,NaN,NaN,NaN,NaN,NaN,NaN,NaN,NaN,NaN,484.999967451197,0.747939273926174,40.2235364926199,13.8916909186916,9.12939908007435,2.7285816311676,0.124989386288635,0.0362233011653657,2,1.13357682074455,2633.02217773126,0,17475.2069632495,1,1,1,18,2018-10-31T14:27:32.956,20181031_ecoli_ARA_M4_2K,1500,866,167.4,DIA_100X_EMPTY_1x1_200ms,,,
4,31,10.2453830167023,318,48.7229904020557,660.24213836478,1261.36477987421,NaN,NaN,NaN,NaN,NaN,NaN,NaN,NaN,NaN,NaN,NaN,NaN,NaN,NaN,NaN,309.991459922185,0.964694147608409,31.0164285542429,11.6468851897793,9.69044742600244,2.61700751344133,0.00381123769391372,0.00168281033320932,2,1.00006004851384,2287.54333186746,0,17239.6100628931,1,1,1,18,2018-10-31T14:27:32.956,20181031_ecoli_ARA_M4_2K,1500,866,167.4,DIA_100X_EMPTY_1x1_200ms,,,
5,29,10.9436409775614,318,45.2986104188739,932.522012578616,1904.76100628931,NaN,NaN,NaN,NaN,NaN,NaN,NaN,NaN,NaN,NaN,NaN,NaN,NaN,NaN,NaN,302.92117367139,0.971973994818349,29.7204319233082,12.0331111562994,9.7776958281914,2.84711165447533,0.0261158540176895,0.00287066526979148,0,1.00034387887336,2231.60868849747,0,16652.1037735849,1,1,1,18,2018-10-31T14:27:32.956,20181031_ecoli_ARA_M4_2K,1500,866,167.4,DIA_100X_EMPTY_1x1_200ms,,,
6,31,9.70628189468217,301,49.1327907630857,937.106312292359,1396.82724252492,NaN,NaN,NaN,NaN,NaN,NaN,NaN,NaN,NaN,NaN,NaN,NaN,NaN,NaN,NaN,304.381360506636,0.958834122525029,31.2694772299942,11.3397588278868,9.38695134560326,2.53915777400745,0.0143551263868575,0.00771218315244786,0,1.00410596481846,2164.01185550551,0,17777.2225913621,1,1,1,18,2018-10-31T14:27:32.956,20181031_ecoli_ARA_M4_2K,1500,866,167.4,DIA_100X_EMPTY_1x1_200ms,,,
7,30,10.0560486228152,302,48.9126438009806,1596.29801324503,1567.72847682119,NaN,NaN,NaN,NaN,NaN,NaN,NaN,NaN,NaN,NaN,NaN,NaN,NaN,NaN,NaN,301.34508939445,0.964673781475785,30.2110702061673,11.4651843854455,9.72171528882562,2.48248512163132,0.00600151701431739,0.0024582955282098,1,1.00033556355495,2242.54820758981,0,17526.0066225166,1,1,1,18,2018-10-31T14:27:32.956,20181031_ecoli_ARA_M4_2K,1500,866,167.4,DIA_100X_EMPTY_1x1_200ms,,,
1,46,10.9137138178079,503,49.270504936387,121.524850894632,1490.29423459245,NaN,NaN,NaN,NaN,NaN,NaN,NaN,NaN,NaN,NaN,NaN,NaN,NaN,NaN,NaN,468.597884548798,0.939098860757072,46.7668939489694,11.6674564144545,9.86780614652178,2.02313511246556,0.0153744117199318,0.00578369316090343,1,1.00181412601685,3576.59385990841,0,17162.24055666,1,1,1,22,2018-10-31T14:27:42.275,20181031_ecoli_ARA_M4_2K,3000,-0,167.4,DIA_100X_EMPTY_1x1_200ms,,,
2,46,10.2821598541694,473,-37.7711026724047,186.767441860465,2017.81606765328,NaN,NaN,NaN,NaN,NaN,NaN,NaN,NaN,NaN,NaN,NaN,NaN,NaN,NaN,NaN,474.805859950134,0.780578857697062,48.9084557824371,11.3543735904496,9.50671417432621,1.93036374816318,0.0499573765880125,0.0185492962805666,2,1.07159411949781,3471.64017604329,0,17745.3615221987,1,1,1,22,2018-10-31T14:27:42.275,20181031_ecoli_ARA_M4_2K,3000,-0,167.4,DIA_100X_EMPTY_1x1_200ms,,,
3,34,10.0073736158333,341,49.3152820694944,277.630498533724,128.489736070381,NaN,NaN,NaN,NaN,NaN,NaN,NaN,NaN,NaN,NaN,NaN,NaN,NaN,NaN,NaN,319.957227531407,0.979899873054164,33.7403848220579,10.6682965306031,9.14264466714361,2.51510472086036,0.00671011447737587,0.00300308511412936,1,1.00034217258979,2215.05031169113,0,18383.5014662757,1,1,1,22,2018-10-31T14:27:42.275,20181031_ecoli_ARA_M4_2K,3000,-0,167.4,DIA_100X_EMPTY_1x1_200ms,,,
4,41,9.81156737608043,403,49.3790780815172,323.655086848635,701.173697270472,NaN,NaN,NaN,NaN,NaN,NaN,NaN,NaN,NaN,NaN,NaN,NaN,NaN,NaN,NaN,390.071168236986,0.942117243286477,41.1102185630105,11.161908823457,9.29294802622614,2.09222773689166,0.0102679340511653,0.00671829654575994,0,1.00461068870957,2788.34612890669,0,18456.0620347395,1,1,1,22,2018-10-31T14:27:42.275,20181031_ecoli_ARA_M4_2K,3000,-0,167.4,DIA_100X_EMPTY_1x1_200ms,,,
5,32,10.222560543899,327,48.820150706494,518.391437308868,1026.81957186544,NaN,NaN,NaN,NaN,NaN,NaN,NaN,NaN,NaN,NaN,NaN,NaN,NaN,NaN,NaN,310.137928944429,0.96679386668298,31.1230665778124,11.366778101495,9.69104613016658,2.51567754292449,0.00381453135300271,0.00181103844100644,1,1.00012652088668,2295.69180990151,0,16903.0122324159,1,1,1,22,2018-10-31T14:27:42.275,20181031_ecoli_ARA_M4_2K,3000,-0,167.4,DIA_100X_EMPTY_1x1_200ms,,,
6,30,10.1143061875188,306,46.3932896897423,770.447712418301,1244.81045751634,NaN,NaN,NaN,NaN,NaN,NaN,NaN,NaN,NaN,NaN,NaN,NaN,NaN,NaN,NaN,307.706412838785,0.970368744656788,31.4147089225227,11.4699560849021,9.59344210912557,2.36651159490513,0.00303493087563922,0.00109767182536916,0,1.0000926151058,2270.76316000457,0,17496.6960784314,1,1,1,22,2018-10-31T14:27:42.275,20181031_ecoli_ARA_M4_2K,3000,-0,167.4,DIA_100X_EMPTY_1x1_200ms,,,
7,27,10.1148622719932,276,37.8516239886166,781.666666666667,1548.91304347826,NaN,NaN,NaN,NaN,NaN,NaN,NaN,NaN,NaN,NaN,NaN,NaN,NaN,NaN,NaN,272.876235122957,0.979854299811375,27.9151021888302,11.5083359810907,9.56339592017571,2.51006587679624,0.010685749271126,0.00514680904955339,1,1.0014970106256,2005.18004903126,0,17487.1195652174,1,1,1,22,2018-10-31T14:27:42.275,20181031_ecoli_ARA_M4_2K,3000,-0,167.4,DIA_100X_EMPTY_1x1_200ms,,,
8,26,10.8040976981568,283,41.8633652561265,909.378091872792,1742.80918727915,NaN,NaN,NaN,NaN,NaN,NaN,NaN,NaN,NaN,NaN,NaN,NaN,NaN,NaN,NaN,282.581283396272,0.981775357158667,27.6169012900199,12.0209623369659,9.91044188876874,2.78556764284704,0.00692765645740257,0.00377957447418435,0,1.00072532318388,2130.34954460172,0,17155.961130742,1,1,1,22,2018-10-31T14:27:42.275,20181031_ecoli_ARA_M4_2K,3000,-0,167.4,DIA_100X_EMPTY_1x1_200ms,,,
9,30,9.93344606891838,298,48.8876658858407,1054.5067114094,1837.67785234899,NaN,NaN,NaN,NaN,NaN,NaN,NaN,NaN,NaN,NaN,NaN,NaN,NaN,NaN,NaN,291.833850628494,0.973548543831664,29.7760318360075,11.5739219710235,9.57350826499465,2.47342811133044,0.00182552999380559,0.000828376077271542,3,1.00000484008089,2143.37881867232,0,17195.1208053691,1,1,1,22,2018-10-31T14:27:42.275,20181031_ecoli_ARA_M4_2K,3000,-0,167.4,DIA_100X_EMPTY_1x1_200ms,,,
10,36,10.2932978838462,372,48.3974620203605,1657.9623655914,421.666666666667,NaN,NaN,NaN,NaN,NaN,NaN,NaN,NaN,NaN,NaN,NaN,NaN,NaN,NaN,NaN,353.33372237463,0.941907813776711,36.6629605477841,11.1254197435363,9.4285933911027,2.15727547577923,0.0158919965815413,0.0082020597987778,0,1.00561104962918,2559.83060517642,0,17716.7876344086,1,1,1,22,2018-10-31T14:27:42.275,20181031_ecoli_ARA_M4_2K,3000,-0,167.4,DIA_100X_EMPTY_1x1_200ms,,,
11,34,10.4476138284748,356,48.0963788381017,1674.30056179775,991.157303370787,NaN,NaN,NaN,NaN,NaN,NaN,NaN,NaN,NaN,NaN,NaN,NaN,NaN,NaN,NaN,345.546981785424,0.956293628256704,35.1714940275643,11.5750453242991,9.60252542113284,2.32533649197596,0.0122478515504022,0.00538265721295606,0,1.00256983949713,2547.13304006619,0,17343.4101123596,1,1,1,22,2018-10-31T14:27:42.275,20181031_ecoli_ARA_M4_2K,3000,-0,167.4,DIA_100X_EMPTY_1x1_200ms,,,
12,27,10.3447058237659,280,45.2738015393342,1821.65357142857,92.2785714285714,NaN,NaN,NaN,NaN,NaN,NaN,NaN,NaN,NaN,NaN,NaN,NaN,NaN,NaN,NaN,263.915408446464,0.984895444350185,27.1814533126464,11.3928821177837,9.4253373697767,2.61824522361745,0.00454593982233721,0.00249945944147117,0,1.0003130853381,1896.51535528803,0,18171.3357142857,1,1,1,22,2018-10-31T14:27:42.275,20181031_ecoli_ARA_M4_2K,3000,-0,167.4,DIA_100X_EMPTY_1x1_200ms,,,
13,42,10.6393980842234,447,48.921714912223,1937.42058165548,1088.45637583893,NaN,NaN,NaN,NaN,NaN,NaN,NaN,NaN,NaN,NaN,NaN,NaN,NaN,NaN,NaN,421.848153732369,0.926822473556952,42.0349696793662,11.6429626430182,9.80906183002629,2.17420270360954,0.0161695721281521,0.00516440657278318,3,1.00409060829125,3176.54903667871,0,17051.1364653244,1,1,1,22,2018-10-31T14:27:42.275,20181031_ecoli_ARA_M4_2K,3000,-0,167.4,DIA_100X_EMPTY_1x1_200ms,,,
1,32,10.2004058841855,327,46.9881308346753,162.373088685015,1703.59633027523,NaN,NaN,NaN,NaN,NaN,NaN,NaN,NaN,NaN,NaN,NaN,NaN,NaN,NaN,NaN,322.367132596948,0.948755110849953,32.8190311303982,11.467857720389,9.62364950092231,2.33814379118144,0.0178485651357547,0.00930377091101647,0,1.0065061839717,2387.23532297428,0,17904.119266055,1,1,1,39,2018-10-31T14:28:22.420,20181031_ecoli_ARA_M4_2K,-0,3464,167.4,DIA_100X_EMPTY_1x1_200ms,,,
2,34,11.0424285317668,377,47.0159364934468,679.787798408488,969.915119363395,NaN,NaN,NaN,NaN,NaN,NaN,NaN,NaN,NaN,NaN,NaN,NaN,NaN,NaN,NaN,346.35922995493,0.960315466777258,34.6433963362014,11.3437374097896,9.75591505661179,2.40285371664794,0.011823640331989,0.00577117037580835,0,1.00264261996735,2589.68156002513,0,18132.3554376658,1,1,1,39,2018-10-31T14:28:22.420,20181031_ecoli_ARA_M4_2K,-0,3464,167.4,DIA_100X_EMPTY_1x1_200ms,,,
3,28,10.9542449428779,307,47.306531951873,1063.2345276873,1350.20846905537,NaN,NaN,NaN,NaN,NaN,NaN,NaN,NaN,NaN,NaN,NaN,NaN,NaN,NaN,NaN,293.878046491307,0.980453784993781,28.0613096806702,12.0357605948839,10.158070244978,2.73391711423046,0.0120368909159738,0.00556119572442964,1,1.00149868594693,2274.15594144436,0,17468.2182410423,1,1,1,39,2018-10-31T14:28:22.420,20181031_ecoli_ARA_M4_2K,-0,3464,167.4,DIA_100X_EMPTY_1x1_200ms,,,
4,45,10.1561650025344,458,49.4572201708714,1280.36244541485,1245.94104803493,NaN,NaN,NaN,NaN,NaN,NaN,NaN,NaN,NaN,NaN,NaN,NaN,NaN,NaN,NaN,444.73280945774,0.935852092620537,45.9147458602466,10.9370027366895,9.46193794903478,2.08412737931366,0.0102135114308421,0.00374904685282779,2,1.00133643846246,3228.51090349809,0,18464.423580786,1,1,1,39,2018-10-31T14:28:22.420,20181031_ecoli_ARA_M4_2K,-0,3464,167.4,DIA_100X_EMPTY_1x1_200ms,,,
5,34,10.104051272169,344,49.3720792142116,1433.47965116279,453.796511627907,NaN,NaN,NaN,NaN,NaN,NaN,NaN,NaN,NaN,NaN,NaN,NaN,NaN,NaN,NaN,312.009261188908,0.97740804425702,32.8337011165528,11.0571674053379,9.30332605222502,2.30889667187038,0.00869118119283691,0.00418239868421304,1,1.00138196503071,2231.95896435592,0,18913.5436046512,1,1,1,39,2018-10-31T14:28:22.420,20181031_ecoli_ARA_M4_2K,-0,3464,167.4,DIA_100X_EMPTY_1x1_200ms,,,
6,49,10.6916399862936,524,49.3899162829218,1477.10877862595,837.303435114504,NaN,NaN,NaN,NaN,NaN,NaN,NaN,NaN,NaN,NaN,NaN,NaN,NaN,NaN,NaN,483.600821844342,0.91305636751668,49.1452889880224,11.2447472110576,9.67510250567754,1.95563084669319,0.010211957014066,0.00518126399491826,2,1.00476640516126,3613.12448235293,0,18211.7061068702,1,1,1,39,2018-10-31T14:28:22.420,20181031_ecoli_ARA_M4_2K,-0,3464,167.4,DIA_100X_EMPTY_1x1_200ms,,,
7,27,9.93145913674661,268,48.8000243949445,1612.60447761194,255.25,NaN,NaN,NaN,NaN,NaN,NaN,NaN,NaN,NaN,NaN,NaN,NaN,NaN,NaN,NaN,249.092791577217,0.99491945927723,25.7227887670979,11.561715382387,9.39815684857382,2.71090887429741,0.0056971707443211,0.00266410403656887,1,1.00016072045968,1784.40450230967,0,19284.7611940299,1,1,1,39,2018-10-31T14:28:22.420,20181031_ecoli_ARA_M4_2K,-0,3464,167.4,DIA_100X_EMPTY_1x1_200ms,,,
8,38,11.2890483629653,430,49.1554434071158,1622.86976744186,1045.16744186047,NaN,NaN,NaN,NaN,NaN,NaN,NaN,NaN,NaN,NaN,NaN,NaN,NaN,NaN,NaN,388.612264024152,0.953894721499721,38.7748577503589,11.4781083231768,9.831634336507,2.24640725057894,0.00243719046658474,0.00126800666570278,1,1.00009452887309,2943.68632222955,0,17926.8279069767,1,1,1,39,2018-10-31T14:28:22.420,20181031_ecoli_ARA_M4_2K,-0,3464,167.4,DIA_100X_EMPTY_1x1_200ms,,,
9,40,10.0163886524868,401,49.4713244495851,1638.05236907731,831.426433915212,NaN,NaN,NaN,NaN,NaN,NaN,NaN,NaN,NaN,NaN,NaN,NaN,NaN,NaN,NaN,379.400128775505,0.952974850059735,40.0612748241949,11.0388508297899,9.14307125525057,2.38290304805737,0.00521839820190056,0.00182789795756252,2,1.00010136411851,2630.2610596705,0,18514.463840399,1,1,1,39,2018-10-31T14:28:22.420,20181031_ecoli_ARA_M4_2K,-0,3464,167.4,DIA_100X_EMPTY_1x1_200ms,,,
10,35,10.9998344258112,385,49.500721290978,1733.63376623377,1250.21558441558,NaN,NaN,NaN,NaN,NaN,NaN,NaN,NaN,NaN,NaN,NaN,NaN,NaN,NaN,NaN,352.810839568629,0.962707462453813,34.5393520731187,11.7558094616557,9.9342493090605,2.53383423775128,0.00468467017574496,0.00204067795380781,1,1.0000916423294,2677.1590743112,0,17459.2233766234,1,1,1,39,2018-10-31T14:28:22.420,20181031_ecoli_ARA_M4_2K,-0,3464,167.4,DIA_100X_EMPTY_1x1_200ms,,,
11,33,10.8944067485498,362,43.9928449174297,1847.24309392265,466.361878453039,NaN,NaN,NaN,NaN,NaN,NaN,NaN,NaN,NaN,NaN,NaN,NaN,NaN,NaN,NaN,329.684998949742,0.967900710818264,34.012269609107,10.960625260356,9.41162492791682,2.42079885029151,0.00457104444303478,0.00228426898529906,0,1.00040362508499,2366.21780004532,0,18932.9668508287,1,1,1,39,2018-10-31T14:28:22.420,20181031_ecoli_ARA_M4_2K,-0,3464,167.4,DIA_100X_EMPTY_1x1_200ms,,,
12,22,10.1082238722342,222,34.6775801913384,1870.90990990991,317.725225225225,NaN,NaN,NaN,NaN,NaN,NaN,NaN,NaN,NaN,NaN,NaN,NaN,NaN,NaN,NaN,203.847850061669,0.999659778518412,20.5278952965536,11.8754533153336,9.46574225655174,3.25190826361778,0.000302156663982003,0.000145798254832513,1,1.00000024306022,1444.58684265029,0,18956.4594594595,1,1,1,39,2018-10-31T14:28:22.420,20181031_ecoli_ARA_M4_2K,-0,3464,167.4,DIA_100X_EMPTY_1x1_200ms,,,
13,27,10.4253335737133,283,45.2866387486954,1907.41696113074,309.077738515901,NaN,NaN,NaN,NaN,NaN,NaN,NaN,NaN,NaN,NaN,NaN,NaN,NaN,NaN,NaN,264.756109002887,0.995354958323329,27.0908036788163,11.1055423493734,9.45065855266755,2.72881913564542,0.00287134690226908,0.00129331511873334,1,1.00008681566692,1900.36015367971,0,18727.6395759717,1,1,1,39,2018-10-31T14:28:22.420,20181031_ecoli_ARA_M4_2K,-0,3464,167.4,DIA_100X_EMPTY_1x1_200ms,,,
14,32,10.0588025951889,322,47.6058207503115,2025.8198757764,1163.56832298137,NaN,NaN,NaN,NaN,NaN,NaN,NaN,NaN,NaN,NaN,NaN,NaN,NaN,NaN,NaN,308.498383064495,0.968855176035351,31.8648808039394,11.4924512638665,9.47369665542816,2.37028602893738,0.0052048309767047,0.00265487920736892,1,1.00050912022176,2246.16227539882,0,18354.6242236025,1,1,1,39,2018-10-31T14:28:22.420,20181031_ecoli_ARA_M4_2K,-0,3464,167.4,DIA_100X_EMPTY_1x1_200ms,,,
1,22,9.66728173120502,213,33.5462860819498,188.464788732394,169.046948356808,NaN,NaN,NaN,NaN,NaN,NaN,NaN,NaN,NaN,NaN,NaN,NaN,NaN,NaN,NaN,211.085579421441,0.999587032501664,21.3519386249211,12.008861365907,9.57265712187521,3.04480397995798,0.000839401297766189,0.000338114175289943,3,1.00000371269127,1536.71100212863,0,19656.2863849765,1,1,1,40,2018-10-31T14:28:24.751,20181031_ecoli_ARA_M4_2K,-1000,3464,167.4,DIA_100X_EMPTY_1x1_200ms,,,
2,32,9.30816841195541,298,48.8496749121516,636.651006711409,363.654362416107,NaN,NaN,NaN,NaN,NaN,NaN,NaN,NaN,NaN,NaN,NaN,NaN,NaN,NaN,NaN,299.798572965718,0.96811431212737,31.9969274082867,10.812522608479,8.93947403984478,2.66102389763931,0.0197445415870649,0.00312162378313872,1,1.00053518790778,2008.26996174157,0,20122.3590604027,1,1,1,40,2018-10-31T14:28:24.751,20181031_ecoli_ARA_M4_2K,-1000,3464,167.4,DIA_100X_EMPTY_1x1_200ms,,,
3,40,10.9988099968213,440,49.5269761268084,818.125,694.809090909091,NaN,NaN,NaN,NaN,NaN,NaN,NaN,NaN,NaN,NaN,NaN,NaN,NaN,NaN,NaN,400.30511684711,0.96755950685075,40.3845168733763,11.0607173949098,9.753219994527,2.15581911296985,0.0080896610483828,0.00447667948999953,1,1.00052732830214,3017.17717564317,0,18462.8045454545,1,1,1,40,2018-10-31T14:28:24.751,20181031_ecoli_ARA_M4_2K,-1000,3464,167.4,DIA_100X_EMPTY_1x1_200ms,,,
4,31,10.3747090206163,322,49.1386978147063,1031.83850931677,771.885093167702,NaN,NaN,NaN,NaN,NaN,NaN,NaN,NaN,NaN,NaN,NaN,NaN,NaN,NaN,NaN,294.1041254608,0.981846705347025,29.7354115445633,11.5180343988309,9.49491671028118,2.72613436540749,0.014828389293243,0.00298709768874379,1,1.00013416802211,2105.45592211288,0,18698.8198757764,1,1,1,40,2018-10-31T14:28:24.751,20181031_ecoli_ARA_M4_2K,-1000,3464,167.4,DIA_100X_EMPTY_1x1_200ms,,,
5,26,10.4634759054949,281,41.626402411583,1132.50177935943,828.661921708185,NaN,NaN,NaN,NaN,NaN,NaN,NaN,NaN,NaN,NaN,NaN,NaN,NaN,NaN,NaN,261.839386356218,0.988755396780188,26.5341841989023,11.2516260943199,9.54381805319224,2.71258407537034,0.00430586652556344,0.00202409686300409,1,1.00010797132657,1898.19105898374,0,18299.6298932384,1,1,1,40,2018-10-31T14:28:24.751,20181031_ecoli_ARA_M4_2K,-1000,3464,167.4,DIA_100X_EMPTY_1x1_200ms,,,
6,32,10.3148650075258,331,47.9413711366046,1648.84290030211,1329.25075528701,NaN,NaN,NaN,NaN,NaN,NaN,NaN,NaN,NaN,NaN,NaN,NaN,NaN,NaN,NaN,319.094782954186,0.961589428021537,32.5639465111655,11.3007766629852,9.52937629352836,2.45028792932613,0.00172876229935952,0.000660631942257338,1,1.00000863784533,2322.50077326855,0,18050.5105740181,1,1,1,40,2018-10-31T14:28:24.751,20181031_ecoli_ARA_M4_2K,-1000,3464,167.4,DIA_100X_EMPTY_1x1_200ms,,,
7,29,10.5207524755453,305,47.6184547794523,1668.20655737705,547.488524590164,NaN,NaN,NaN,NaN,NaN,NaN,NaN,NaN,NaN,NaN,NaN,NaN,NaN,NaN,NaN,277.672931639518,0.988139798821343,27.6941770496059,11.3079405914323,9.74368340188614,2.62877323091452,0.00635109328492811,0.00264197862165052,1,1.00030938321117,2065.02195788252,0,18932.3672131148,1,1,1,40,2018-10-31T14:28:24.751,20181031_ecoli_ARA_M4_2K,-1000,3464,167.4,DIA_100X_EMPTY_1x1_200ms,,,
8,37,10.6878431188096,396,49.1362005213433,1776.97474747475,1639.4696969697,NaN,NaN,NaN,NaN,NaN,NaN,NaN,NaN,NaN,NaN,NaN,NaN,NaN,NaN,NaN,372.342897885513,0.957929107998077,37.4306003196459,11.5685061321568,9.78355663259124,2.23864759949194,0.00402495524123336,0.00220548294213383,0,1.0003592864132,2813.90998413382,0,17786.8106060606,1,1,1,40,2018-10-31T14:28:24.751,20181031_ecoli_ARA_M4_2K,-1000,3464,167.4,DIA_100X_EMPTY_1x1_200ms,,,
1,28,7.61363679098216,214,41.3176721773187,676.042056074766,1914.56542056075,NaN,NaN,NaN,NaN,NaN,NaN,NaN,NaN,NaN,NaN,NaN,NaN,NaN,NaN,NaN,253.976834902625,0.949393391842958,28.4060674793971,10.4714770435332,8.59917077282745,2.44566639739282,0.054513432845081,0.00417402244589774,0,1.00053790761257,1649.73482921292,0,20272.8691588785,1,1,1,42,2018-10-31T14:28:29.462,20181031_ecoli_ARA_M4_2K,-2500,2598,167.4,DIA_100X_EMPTY_1x1_200ms,,,
2,41,11.0974362435996,456,49.1618695500304,1062.26315789474,1436.30263157895,NaN,NaN,NaN,NaN,NaN,NaN,NaN,NaN,NaN,NaN,NaN,NaN,NaN,NaN,NaN,419.008415192019,0.950743315737913,41.7022006738955,11.4837775468582,9.74654787887635,2.38821505580506,0.00810907144176548,0.00325420308796792,1,1.00028080737118,3111.36166362482,0,17679.8815789474,1,1,1,42,2018-10-31T14:28:29.462,20181031_ecoli_ARA_M4_2K,-2500,2598,167.4,DIA_100X_EMPTY_1x1_200ms,,,
3,41,10.9359980601488,450,49.3515270998941,1602.56222222222,1225.55555555556,NaN,NaN,NaN,NaN,NaN,NaN,NaN,NaN,NaN,NaN,NaN,NaN,NaN,NaN,NaN,407.773448182838,0.957933262902672,41.4303745180797,11.3209700799185,9.69440464103803,2.07441869455585,0.00617044635877453,0.00269719290278318,0,1.00071150503627,3058.09538036551,0,18237.1466666667,1,1,1,42,2018-10-31T14:28:29.462,20181031_ecoli_ARA_M4_2K,-2500,2598,167.4,DIA_100X_EMPTY_1x1_200ms,,,
4,29,17.0349521822126,494,-49.50672290924,1725.62348178138,121.566801619433,NaN,NaN,NaN,NaN,NaN,NaN,NaN,NaN,NaN,NaN,NaN,NaN,NaN,NaN,NaN,397.130319789089,0.910383051924494,27.5346681159682,18.1233693227122,13.4865182987295,4.27135885441436,0.128564531549871,0.0410708698751451,2,1.09215782747673,3933.41182878686,0,18661.1356275304,1,1,1,42,2018-10-31T14:28:29.462,20181031_ecoli_ARA_M4_2K,-2500,2598,167.4,DIA_100X_EMPTY_1x1_200ms,,,
5,28,10.3156707766429,289,47.848731264947,1729.38408304498,36.9896193771626,NaN,NaN,NaN,NaN,NaN,NaN,NaN,NaN,NaN,NaN,NaN,NaN,NaN,NaN,NaN,261.651315437497,0.992076293809544,27.2205447268945,11.1218183338288,9.34759104188439,2.57304031403167,0.0104497992690869,0.00620593990272429,0,1.00187297299207,1868.03969546813,0,19393.8719723183,1,1,1,42,2018-10-31T14:28:29.462,20181031_ecoli_ARA_M4_2K,-2500,2598,167.4,DIA_100X_EMPTY_1x1_200ms,,,
6,46,10.1521110321605,471,49.4055133431914,1831.15286624204,95.176220806794,NaN,NaN,NaN,NaN,NaN,NaN,NaN,NaN,NaN,NaN,NaN,NaN,NaN,NaN,NaN,439.565853739499,0.934594001543687,46.762889613785,10.8254701084752,9.25060251496559,1.95557789343495,0.0114020185461905,0.00408587997383246,2,1.00300158844221,3142.90505656042,0,19629.6815286624,1,1,1,42,2018-10-31T14:28:29.462,20181031_ecoli_ARA_M4_2K,-2500,2598,167.4,DIA_100X_EMPTY_1x1_200ms,,,
1,18,11.8204662399663,213,-47.8045421053521,319.525821596244,315.676056338028,NaN,NaN,NaN,NaN,NaN,NaN,NaN,NaN,NaN,NaN,NaN,NaN,NaN,NaN,NaN,190.858416124685,0.999865270508769,17.9970237722345,13.2965079570462,10.0341206597993,3.77007404033242,0.00503435202981921,0.00267455306293462,0,1.00016199162945,1423.14519189371,0,18395.8544600939,1,1,1,44,2018-10-31T14:28:34.251,20181031_ecoli_ARA_M4_2K,-3500,866,167.4,DIA_100X_EMPTY_1x1_200ms,,,
2,33,10.4840737774485,358,45.1890982516074,404.692737430168,996.972067039106,NaN,NaN,NaN,NaN,NaN,NaN,NaN,NaN,NaN,NaN,NaN,NaN,NaN,NaN,NaN,337.920361735097,0.972176079253775,34.066253199932,11.3777591140923,9.65081504158713,2.46758456205313,0.00602666331347257,0.00251879863191585,1,1.00054625075523,2491.96670951102,0,17809.7625698324,1,1,1,44,2018-10-31T14:28:34.251,20181031_ecoli_ARA_M4_2K,-3500,866,167.4,DIA_100X_EMPTY_1x1_200ms,,,
3,24,10.5395749580189,254,41.5018794796739,422.88188976378,1164.99606299213,NaN,NaN,NaN,NaN,NaN,NaN,NaN,NaN,NaN,NaN,NaN,NaN,NaN,NaN,NaN,245.79132835854,0.998675640001178,24.7139825449067,11.5651273556774,9.63794442395218,2.86554334371347,0.00114342521444685,0.000595877386386793,1,1.00001339373929,1803.02377024934,0,17068.2244094488,1,1,1,44,2018-10-31T14:28:34.251,20181031_ecoli_ARA_M4_2K,-3500,866,167.4,DIA_100X_EMPTY_1x1_200ms,,,
4,38,10.0801953020772,384,48.3600405939756,595.09375,30.28125,NaN,NaN,NaN,NaN,NaN,NaN,NaN,NaN,NaN,NaN,NaN,NaN,NaN,NaN,NaN,361.611137738915,0.946907782740108,38.4473025785133,10.9562159468163,9.15108061077713,2.26129062285452,0.0113957283366888,0.00423412797114528,1,1.00173934541092,2528.71869284984,0,19619.3958333333,1,1,1,44,2018-10-31T14:28:34.251,20181031_ecoli_ARA_M4_2K,-3500,866,167.4,DIA_100X_EMPTY_1x1_200ms,,,
5,37,9.82778289102191,364,49.2672834363341,1197.01648351648,862.667582417582,NaN,NaN,NaN,NaN,NaN,NaN,NaN,NaN,NaN,NaN,NaN,NaN,NaN,NaN,NaN,347.570142818105,0.95048839862737,36.6340009950253,11.0884877682022,9.15486315022522,2.38870316563035,0.0303067337466758,0.0060980570390897,2,1.00245347097772,2411.44825740208,0,18327.2032967033,1,1,1,44,2018-10-31T14:28:34.251,20181031_ecoli_ARA_M4_2K,-3500,866,167.4,DIA_100X_EMPTY_1x1_200ms,,,
6,26,11.5716264700395,301,34.5300765955155,1586.51162790698,441.913621262458,NaN,NaN,NaN,NaN,NaN,NaN,NaN,NaN,NaN,NaN,NaN,NaN,NaN,NaN,NaN,261.843216090928,0.998303844601468,25.5798617109732,11.7530187335288,9.87529372464329,2.99556614339657,0.00317107326524853,0.00148621756182555,0,1.00010301664596,1959.24215913438,0,17324.2491694352,1,1,1,44,2018-10-31T14:28:34.251,20181031_ecoli_ARA_M4_2K,-3500,866,167.4,DIA_100X_EMPTY_1x1_200ms,,,
7,38,11.1740473761985,425,48.3899654178099,1666.56705882353,1186.71529411765,NaN,NaN,NaN,NaN,NaN,NaN,NaN,NaN,NaN,NaN,NaN,NaN,NaN,NaN,NaN,391.174629125847,0.958320520665791,38.8182155767786,11.5906119446455,9.90013937223237,2.23478404558026,0.0059034390235277,0.00296052924868169,2,1.00057487103954,2988.18902284129,0,16891.88,1,1,1,44,2018-10-31T14:28:34.251,20181031_ecoli_ARA_M4_2K,-3500,866,167.4,DIA_100X_EMPTY_1x1_200ms,,,
8,33,10.2561614635137,339,48.5003803482292,1765.06784660767,410.530973451327,NaN,NaN,NaN,NaN,NaN,NaN,NaN,NaN,NaN,NaN,NaN,NaN,NaN,NaN,NaN,316.555452618837,0.959524174860522,32.5781869214091,11.3541182843134,9.45961963991809,2.34919073353547,0.010777223598789,0.00542848348897189,1,1.00219873291334,2289.62385230961,0,18496.3274336283,1,1,1,44,2018-10-31T14:28:34.251,20181031_ecoli_ARA_M4_2K,-3500,866,167.4,DIA_100X_EMPTY_1x1_200ms,,,
1,33,11.2642411575093,372,17.6795574439406,275.454301075269,90.3172043010753,NaN,NaN,NaN,NaN,NaN,NaN,NaN,NaN,NaN,NaN,NaN,NaN,NaN,NaN,NaN,340.155486330861,0.904587198243039,33.3679932527489,13.2347942263801,9.80272120757249,2.7038227582225,0.0582963770276665,0.0201648418857557,1,1.02862295513231,2518.33367614572,0,17798.747311828,1,1,1,46,2018-10-31T14:28:38.902,20181031_ecoli_ARA_M4_2K,-3500,-866,167.4,DIA_100X_EMPTY_1x1_200ms,,,
2,69,12.3533314184249,852,-49.9998295188786,700.746478873239,1181.12089201878,NaN,NaN,NaN,NaN,NaN,NaN,NaN,NaN,NaN,NaN,NaN,NaN,NaN,NaN,NaN,NaN,NaN,NaN,NaN,NaN,NaN,NaN,NaN,NaN,NaN,NaN,0,17945.3169014085,1,1,1,46,2018-10-31T14:28:38.902,20181031_ecoli_ARA_M4_2K,-3500,-866,167.4,DIA_100X_EMPTY_1x1_200ms,,,
3,28,10.5615066883218,296,48.1860420661592,753.540540540541,1110.375,NaN,NaN,NaN,NaN,NaN,NaN,NaN,NaN,NaN,NaN,NaN,NaN,NaN,NaN,NaN,281.142310585154,0.987368310600758,27.7755738767578,11.5260778894109,9.86578054577757,2.6730105021624,0.00988830104509112,0.00456796735328254,1,1.00101487078273,2123.32182475247,0,16614.2027027027,1,1,1,46,2018-10-31T14:28:38.902,20181031_ecoli_ARA_M4_2K,-3500,-866,167.4,DIA_100X_EMPTY_1x1_200ms,,,
4,26,9.01589018218786,235,40.2260249802918,1074.45957446809,1751.40425531915,NaN,NaN,NaN,NaN,NaN,NaN,NaN,NaN,NaN,NaN,NaN,NaN,NaN,NaN,NaN,257.6192675169,0.96840138246153,27.4386489915138,10.9927425839487,9.04843845484315,2.55412349440563,0.0155450901728039,0.00841506185805282,0,1.00374988478516,1764.41149675638,0,17571.8127659574,1,1,1,46,2018-10-31T14:28:38.902,20181031_ecoli_ARA_M4_2K,-3500,-866,167.4,DIA_100X_EMPTY_1x1_200ms,,,
5,27,10.4783765034369,283,46.5203188250138,1550.86572438163,1803.3038869258,NaN,NaN,NaN,NaN,NaN,NaN,NaN,NaN,NaN,NaN,NaN,NaN,NaN,NaN,NaN,275.33013194883,0.984823503892659,27.2833456635272,11.7186547766067,9.82324737181794,2.64827313332856,0.00517028827096213,0.00312237387049722,0,1.0004719659597,2067.7482792771,0,16414.3639575972,1,1,1,46,2018-10-31T14:28:38.902,20181031_ecoli_ARA_M4_2K,-3500,-866,167.4,DIA_100X_EMPTY_1x1_200ms,,,
6,25,9.50864786527804,239,42.2897306647296,1742.66945606695,1568.59414225941,NaN,NaN,NaN,NaN,NaN,NaN,NaN,NaN,NaN,NaN,NaN,NaN,NaN,NaN,NaN,249.903501594322,0.985028719336585,26.3575884423444,10.909689346052,9.24153956903879,2.49605140571967,0.00143348273428661,0.000813968088850722,1,1.00001249734923,1768.00792964915,0,17231.6610878661,1,1,1,46,2018-10-31T14:28:38.902,20181031_ecoli_ARA_M4_2K,-3500,-866,167.4,DIA_100X_EMPTY_1x1_200ms,,,
7,40,10.3508156644317,414,49.4887574929525,1998.76086956522,1343.03623188406,NaN,NaN,NaN,NaN,NaN,NaN,NaN,NaN,NaN,NaN,NaN,NaN,NaN,NaN,NaN,387.356750523978,0.946575214283064,39.0006666409435,11.3337169465161,9.68005438573208,2.30056653315128,0.0120400852739551,0.00563940754562182,1,1.00359894074562,2870.23533410353,0,16942.8647342995,1,1,1,46,2018-10-31T14:28:38.902,20181031_ecoli_ARA_M4_2K,-3500,-866,167.4,DIA_100X_EMPTY_1x1_200ms,,,
1,29,9.59574020350614,279,47.3768641352102,640.824372759857,723.806451612903,NaN,NaN,NaN,NaN,NaN,NaN,NaN,NaN,NaN,NaN,NaN,NaN,NaN,NaN,NaN,288.63870150297,0.981958086705671,30.040967493167,11.2504166509468,9.30254751754774,2.58647056712852,0.00250388404658462,0.000978059249583575,1,1.00006293591673,2041.77363182214,0,17940.247311828,1,1,1,51,2018-10-31T14:28:50.791,20181031_ecoli_ARA_M4_2K,-0,-3464,167.4,DIA_100X_EMPTY_1x1_200ms,,,
2,36,10.2763557070172,370,49.0957740864283,649.105405405405,1826.71621621622,NaN,NaN,NaN,NaN,NaN,NaN,NaN,NaN,NaN,NaN,NaN,NaN,NaN,NaN,NaN,364.468290817537,0.916906299837594,36.9213918355927,11.7565052568784,9.60753731267489,2.38582565097674,0.0236648486574591,0.0107875514509288,1,1.01223857328004,2676.65319871505,0,17280.1486486487,1,1,1,51,2018-10-31T14:28:50.791,20181031_ecoli_ARA_M4_2K,-0,-3464,167.4,DIA_100X_EMPTY_1x1_200ms,,,
3,34,11.1178678776045,379,49.0373758201302,997.372031662269,1910.04221635884,NaN,NaN,NaN,NaN,NaN,NaN,NaN,NaN,NaN,NaN,NaN,NaN,NaN,NaN,NaN,362.445078624077,0.961894883205514,34.6497599061812,11.7592611992324,10.2171309823681,2.47268794922766,0.0181210223511832,0.0080934008986402,1,1.00585215240383,2840.84823360273,0,16640.1530343008,1,1,1,51,2018-10-31T14:28:50.791,20181031_ecoli_ARA_M4_2K,-0,-3464,167.4,DIA_100X_EMPTY_1x1_200ms,,,
4,34,10.0294479110677,341,48.9623214368452,1583.94428152493,927.75366568915,NaN,NaN,NaN,NaN,NaN,NaN,NaN,NaN,NaN,NaN,NaN,NaN,NaN,NaN,NaN,330.360687909993,0.954256251296194,33.8855133794069,11.2271176748084,9.56294950079629,2.27459837039541,0.00690404685139273,0.00318057340551544,1,1.00038722652883,2433.81563057929,0,17399.6275659824,1,1,1,51,2018-10-31T14:28:50.791,20181031_ecoli_ARA_M4_2K,-0,-3464,167.4,DIA_100X_EMPTY_1x1_200ms,,,
5,30,9.8173079124299,295,47.9486287006785,1614.77288135593,1359.18644067797,NaN,NaN,NaN,NaN,NaN,NaN,NaN,NaN,NaN,NaN,NaN,NaN,NaN,NaN,NaN,306.435247330068,0.964619014216129,31.376773979069,11.3454262368245,9.56451879720004,2.35432594678871,0.00999720194183192,0.00523647298640897,0,1.00167039968546,2254.36597333494,0,17446.8881355932,1,1,1,51,2018-10-31T14:28:50.791,20181031_ecoli_ARA_M4_2K,-0,-3464,167.4,DIA_100X_EMPTY_1x1_200ms,,,
6,26,9.91598907962361,258,46.6732723998614,1712.01162790698,1062.75968992248,NaN,NaN,NaN,NaN,NaN,NaN,NaN,NaN,NaN,NaN,NaN,NaN,NaN,NaN,NaN,258.132107096341,0.992908407802645,25.6475076103148,11.5897628360299,9.7399028424326,2.78018381458839,0.00124816883779639,0.000753141029164351,1,1.00000712668137,1910.92788631005,0,16683.7635658915,1,1,1,51,2018-10-31T14:28:50.791,20181031_ecoli_ARA_M4_2K,-0,-3464,167.4,DIA_100X_EMPTY_1x1_200ms,,,
7,37,10.3225345194599,383,49.4237972598878,1806.24804177546,426.895561357702,NaN,NaN,NaN,NaN,NaN,NaN,NaN,NaN,NaN,NaN,NaN,NaN,NaN,NaN,NaN,362.997409124786,0.961399009625638,36.8365762811006,11.1146473850727,9.67332264551866,2.17187820474075,0.00582488677150411,0.00282075046620479,2,1.00014148075802,2707.20090796542,0,17500.7023498695,1,1,1,51,2018-10-31T14:28:50.791,20181031_ecoli_ARA_M4_2K,-0,-3464,167.4,DIA_100X_EMPTY_1x1_200ms,,,
1,42,10.0028506578445,420,49.5419377493319,432.2,274.457142857143,NaN,NaN,NaN,NaN,NaN,NaN,NaN,NaN,NaN,NaN,NaN,NaN,NaN,NaN,NaN,398.577503945415,0.962789929370363,41.8117200713099,10.6375802184305,9.27011843442149,2.2208113656711,0.00705126381825247,0.00196359408432484,3,1.00018626770757,2822.00956155885,0,18199.6547619048,1,1,1,52,2018-10-31T14:28:53.169,20181031_ecoli_ARA_M4_2K,1000,-3464,167.4,DIA_100X_EMPTY_1x1_200ms,,,
2,27,10.2251170391349,276,49.0005791016931,1050.0652173913,594.06884057971,NaN,NaN,NaN,NaN,NaN,NaN,NaN,NaN,NaN,NaN,NaN,NaN,NaN,NaN,NaN,261.130114082513,0.989215618434825,26.1221749656927,11.5518004989399,9.69702381300468,2.7273250765843,0.0128352540992384,0.00674113051611043,1,1.00213531364066,1929.19505304327,0,17853.4855072464,1,1,1,52,2018-10-31T14:28:53.169,20181031_ecoli_ARA_M4_2K,1000,-3464,167.4,DIA_100X_EMPTY_1x1_200ms,,,
3,32,11.3598036767353,365,46.5272753096969,1143.15068493151,630.323287671233,NaN,NaN,NaN,NaN,NaN,NaN,NaN,NaN,NaN,NaN,NaN,NaN,NaN,NaN,NaN,340.153758645109,0.968586706090985,33.2258567761785,12.2370259938756,9.85827316157515,2.75790183246132,0.00816088025135362,0.00230676567292051,0,1.00032923369595,2536.10812618618,0,17238.704109589,1,1,1,52,2018-10-31T14:28:53.169,20181031_ecoli_ARA_M4_2K,1000,-3464,167.4,DIA_100X_EMPTY_1x1_200ms,,,
4,36,10.553670288161,381,49.1564743799904,1184.06036745407,370.981627296588,NaN,NaN,NaN,NaN,NaN,NaN,NaN,NaN,NaN,NaN,NaN,NaN,NaN,NaN,NaN,355.43484442804,0.965891358288799,36.4101367663776,10.9752889152176,9.46975245632919,2.40327798671968,0.139690940120191,0.00553145248613957,1,1.00039171272059,2564.42170836657,0,17982.9238845144,1,1,1,52,2018-10-31T14:28:53.169,20181031_ecoli_ARA_M4_2K,1000,-3464,167.4,DIA_100X_EMPTY_1x1_200ms,,,
5,32,10.6269038220386,340,48.4156610703196,1400.37941176471,512.211764705882,NaN,NaN,NaN,NaN,NaN,NaN,NaN,NaN,NaN,NaN,NaN,NaN,NaN,NaN,NaN,315.089301551949,0.977423982481324,31.7409364966895,11.4861608571285,9.69725792989065,2.45467586858789,0.00766401690518921,0.00261542130166712,1,1.00029289810704,2344.26936394954,0,17594.9529411765,1,1,1,52,2018-10-31T14:28:53.169,20181031_ecoli_ARA_M4_2K,1000,-3464,167.4,DIA_100X_EMPTY_1x1_200ms,,,
6,33,10.3097707708834,341,47.9215592389945,1512.43988269795,173.463343108504,NaN,NaN,NaN,NaN,NaN,NaN,NaN,NaN,NaN,NaN,NaN,NaN,NaN,NaN,NaN,318.976244131371,0.958835317740499,32.9239984004605,11.0613835859835,9.37838917217666,2.47090239330581,0.0141803440970524,0.00540576821249821,1,1.00181468126741,2274.35866854987,0,18127.3870967742,1,1,1,52,2018-10-31T14:28:53.169,20181031_ecoli_ARA_M4_2K,1000,-3464,167.4,DIA_100X_EMPTY_1x1_200ms,,,
7,38,10.128187782366,385,49.5154824144586,1630.63376623377,1493.91688311688,NaN,NaN,NaN,NaN,NaN,NaN,NaN,NaN,NaN,NaN,NaN,NaN,NaN,NaN,NaN,375.868806992955,0.955996755066708,38.2307484097113,11.6094714438747,9.63251954609916,2.19829030500725,0.00274081774137645,0.000842388260728184,4,1.00007426438173,2786.00876980264,0,18191.2727272727,1,1,1,52,2018-10-31T14:28:53.169,20181031_ecoli_ARA_M4_2K,1000,-3464,167.4,DIA_100X_EMPTY_1x1_200ms,,,
1,25,11.0149252127455,275,45.6879930713124,315.687272727273,794.981818181818,NaN,NaN,NaN,NaN,NaN,NaN,NaN,NaN,NaN,NaN,NaN,NaN,NaN,NaN,NaN,248.844131567204,0.999761920432877,23.9751415195712,12.0900399597635,9.93589330923614,3.18720774244674,0.00326364696581277,0.00133718653379991,1,1.00003548413265,1858.93797592366,0,17384.4218181818,1,1,1,53,2018-10-31T14:28:55.493,20181031_ecoli_ARA_M4_2K,2000,-3464,167.4,DIA_100X_EMPTY_1x1_200ms,,,
2,25,10.1574580695886,256,42.7931222916634,643.453125,1216.2890625,NaN,NaN,NaN,NaN,NaN,NaN,NaN,NaN,NaN,NaN,NaN,NaN,NaN,NaN,NaN,256.591907658455,0.984327841180637,26.0196232050932,11.6158654954049,9.49208905999335,2.77430338880939,0.0056100213106239,0.00230591486203484,1,1.00021327576345,1841.25734898329,0,18157.4453125,1,1,1,53,2018-10-31T14:28:55.493,20181031_ecoli_ARA_M4_2K,2000,-3464,167.4,DIA_100X_EMPTY_1x1_200ms,,,
3,31,10.7327534299404,333,48.8087365283422,716.582582582583,566.162162162162,NaN,NaN,NaN,NaN,NaN,NaN,NaN,NaN,NaN,NaN,NaN,NaN,NaN,NaN,NaN,313.495106265036,0.969175528801092,30.9843494364584,11.703466782305,9.80095843547588,2.62938522210732,0.0113249159585934,0.00572392210607105,1,1.00225437996879,2337.59547607578,0,17574.6696696697,1,1,1,53,2018-10-31T14:28:55.493,20181031_ecoli_ARA_M4_2K,2000,-3464,167.4,DIA_100X_EMPTY_1x1_200ms,,,
4,56,10.4812279868605,588,47.9361064582227,734.994897959184,1420.57993197279,NaN,NaN,NaN,NaN,NaN,NaN,NaN,NaN,NaN,NaN,NaN,NaN,NaN,NaN,NaN,559.880899426837,0.868071317805193,56.2528999405995,11.5110986235166,9.81881299678195,1.81232058443382,0.0204699426353729,0.00623858787345508,2,1.00802781546189,4259.44264809041,0,17837.3316326531,1,1,1,53,2018-10-31T14:28:55.493,20181031_ecoli_ARA_M4_2K,2000,-3464,167.4,DIA_100X_EMPTY_1x1_200ms,,,
5,25,10.5662305916084,265,44.4501292817509,958.890566037736,329.539622641509,NaN,NaN,NaN,NaN,NaN,NaN,NaN,NaN,NaN,NaN,NaN,NaN,NaN,NaN,NaN,254.095771449581,0.99784687930336,24.9472971171539,12.1044226882426,9.75250462852439,3.09775019456665,0.0393039152819187,0.00176294265491121,1,1.00003117049958,1863.57000211992,0,17418.5886792453,1,1,1,53,2018-10-31T14:28:55.493,20181031_ecoli_ARA_M4_2K,2000,-3464,167.4,DIA_100X_EMPTY_1x1_200ms,,,
6,26,9.49404954598703,247,47.7807206700452,1403.78137651822,122.477732793522,NaN,NaN,NaN,NaN,NaN,NaN,NaN,NaN,NaN,NaN,NaN,NaN,NaN,NaN,NaN,248.8290847824,0.989380437982687,26.3064924098702,11.1197443090297,9.20945563558799,2.55407746993856,0.00918345411753713,0.00476186693029892,0,1.00110194907143,1752.34957128279,0,18947.3643724696,1,1,1,53,2018-10-31T14:28:55.493,20181031_ecoli_ARA_M4_2K,2000,-3464,167.4,DIA_100X_EMPTY_1x1_200ms,,,
7,36,11.7411995538513,424,45.8774424717198,1434.75471698113,1805.45754716981,NaN,NaN,NaN,NaN,NaN,NaN,NaN,NaN,NaN,NaN,NaN,NaN,NaN,NaN,NaN,363.675571257483,0.959560054768607,36.3954682582709,11.4425197284376,9.69180170380954,2.52375475151324,0.0123777560769486,0.00526496806200506,1,1.00105240807649,2685.01200790778,0,18719.3655660377,1,1,1,53,2018-10-31T14:28:55.493,20181031_ecoli_ARA_M4_2K,2000,-3464,167.4,DIA_100X_EMPTY_1x1_200ms,,,
1,40,9.51831534840805,381,49.4743333589748,112.695538057743,1441.48293963255,NaN,NaN,NaN,NaN,NaN,NaN,NaN,NaN,NaN,NaN,NaN,NaN,NaN,NaN,NaN,381.665625249264,0.955380834214871,40.3811121659891,10.747333714437,9.29907874311254,1.9847038950158,0.00888411966536188,0.00411432506850412,2,1.00044486722286,2742.50866172194,0,17978.3175853018,1,1,1,55,2018-10-31T14:29:00.135,20181031_ecoli_ARA_M4_2K,3000,-1732,167.4,DIA_100X_EMPTY_1x1_200ms,,,
2,30,9.86268414796585,296,49.252095735424,281.918918918919,719.459459459459,NaN,NaN,NaN,NaN,NaN,NaN,NaN,NaN,NaN,NaN,NaN,NaN,NaN,NaN,NaN,281.438460677218,0.982102916003408,28.863763022282,11.1410967672228,9.52325273584065,2.46569730637913,0.00283071805347925,0.0013396488736419,1,1.00003629991531,2055.9542763236,0,17505.7567567568,1,1,1,55,2018-10-31T14:29:00.135,20181031_ecoli_ARA_M4_2K,3000,-1732,167.4,DIA_100X_EMPTY_1x1_200ms,,,
3,49,11.2207173272937,550,49.4256370751105,839.190909090909,1258.33272727273,NaN,NaN,NaN,NaN,NaN,NaN,NaN,NaN,NaN,NaN,NaN,NaN,NaN,NaN,NaN,506.271420235663,0.924769906669808,49.15509014329,11.8153159999826,10.1231744239036,2.07771391044294,0.0130321132975306,0.00398727970223257,2,1.00271990044521,3956.32370309236,0,16887.4927272727,1,1,1,55,2018-10-31T14:29:00.135,20181031_ecoli_ARA_M4_2K,3000,-1732,167.4,DIA_100X_EMPTY_1x1_200ms,,,
4,35,9.90443946611867,347,49.359663463197,867.50144092219,1817.63688760807,NaN,NaN,NaN,NaN,NaN,NaN,NaN,NaN,NaN,NaN,NaN,NaN,NaN,NaN,NaN,340.36162337304,0.950750930034996,34.8111204859564,11.5295497215573,9.46536732537761,2.44398827481038,0.00923453596299261,0.00463587543506507,2,1.00066320274845,2449.53037157178,0,17120.1613832853,1,1,1,55,2018-10-31T14:29:00.135,20181031_ecoli_ARA_M4_2K,3000,-1732,167.4,DIA_100X_EMPTY_1x1_200ms,,,
5,40,11.395310433485,456,49.3133611577601,910.537280701754,337.111842105263,NaN,NaN,NaN,NaN,NaN,NaN,NaN,NaN,NaN,NaN,NaN,NaN,NaN,NaN,NaN,406.64806919517,0.940935147995744,39.7101562257491,11.8647648252396,10.0407052577263,2.23446124444985,0.012931363746065,0.00719088499566228,0,1.00514357131527,3144.27059579818,0,17036.524122807,1,1,1,55,2018-10-31T14:29:00.135,20181031_ecoli_ARA_M4_2K,3000,-1732,167.4,DIA_100X_EMPTY_1x1_200ms,,,
6,36,10.624684413183,384,49.055570043442,1216.14322916667,377.932291666667,NaN,NaN,NaN,NaN,NaN,NaN,NaN,NaN,NaN,NaN,NaN,NaN,NaN,NaN,NaN,357.974713160695,0.967134348298038,36.4900379187277,11.0490151870746,9.53280206702806,2.39055868122683,0.00455773284628395,0.00184319580536556,2,1.00011559367918,2604.38597198069,0,18029.4244791667,1,1,1,55,2018-10-31T14:29:00.135,20181031_ecoli_ARA_M4_2K,3000,-1732,167.4,DIA_100X_EMPTY_1x1_200ms,,,
7,27,9.63445935502464,260,45.435152592715,1446.75769230769,132.265384615385,NaN,NaN,NaN,NaN,NaN,NaN,NaN,NaN,NaN,NaN,NaN,NaN,NaN,NaN,NaN,247.766924033524,0.995583220233286,26.1228301872977,10.9446306367445,9.17894225432549,2.63792409170319,0.00536158468275162,0.00252949488085144,1,1.00012729654275,1728.60348403445,0,18236.3384615385,1,1,1,55,2018-10-31T14:29:00.135,20181031_ecoli_ARA_M4_2K,3000,-1732,167.4,DIA_100X_EMPTY_1x1_200ms,,,
8,30,10.2850516662104,309,48.8407062892067,1853.43365695793,293.245954692557,NaN,NaN,NaN,NaN,NaN,NaN,NaN,NaN,NaN,NaN,NaN,NaN,NaN,NaN,NaN,286.626185503292,0.975967406501127,29.2182727340161,11.3045450307738,9.55759049032017,2.48264255062177,0.00560316316907361,0.00289824073018374,1,1.0002192601441,2096.24122255675,0,17458.5113268608,1,1,1,55,2018-10-31T14:29:00.135,20181031_ecoli_ARA_M4_2K,3000,-1732,167.4,DIA_100X_EMPTY_1x1_200ms,,,
9,28,10.2424010834446,287,45.581980576582,1863.92334494774,1378.75609756098,NaN,NaN,NaN,NaN,NaN,NaN,NaN,NaN,NaN,NaN,NaN,NaN,NaN,NaN,NaN,283.591420538047,0.970720680662033,28.3386007281662,11.6638709719485,9.77225606934882,2.55941187218812,0.00978951206521238,0.00431544397420848,1,1.00106300494882,2125.48459107685,0,17360.2996515679,1,1,1,55,2018-10-31T14:29:00.135,20181031_ecoli_ARA_M4_2K,3000,-1732,167.4,DIA_100X_EMPTY_1x1_200ms,,,
