CellID,LongAxis,ShortAxis,Area,RegionScore,XPosition,YPosition,Fluor1Sum,Fluor1Mean,Fluor1Background,Fluor1BgStd,Fluor1FociNumber,Fluor2Sum,Fluor2Mean,Fluor2Background,Fluor2BgStd,Fluor2FociNumber,Fluor3Sum,Fluor3Mean,Fluor3Background,Fluor3BgStd,Fluor3FociNumber,MeshArea,MeshSolidity,MeshAxisLength,MeshRibsLengthMax,MeshRibsLengthMean,MeshRibsLengthStd,MeshCurvatureMax,MeshCurvatureMean,MeshCurvatureInflection,MeshSinuosity,MeshVolume,NumOfNeighbors,RegionGrayVal,TimeFrames,AgeFrames,RelativeAge,xyFolder,DateTime,Folder,StageXposition,StageYposition,StageZposition,PhaseConfig,Fluo1Config,Fluo2Config,Fluo3Config
1,27,10.7741107342773,291,39.7347285458023,10.360824742268,1183.09965635739,NaN,NaN,NaN,NaN,NaN,NaN,NaN,NaN,NaN,NaN,NaN,NaN,NaN,NaN,NaN,NaN,NaN,NaN,NaN,NaN,NaN,NaN,NaN,NaN,NaN,NaN,0,15690.3608247423,1,1,1,1,2018-10-31T15:26:36.703,20181031_ecoli_ARA_M4_50K,-0,-0,162.775,DIA_100X_EMPTY_1x1_200ms,,,
2,56,10.6007929405123,595,43.3508945422742,19.4857142857143,1626.79495798319,NaN,NaN,NaN,NaN,NaN,NaN,NaN,NaN,NaN,NaN,NaN,NaN,NaN,NaN,NaN,NaN,NaN,NaN,NaN,NaN,NaN,NaN,NaN,NaN,NaN,NaN,0,16777.1058823529,1,1,1,1,2018-10-31T15:26:36.703,20181031_ecoli_ARA_M4_50K,-0,-0,162.775,DIA_100X_EMPTY_1x1_200ms,,,
3,30,12.1017142679962,364,47.1940146867758,138.936813186813,1042.52197802198,NaN,NaN,NaN,NaN,NaN,NaN,NaN,NaN,NaN,NaN,NaN,NaN,NaN,NaN,NaN,325.803402741712,0.977999091662067,29.947810559797,12.6030855065307,10.6622226671727,2.78235152677566,0.00250883492627579,0.00112615784711025,0,1.00006096024726,2673.93259067803,0,16392.5054945055,1,1,1,1,2018-10-31T15:26:36.703,20181031_ecoli_ARA_M4_50K,-0,-0,162.775,DIA_100X_EMPTY_1x1_200ms,,,
4,33,11.7786621310866,389,49.0895452659106,161.174807197943,1220.07969151671,NaN,NaN,NaN,NaN,NaN,NaN,NaN,NaN,NaN,NaN,NaN,NaN,NaN,NaN,NaN,353.548429156676,0.979175774801768,32.7229671016981,12.5327244083921,10.5458884066422,2.69644470573422,0.004312545140508,0.00215272113789929,1,1.00033240528248,2858.30717833288,0,15923.4473007712,1,1,1,1,2018-10-31T15:26:36.703,20181031_ecoli_ARA_M4_50K,-0,-0,162.775,DIA_100X_EMPTY_1x1_200ms,,,
5,36,11.4461379922647,413,45.3890605444975,199.242130750605,1734.06295399516,NaN,NaN,NaN,NaN,NaN,NaN,NaN,NaN,NaN,NaN,NaN,NaN,NaN,NaN,NaN,386.340947655251,0.957407611978059,37.6637642886505,12.0165791630547,9.90661129291925,2.60493662434594,0.00553786954175855,0.00303528498820106,0,1.00084223333137,2903.11239687401,0,16464.2227602906,1,1,1,1,2018-10-31T15:26:36.703,20181031_ecoli_ARA_M4_50K,-0,-0,162.775,DIA_100X_EMPTY_1x1_200ms,,,
6,43,11.294029953677,486,49.5156002248442,238.039094650206,997.345679012346,NaN,NaN,NaN,NaN,NaN,NaN,NaN,NaN,NaN,NaN,NaN,NaN,NaN,NaN,NaN,439.015724216215,0.947960021851547,42.0754737951689,12.1205630312819,10.2236158532445,2.26127886825778,0.0098954317460569,0.00568604047327484,2,1.00100846870928,3454.04460712617,0,16449.9032921811,1,1,1,1,2018-10-31T15:26:36.703,20181031_ecoli_ARA_M4_50K,-0,-0,162.775,DIA_100X_EMPTY_1x1_200ms,,,
7,41,10.7325201849678,440,49.4170755511239,240.013636363636,1750.62727272727,NaN,NaN,NaN,NaN,NaN,NaN,NaN,NaN,NaN,NaN,NaN,NaN,NaN,NaN,NaN,409.711629607406,0.932656514140419,40.5160257722908,11.9025250037519,9.89002408397163,2.2516085871723,0.0153773516974915,0.00826150540347481,0,1.00610071040527,3112.51475177273,0,16821.5954545455,1,1,1,1,2018-10-31T15:26:36.703,20181031_ecoli_ARA_M4_50K,-0,-0,162.775,DIA_100X_EMPTY_1x1_200ms,,,
8,50,11.7121089737154,586,49.2984677810964,270.331058020478,845.576791808874,NaN,NaN,NaN,NaN,NaN,NaN,NaN,NaN,NaN,NaN,NaN,NaN,NaN,NaN,NaN,510.610188267439,0.920331248621196,49.6263351052626,11.886613366012,10.1095982388691,2.09537488392264,0.00473046984664984,0.00161433269823758,3,1.00021654911785,3983.54638795206,0,16447.5597269625,1,1,1,1,2018-10-31T15:26:36.703,20181031_ecoli_ARA_M4_50K,-0,-0,162.775,DIA_100X_EMPTY_1x1_200ms,,,
9,30,11.9859567532726,360,46.0956485633147,297.608333333333,1422.44444444444,NaN,NaN,NaN,NaN,NaN,NaN,NaN,NaN,NaN,NaN,NaN,NaN,NaN,NaN,NaN,328.990688799228,0.986816379092847,30.0472794511566,12.6552335730811,10.6425190134726,2.85747261595617,0.0124618176296536,0.00574645004174419,1,1.00071817787988,2672.90736066612,0,15950.775,1,1,1,1,2018-10-31T15:26:36.703,20181031_ecoli_ARA_M4_50K,-0,-0,162.775,DIA_100X_EMPTY_1x1_200ms,,,
10,28,11.4222384973802,320,46.2607134351398,319.765625,1180.3125,NaN,NaN,NaN,NaN,NaN,NaN,NaN,NaN,NaN,NaN,NaN,NaN,NaN,NaN,NaN,300.818500203802,0.984790272899543,27.4486786745286,12.6882230765778,10.5985077836432,2.94062021543476,0.0156740770470819,0.00622944130691953,1,1.00175551602084,2421.59087121745,0,16175.234375,1,1,1,1,2018-10-31T15:26:36.703,20181031_ecoli_ARA_M4_50K,-0,-0,162.775,DIA_100X_EMPTY_1x1_200ms,,,
11,33,11.5214917877578,380,49.4529758995704,365.328947368421,1123.34210526316,NaN,NaN,NaN,NaN,NaN,NaN,NaN,NaN,NaN,NaN,NaN,NaN,NaN,NaN,NaN,342.585516029052,0.980206018616935,31.8632200381499,12.3232678452292,10.3766990938669,2.87884687774484,0.0505165103368235,0.00348480218487121,1,1.00034016114817,2694.62286305711,0,15749.7131578947,1,1,1,1,2018-10-31T15:26:36.703,20181031_ecoli_ARA_M4_50K,-0,-0,162.775,DIA_100X_EMPTY_1x1_200ms,,,
12,28,12.0252030815955,337,44.6824939357625,424.118694362018,1413.16023738872,NaN,NaN,NaN,NaN,NaN,NaN,NaN,NaN,NaN,NaN,NaN,NaN,NaN,NaN,NaN,308.48223979672,0.985646600983768,27.8179801763543,12.9163557049307,10.8260159683736,2.961310309266,0.0112501544435719,0.00412950228261868,2,1.00084933352549,2560.6652117189,0,15930.3887240356,1,1,1,1,2018-10-31T15:26:36.703,20181031_ecoli_ARA_M4_50K,-0,-0,162.775,DIA_100X_EMPTY_1x1_200ms,,,
13,32,11.4548504570704,368,46.5571953492595,457.755434782609,1558.39945652174,NaN,NaN,NaN,NaN,NaN,NaN,NaN,NaN,NaN,NaN,NaN,NaN,NaN,NaN,NaN,341.490284985561,0.964807128463399,32.9154157490324,11.9914067115009,10.03865895808,2.68784876108196,0.00639816202875606,0.00207907996022289,2,1.00017941757895,2605.19734464393,0,16064.2581521739,1,1,1,1,2018-10-31T15:26:36.703,20181031_ecoli_ARA_M4_50K,-0,-0,162.775,DIA_100X_EMPTY_1x1_200ms,,,
14,30,11.179978279235,337,48.6546687107526,462.044510385757,1240.20178041543,NaN,NaN,NaN,NaN,NaN,NaN,NaN,NaN,NaN,NaN,NaN,NaN,NaN,NaN,NaN,305.623940270652,0.979426950739909,28.9600429703043,12.8883046444607,10.178107014527,3.02423822018397,0.00893172181392089,0.00463840505004402,0,1.00112007356829,2356.25944775662,1,16713.0474777448,1,1,1,1,2018-10-31T15:26:36.703,20181031_ecoli_ARA_M4_50K,-0,-0,162.775,DIA_100X_EMPTY_1x1_200ms,,,
15,54,10.4391619760448,564,49.061967651926,484.398936170213,1234.68794326241,NaN,NaN,NaN,NaN,NaN,NaN,NaN,NaN,NaN,NaN,NaN,NaN,NaN,NaN,NaN,537.408760850976,0.901625629593198,54.4402521556141,11.5588598486284,9.76018257241759,1.86287732049944,0.00650903983120276,0.00285924073955609,3,1.00042119448605,4073.10768967871,2,17729.3120567376,1,1,1,1,2018-10-31T15:26:36.703,20181031_ecoli_ARA_M4_50K,-0,-0,162.775,DIA_100X_EMPTY_1x1_200ms,,,
16,27,10.6162546862005,287,45.0008962213281,498.080139372822,1234.07317073171,NaN,NaN,NaN,NaN,NaN,NaN,NaN,NaN,NaN,NaN,NaN,NaN,NaN,NaN,NaN,275.77401758637,0.970776169001182,27.3121428309144,11.6159531662426,9.8424384954883,2.58210380106947,0.00629279357855001,0.00250424836629967,1,1.00018560543333,2078.02647098426,1,18545.0766550523,1,1,1,1,2018-10-31T15:26:36.703,20181031_ecoli_ARA_M4_50K,-0,-0,162.775,DIA_100X_EMPTY_1x1_200ms,,,
17,42,12.7824450234839,537,49.5134910586039,532.741154562384,1200.85474860335,NaN,NaN,NaN,NaN,NaN,NaN,NaN,NaN,NaN,NaN,NaN,NaN,NaN,NaN,NaN,476.885750997135,0.971073643239961,41.2991330770825,13.1505785594664,11.3484684234715,2.52999904543441,0.00560927697729261,0.00302162545098492,1,1.00025223267671,4177.39289634944,0,15423.2402234637,1,1,1,1,2018-10-31T15:26:36.703,20181031_ecoli_ARA_M4_50K,-0,-0,162.775,DIA_100X_EMPTY_1x1_200ms,,,
18,46,11.984054528074,551,48.9830392445349,546.998185117967,1057.10526315789,NaN,NaN,NaN,NaN,NaN,NaN,NaN,NaN,NaN,NaN,NaN,NaN,NaN,NaN,NaN,490.408915767898,0.916065276463945,46.5086784395075,12.1752220622306,10.3398616362456,2.18748090465976,0.017051242296973,0.00738005464536056,2,1.00815019716362,3905.29040967387,0,16366.55353902,1,1,1,1,2018-10-31T15:26:36.703,20181031_ecoli_ARA_M4_50K,-0,-0,162.775,DIA_100X_EMPTY_1x1_200ms,,,
19,35,11.462654236544,402,49.0042524335416,563.380597014925,1319.43034825871,NaN,NaN,NaN,NaN,NaN,NaN,NaN,NaN,NaN,NaN,NaN,NaN,NaN,NaN,NaN,374.75873144205,0.960214650677274,34.9039935654801,12.4628094731271,10.5413657314061,2.44909593200157,0.00535488013158116,0.00244520529020602,2,1.00017596880613,3046.20245684576,0,16378.368159204,1,1,1,1,2018-10-31T15:26:36.703,20181031_ecoli_ARA_M4_50K,-0,-0,162.775,DIA_100X_EMPTY_1x1_200ms,,,
20,64,11.9937282266157,768,44.455356183374,623.5,711.49609375,NaN,NaN,NaN,NaN,NaN,NaN,NaN,NaN,NaN,NaN,NaN,NaN,NaN,NaN,NaN,677.351557242103,0.875164119059755,63.6938314963874,12.7966593529375,10.5061759708762,1.98365120756648,0.0131583680237386,0.00625552310630473,2,1.00205299921283,5521.74818730051,0,15889.3815104167,1,1,1,1,2018-10-31T15:26:36.703,20181031_ecoli_ARA_M4_50K,-0,-0,162.775,DIA_100X_EMPTY_1x1_200ms,,,
21,42,10.8147260746849,458,48.3445732219429,637.207423580786,1563.60262008734,NaN,NaN,NaN,NaN,NaN,NaN,NaN,NaN,NaN,NaN,NaN,NaN,NaN,NaN,NaN,443.229162948858,0.937933846481051,44.376345244455,11.4438009696062,9.84117053764288,2.08349306129711,0.0063937146838256,0.00267751475005424,1,1.00036202151493,3375.47525458841,1,17242.7947598253,1,1,1,1,2018-10-31T15:26:36.703,20181031_ecoli_ARA_M4_50K,-0,-0,162.775,DIA_100X_EMPTY_1x1_200ms,,,
22,34,10.0978761304704,344,42.673355963525,661.363372093023,1565.99418604651,NaN,NaN,NaN,NaN,NaN,NaN,NaN,NaN,NaN,NaN,NaN,NaN,NaN,NaN,NaN,332.278266392662,0.959537635668239,33.1770242273705,12.2593593043814,9.78798214609878,2.48675932459009,0.0136801932898803,0.00656286754141045,1,1.00080789242669,2496.39697864331,2,17873.1656976744,1,1,1,1,2018-10-31T15:26:36.703,20181031_ecoli_ARA_M4_50K,-0,-0,162.775,DIA_100X_EMPTY_1x1_200ms,,,
23,26,10.7819385347027,281,45.8323560397402,659.594306049822,1551.16014234875,NaN,NaN,NaN,NaN,NaN,NaN,NaN,NaN,NaN,NaN,NaN,NaN,NaN,NaN,NaN,274.053430539159,0.989470981243254,25.6328577989619,12.2812904226896,10.3542235750444,2.98205220933728,0.0101742787445546,0.00493387148121282,1,1.00101689564947,2158.35056943202,1,17121.5195729537,1,1,1,1,2018-10-31T15:26:36.703,20181031_ecoli_ARA_M4_50K,-0,-0,162.775,DIA_100X_EMPTY_1x1_200ms,,,
24,50,11.7494032895635,588,49.4730269393047,666.093537414966,885.576530612245,NaN,NaN,NaN,NaN,NaN,NaN,NaN,NaN,NaN,NaN,NaN,NaN,NaN,NaN,NaN,529.090002399822,0.902997027991769,50.4323624458818,12.2783838217447,10.2633326358089,2.22942890382069,0.0172924464166724,0.00701985928953,1,1.00514440340294,4172.30456817216,0,16485.5986394558,1,1,1,1,2018-10-31T15:26:36.703,20181031_ecoli_ARA_M4_50K,-0,-0,162.775,DIA_100X_EMPTY_1x1_200ms,,,
25,51,12.469355178478,637,49.0934160601655,676.003139717425,1238.20879120879,NaN,NaN,NaN,NaN,NaN,NaN,NaN,NaN,NaN,NaN,NaN,NaN,NaN,NaN,NaN,569.130878685344,0.924048915777739,51.5948623143137,12.8154197005145,10.8567136713176,2.14436494929168,0.0221826956455788,0.00850850432771707,2,1.0025791989113,4776.31661147643,0,16135.1664050235,1,1,1,1,2018-10-31T15:26:36.703,20181031_ecoli_ARA_M4_50K,-0,-0,162.775,DIA_100X_EMPTY_1x1_200ms,,,
26,48,11.8414931011296,569,49.5903947301525,697.662565905097,828.353251318102,NaN,NaN,NaN,NaN,NaN,NaN,NaN,NaN,NaN,NaN,NaN,NaN,NaN,NaN,NaN,509.943903812783,0.948008826291697,48.3478187142144,11.7838093295491,10.3074447310336,2.23919646503146,0.0216811761733184,0.00491978225087487,2,1.00134038079437,4034.30562637881,0,16214.1159929701,1,1,1,1,2018-10-31T15:26:36.703,20181031_ecoli_ARA_M4_50K,-0,-0,162.775,DIA_100X_EMPTY_1x1_200ms,,,
27,40,11.4462122015009,459,49.2224282744309,695.607843137255,74.681917211329,NaN,NaN,NaN,NaN,NaN,NaN,NaN,NaN,NaN,NaN,NaN,NaN,NaN,NaN,NaN,412.794027911409,0.964501233164578,39.8136073351041,11.7634002304801,10.1866421281279,2.23981095076358,0.00923199143280892,0.00475913215119333,2,1.00076463035562,3244.76693874398,0,16699.3834422658,1,1,1,1,2018-10-31T15:26:36.703,20181031_ecoli_ARA_M4_50K,-0,-0,162.775,DIA_100X_EMPTY_1x1_200ms,,,
28,39,12.4215087423719,486,48.3783904251059,785.131687242798,247.162551440329,NaN,NaN,NaN,NaN,NaN,NaN,NaN,NaN,NaN,NaN,NaN,NaN,NaN,NaN,NaN,423.977229282933,0.952980385058087,38.7936380599945,12.6851539575885,10.5977419324775,2.66945379924552,0.0051302541614244,0.00180882725329576,1,1.00026681081309,3421.97687526449,0,16170.4032921811,1,1,1,1,2018-10-31T15:26:36.703,20181031_ecoli_ARA_M4_50K,-0,-0,162.775,DIA_100X_EMPTY_1x1_200ms,,,
29,40,11.920499603397,477,49.3468495006599,840.740041928721,954.981132075472,NaN,NaN,NaN,NaN,NaN,NaN,NaN,NaN,NaN,NaN,NaN,NaN,NaN,NaN,NaN,423.9041666991,0.956706098213619,39.4423951624221,12.2330398459819,10.5815588336994,2.30906624286174,0.00306509608274911,0.00142844250087277,1,1.00006071833261,3468.58597053134,0,16283.7589098532,1,1,1,1,2018-10-31T15:26:36.703,20181031_ecoli_ARA_M4_50K,-0,-0,162.775,DIA_100X_EMPTY_1x1_200ms,,,
30,27,12.2111442194352,330,42.9662162645226,901.342424242424,966.639393939394,NaN,NaN,NaN,NaN,NaN,NaN,NaN,NaN,NaN,NaN,NaN,NaN,NaN,NaN,NaN,299.865891310329,0.991586049804102,27.8671663013743,12.3975670316867,10.5142749328121,2.7962830976498,0.0142709337594583,0.0062846300165517,1,1.00199265367225,2419.58759176148,1,15952.0272727273,1,1,1,1,2018-10-31T15:26:36.703,20181031_ecoli_ARA_M4_50K,-0,-0,162.775,DIA_100X_EMPTY_1x1_200ms,,,
31,30,11.1506434897119,336,47.905136577124,911.485119047619,993.369047619048,NaN,NaN,NaN,NaN,NaN,NaN,NaN,NaN,NaN,NaN,NaN,NaN,NaN,NaN,NaN,313.198858690011,0.984155246754474,29.9550027102113,12.3682483287062,9.96610098489128,3.14922195304316,0.121576956210274,0.00703293920028719,1,1.00096052270913,2336.7368725885,1,16291.869047619,1,1,1,1,2018-10-31T15:26:36.703,20181031_ecoli_ARA_M4_50K,-0,-0,162.775,DIA_100X_EMPTY_1x1_200ms,,,
32,44,11.8620771756216,522,49.5925742005457,926.565134099617,276.396551724138,NaN,NaN,NaN,NaN,NaN,NaN,NaN,NaN,NaN,NaN,NaN,NaN,NaN,NaN,NaN,468.605926324343,0.936005695302783,43.8537884309452,12.1121356727615,10.527379194746,2.19980415125858,0.0138061242042593,0.00723439200158947,1,1.00551688662999,3817.13510076587,0,16107.8946360153,1,1,1,1,2018-10-31T15:26:36.703,20181031_ecoli_ARA_M4_50K,-0,-0,162.775,DIA_100X_EMPTY_1x1_200ms,,,
33,46,12.1291574992222,558,49.6001972854146,948.26164874552,1159.67741935484,NaN,NaN,NaN,NaN,NaN,NaN,NaN,NaN,NaN,NaN,NaN,NaN,NaN,NaN,NaN,493.649206175669,0.960428800208429,45.1525224403848,12.6140890134012,10.7381961628435,2.3204729838083,0.0123569259107354,0.00543033085371958,3,1.00130432063709,4089.16434240324,0,15843.1433691756,1,1,1,1,2018-10-31T15:26:36.703,20181031_ecoli_ARA_M4_50K,-0,-0,162.775,DIA_100X_EMPTY_1x1_200ms,,,
34,35,11.4313498982618,401,48.8699775716911,1033.71820448878,924.179551122195,NaN,NaN,NaN,NaN,NaN,NaN,NaN,NaN,NaN,NaN,NaN,NaN,NaN,NaN,NaN,375.674898659833,0.970519693319912,35.3502764169685,12.2420686477367,10.4225367886312,2.440627947691,0.00435674976600661,0.00166291984283084,2,1.00027571732468,3015.98771991073,0,16498.5012468828,1,1,1,1,2018-10-31T15:26:36.703,20181031_ecoli_ARA_M4_50K,-0,-0,162.775,DIA_100X_EMPTY_1x1_200ms,,,
35,28,12.6018556485184,353,43.2684193542582,1061.67138810198,1169.92634560907,NaN,NaN,NaN,NaN,NaN,NaN,NaN,NaN,NaN,NaN,NaN,NaN,NaN,NaN,NaN,313.766138108298,0.993069526432755,27.2620680698893,13.1797350241648,11.1932976668688,3.06954169408391,0.00365411208621726,0.00172400865399049,1,1.00005749166132,2682.65476163338,0,15296.0651558074,1,1,1,1,2018-10-31T15:26:36.703,20181031_ecoli_ARA_M4_50K,-0,-0,162.775,DIA_100X_EMPTY_1x1_200ms,,,
36,32,11.8434614390006,379,49.0640121352764,1195.25329815303,1372.87862796834,NaN,NaN,NaN,NaN,NaN,NaN,NaN,NaN,NaN,NaN,NaN,NaN,NaN,NaN,NaN,335.488768908195,0.981611992945986,30.8015998013661,12.6644728955199,10.6443564711021,2.7772767022504,0.0110801173965302,0.00441452336051919,1,1.00096326995492,2740.95544385845,0,15900.8786279683,1,1,1,1,2018-10-31T15:26:36.703,20181031_ecoli_ARA_M4_50K,-0,-0,162.775,DIA_100X_EMPTY_1x1_200ms,,,
37,29,11.7284330608124,341,46.2928485849465,1252.88269794721,348.677419354839,NaN,NaN,NaN,NaN,NaN,NaN,NaN,NaN,NaN,NaN,NaN,NaN,NaN,NaN,NaN,319.631483184242,0.986512046254603,29.5239272815819,12.3992897396195,10.4840906928167,2.87469155094081,0.011942930407348,0.00651829531977902,1,1.00253836817332,2548.74006945661,0,16491.0703812317,1,1,1,1,2018-10-31T15:26:36.703,20181031_ecoli_ARA_M4_50K,-0,-0,162.775,DIA_100X_EMPTY_1x1_200ms,,,
38,48,11.7029189110451,562,49.5695008533728,1323.03736654804,912.510676156584,NaN,NaN,NaN,NaN,NaN,NaN,NaN,NaN,NaN,NaN,NaN,NaN,NaN,NaN,NaN,506.276282037617,0.940312189496367,48.7691359491071,12.1602827637983,10.225217085556,2.14683624571239,0.00816342071006547,0.00355888500981131,2,1.00093334923753,4004.7924785682,0,16022.9323843416,1,1,1,1,2018-10-31T15:26:36.703,20181031_ecoli_ARA_M4_50K,-0,-0,162.775,DIA_100X_EMPTY_1x1_200ms,,,
39,42,12.3528785259176,520,48.9107591585137,1336.63653846154,1526.575,NaN,NaN,NaN,NaN,NaN,NaN,NaN,NaN,NaN,NaN,NaN,NaN,NaN,NaN,NaN,461.896015770204,0.943451976008825,42.9388674300316,12.4559346444884,10.6026343640727,2.26064667037227,0.00370735138226764,0.00172382531312847,2,1.0000967345883,3791.12440743265,0,15933.9846153846,1,1,1,1,2018-10-31T15:26:36.703,20181031_ecoli_ARA_M4_50K,-0,-0,162.775,DIA_100X_EMPTY_1x1_200ms,,,
40,44,12.0228251525135,529,49.3392400474189,1393.10775047259,1171.58790170132,NaN,NaN,NaN,NaN,NaN,NaN,NaN,NaN,NaN,NaN,NaN,NaN,NaN,NaN,NaN,481.785774767004,0.941023327803395,43.8734701104665,12.4106047550543,10.8193920797228,2.23158591479823,0.0155533584484103,0.00731750256176983,1,1.00461447150924,4033.64418485958,0,16032.404536862,1,1,1,1,2018-10-31T15:26:36.703,20181031_ecoli_ARA_M4_50K,-0,-0,162.775,DIA_100X_EMPTY_1x1_200ms,,,
41,43,11.6963689371466,503,49.7259001388953,1449.21868787276,1057.97415506958,NaN,NaN,NaN,NaN,NaN,NaN,NaN,NaN,NaN,NaN,NaN,NaN,NaN,NaN,NaN,452.39677919178,0.946223926463609,42.2252147358697,12.3638041910321,10.4179979271024,2.52554671898861,0.0174524010828806,0.00750647343733637,2,1.00215384452481,3599.40140282633,0,15845.4194831014,1,1,1,1,2018-10-31T15:26:36.703,20181031_ecoli_ARA_M4_50K,-0,-0,162.775,DIA_100X_EMPTY_1x1_200ms,,,
42,28,11.928816850387,334,47.1772592650844,1467.10179640719,1295.4371257485,NaN,NaN,NaN,NaN,NaN,NaN,NaN,NaN,NaN,NaN,NaN,NaN,NaN,NaN,NaN,301.052972420749,0.989908864500297,26.5497537750691,13.0553632890103,10.7988141747621,3.37697016572011,0.0167608845896428,0.00693029755670104,1,1.00219774927809,2431.65811940844,0,15912.4760479042,1,1,1,1,2018-10-31T15:26:36.703,20181031_ecoli_ARA_M4_50K,-0,-0,162.775,DIA_100X_EMPTY_1x1_200ms,,,
43,38,12.1711700897288,464,48.594774739948,1554.35560344828,758.247844827586,NaN,NaN,NaN,NaN,NaN,NaN,NaN,NaN,NaN,NaN,NaN,NaN,NaN,NaN,NaN,411.07879228178,0.953352378779339,38.6443064380354,12.3751684460779,10.4239843602996,2.40970250328862,0.0127510544044071,0.00773100340930351,1,1.00156408779886,3297.94114420854,0,16013.8103448276,1,1,1,1,2018-10-31T15:26:36.703,20181031_ecoli_ARA_M4_50K,-0,-0,162.775,DIA_100X_EMPTY_1x1_200ms,,,
44,31,11.3196749234412,351,47.9897666231901,1554.43304843305,622.68660968661,NaN,NaN,NaN,NaN,NaN,NaN,NaN,NaN,NaN,NaN,NaN,NaN,NaN,NaN,NaN,328.797008436546,0.969130057644797,31.3274169632647,12.2714977668827,10.1112724564394,2.84265209787778,0.309971316269557,0.00801999603455073,1,1.0003627043304,2515.51027034729,2,16902.5925925926,1,1,1,1,2018-10-31T15:26:36.703,20181031_ecoli_ARA_M4_50K,-0,-0,162.775,DIA_100X_EMPTY_1x1_200ms,,,
45,28,10.0337033418053,281,44.2641410616267,1553.61565836299,651.903914590747,NaN,NaN,NaN,NaN,NaN,NaN,NaN,NaN,NaN,NaN,NaN,NaN,NaN,NaN,NaN,294.978084727892,0.981860963671955,28.8875129806419,11.7058477224667,9.86696495321214,2.82611899118236,0.0145989157331388,0.00668433990171312,1,1.00094799851977,2208.85499309931,2,18069,1,1,1,1,2018-10-31T15:26:36.703,20181031_ecoli_ARA_M4_50K,-0,-0,162.775,DIA_100X_EMPTY_1x1_200ms,,,
46,45,11.9470696173283,538,49.3262078457317,1567.7750929368,654.421933085502,NaN,NaN,NaN,NaN,NaN,NaN,NaN,NaN,NaN,NaN,NaN,NaN,NaN,NaN,NaN,497.218980755708,0.947781486635004,45.6624383553065,12.3676008600787,10.6151145342981,2.39163706277868,0.0173718422347826,0.00836647741522967,2,1.00411092346881,4041.08838436956,2,17413.3921933086,1,1,1,1,2018-10-31T15:26:36.703,20181031_ecoli_ARA_M4_50K,-0,-0,162.775,DIA_100X_EMPTY_1x1_200ms,,,
47,36,11.4517485073331,412,49.2002823135393,1606.79368932039,1259.48058252427,NaN,NaN,NaN,NaN,NaN,NaN,NaN,NaN,NaN,NaN,NaN,NaN,NaN,NaN,NaN,379.165485936106,0.976527532790865,35.5117694431606,11.9722878507866,10.3799698774089,2.61812353279719,0.00710481093724817,0.00322632375261912,0,1.0009081059844,3005.06852802202,1,16130.3665048544,1,1,1,1,2018-10-31T15:26:36.703,20181031_ecoli_ARA_M4_50K,-0,-0,162.775,DIA_100X_EMPTY_1x1_200ms,,,
48,27,11.1579397885458,302,46.2799226065425,1611.58609271523,1243.56291390728,NaN,NaN,NaN,NaN,NaN,NaN,NaN,NaN,NaN,NaN,NaN,NaN,NaN,NaN,NaN,282.257729969496,0.982833984679246,26.5598346005625,12.6107737662727,10.2855016816511,2.88243859393421,0.00630219388478487,0.00319551337921213,1,1.0001771654025,2206.81641941862,1,17170.857615894,1,1,1,1,2018-10-31T15:26:36.703,20181031_ecoli_ARA_M4_50K,-0,-0,162.775,DIA_100X_EMPTY_1x1_200ms,,,
49,29,11.7546173390633,341,45.7672531598788,1678.90909090909,972.765395894428,NaN,NaN,NaN,NaN,NaN,NaN,NaN,NaN,NaN,NaN,NaN,NaN,NaN,NaN,NaN,320.817309364587,0.974497161031909,29.6075373391901,12.4487655036427,10.4091725157321,2.92115832732432,0.02286210919563,0.0102560284314506,1,1.00623670345782,2519.55927337133,1,15995.6011730205,1,1,1,1,2018-10-31T15:26:36.703,20181031_ecoli_ARA_M4_50K,-0,-0,162.775,DIA_100X_EMPTY_1x1_200ms,,,
50,33,10.4843489623232,346,38.2303208747759,1691.70809248555,996.28901734104,NaN,NaN,NaN,NaN,NaN,NaN,NaN,NaN,NaN,NaN,NaN,NaN,NaN,NaN,NaN,322.988470398195,0.968097300312397,31.5952787651108,11.6752340160042,9.95591846288564,2.57257001278788,0.0187855629047517,0.00894514555606931,0,1.00537257267036,2459.65805552034,1,16301.5780346821,1,1,1,1,2018-10-31T15:26:36.703,20181031_ecoli_ARA_M4_50K,-0,-0,162.775,DIA_100X_EMPTY_1x1_200ms,,,
51,51,12.8831186870186,660,49.4041060144355,1792.60151515152,815.065151515152,NaN,NaN,NaN,NaN,NaN,NaN,NaN,NaN,NaN,NaN,NaN,NaN,NaN,NaN,NaN,572.915083548703,0.933965192184337,51.5911921403356,12.8444281326816,10.9227412871016,2.20305550956333,0.00738380997924686,0.00268469994981316,3,1.00017107155779,4834.24591806963,0,16078.8818181818,1,1,1,1,2018-10-31T15:26:36.703,20181031_ecoli_ARA_M4_50K,-0,-0,162.775,DIA_100X_EMPTY_1x1_200ms,,,
52,34,11.849972153682,403,48.9164328952182,1861.45161290323,944.488833746898,NaN,NaN,NaN,NaN,NaN,NaN,NaN,NaN,NaN,NaN,NaN,NaN,NaN,NaN,NaN,359.638502150814,0.973372465929479,32.6529392090097,12.4757641596632,10.7287419036919,2.73192497197808,0.00364399546120451,0.00145785621354528,1,1.00013249014527,2951.95516306794,0,16259.3846153846,1,1,1,1,2018-10-31T15:26:36.703,20181031_ecoli_ARA_M4_50K,-0,-0,162.775,DIA_100X_EMPTY_1x1_200ms,,,
53,33,11.5160837815263,380,49.4088884334395,1890.41842105263,997.181578947368,NaN,NaN,NaN,NaN,NaN,NaN,NaN,NaN,NaN,NaN,NaN,NaN,NaN,NaN,NaN,348.694810824438,0.974612996836747,32.6581774179237,12.4767384990214,10.4169510068982,2.68542672927646,0.0106826405201785,0.00521191129263468,0,1.00165395447847,2783.31954035953,0,16038.4,1,1,1,1,2018-10-31T15:26:36.703,20181031_ecoli_ARA_M4_50K,-0,-0,162.775,DIA_100X_EMPTY_1x1_200ms,,,
54,39,11.5891999047818,453,48.9342828816852,1912.87196467991,1474.36644591611,NaN,NaN,NaN,NaN,NaN,NaN,NaN,NaN,NaN,NaN,NaN,NaN,NaN,NaN,NaN,405.62901267978,0.942030569980766,38.6783847420006,12.1539460115327,10.2760742812074,2.3322933041635,0.0102703127151509,0.00539142785896905,1,1.00070090789856,3207.83986579361,0,16185.3178807947,1,1,1,1,2018-10-31T15:26:36.703,20181031_ecoli_ARA_M4_50K,-0,-0,162.775,DIA_100X_EMPTY_1x1_200ms,,,
55,32,11.2644574824684,361,48.9765310597711,2008.75623268698,1266.69529085873,NaN,NaN,NaN,NaN,NaN,NaN,NaN,NaN,NaN,NaN,NaN,NaN,NaN,NaN,NaN,322.465251680835,0.975864023933298,30.4492298028847,11.9938760875304,10.3816248166849,2.58374953235654,0.0018467138499099,0.00094051035572127,2,1.00000671160536,2577.48919158222,0,15866.2465373961,1,1,1,1,2018-10-31T15:26:36.703,20181031_ecoli_ARA_M4_50K,-0,-0,162.775,DIA_100X_EMPTY_1x1_200ms,,,
56,39,12.3234839119341,481,49.5654055960311,2015.45114345114,785.908523908524,NaN,NaN,NaN,NaN,NaN,NaN,NaN,NaN,NaN,NaN,NaN,NaN,NaN,NaN,NaN,423.763589593851,0.971488607287453,38.3401740061698,12.403220139643,10.8575609829205,2.45737884736139,0.00746968211492346,0.00260472635543584,2,1.000399123738,3549.83784864162,0,15923.0478170478,1,1,1,1,2018-10-31T15:26:36.703,20181031_ecoli_ARA_M4_50K,-0,-0,162.775,DIA_100X_EMPTY_1x1_200ms,,,
1,32,10.9889829742031,352,29.0898437455535,19.7528409090909,2034.58238636364,NaN,NaN,NaN,NaN,NaN,NaN,NaN,NaN,NaN,NaN,NaN,NaN,NaN,NaN,NaN,NaN,NaN,NaN,NaN,NaN,NaN,NaN,NaN,NaN,NaN,NaN,0,15841.5170454545,1,1,1,25,2018-10-31T15:27:32.856,20181031_ecoli_ARA_M4_50K,1500,-2598,162.775,DIA_100X_EMPTY_1x1_200ms,,,
2,37,11.5497524436355,428,47.9933776398444,44.2710280373832,531.376168224299,NaN,NaN,NaN,NaN,NaN,NaN,NaN,NaN,NaN,NaN,NaN,NaN,NaN,NaN,NaN,393.723746748395,0.944212139377489,37.7304680313744,12.1104860226927,10.1125546645195,2.52352493188544,0.0189182014347696,0.0104551577252227,0,1.00888769887881,3030.42708101246,0,16658.0794392523,1,1,1,25,2018-10-31T15:27:32.856,20181031_ecoli_ARA_M4_50K,1500,-2598,162.775,DIA_100X_EMPTY_1x1_200ms,,,
3,28,11.9992701189869,336,45.8288087591892,385.422619047619,1593.95238095238,NaN,NaN,NaN,NaN,NaN,NaN,NaN,NaN,NaN,NaN,NaN,NaN,NaN,NaN,NaN,305.548199334837,0.984604694151541,28.2298396833729,12.5240228480671,10.5294921847312,2.87650822912162,0.00647754503126878,0.00363530102274233,0,1.00068037745492,2458.1769743337,0,15991.755952381,1,1,1,25,2018-10-31T15:27:32.856,20181031_ecoli_ARA_M4_50K,1500,-2598,162.775,DIA_100X_EMPTY_1x1_200ms,,,
4,30,10.1331216343203,306,-35.7645349506834,441.813725490196,896.470588235294,NaN,NaN,NaN,NaN,NaN,NaN,NaN,NaN,NaN,NaN,NaN,NaN,NaN,NaN,NaN,288.076706530849,0.94409235028726,29.9563586955653,14.0404815594181,9.2577578669473,3.5408724289246,0.0630853665420672,0.0278088880370754,1,1.0500902612964,2016.46430724396,0,15872.0490196078,1,1,1,25,2018-10-31T15:27:32.856,20181031_ecoli_ARA_M4_50K,1500,-2598,162.775,DIA_100X_EMPTY_1x1_200ms,,,
5,39,11.8570216524505,463,49.1204395682181,627.097192224622,1449.02807775378,NaN,NaN,NaN,NaN,NaN,NaN,NaN,NaN,NaN,NaN,NaN,NaN,NaN,NaN,NaN,421.369952899682,0.956170427009455,38.7917979543009,12.3271916368441,10.6646175502075,2.41872460024964,0.00586411083796081,0.00350017568532574,1,1.00045845467146,3465.13661543218,0,15900.4816414687,1,1,1,25,2018-10-31T15:27:32.856,20181031_ecoli_ARA_M4_50K,1500,-2598,162.775,DIA_100X_EMPTY_1x1_200ms,,,
6,61,11.9864617182534,732,22.1538738096766,833.513661202186,431.094262295082,NaN,NaN,NaN,NaN,NaN,NaN,NaN,NaN,NaN,NaN,NaN,NaN,NaN,NaN,NaN,640.708833957389,0.824846431202091,60.8863989534667,12.3727604116624,10.3299095729427,2.36174321345911,0.0196398018358649,0.00697195346268072,0,1.01329048345944,5102.73729344759,0,16371.2909836066,1,1,1,25,2018-10-31T15:27:32.856,20181031_ecoli_ARA_M4_50K,1500,-2598,162.775,DIA_100X_EMPTY_1x1_200ms,,,
7,30,11.8522977287441,356,47.3954403861069,851.884831460674,1787.26966292135,NaN,NaN,NaN,NaN,NaN,NaN,NaN,NaN,NaN,NaN,NaN,NaN,NaN,NaN,NaN,332.067290402391,0.977542403236564,30.1842800177756,12.7542355785406,10.7291499738421,2.80175047595668,0.0150095227899923,0.00655901714528416,1,1.00171210114105,2728.98616810955,0,15638.8623595506,1,1,1,25,2018-10-31T15:27:32.856,20181031_ecoli_ARA_M4_50K,1500,-2598,162.775,DIA_100X_EMPTY_1x1_200ms,,,
8,40,11.5742856888555,463,49.3358620446668,1154.5788336933,714.200863930885,NaN,NaN,NaN,NaN,NaN,NaN,NaN,NaN,NaN,NaN,NaN,NaN,NaN,NaN,NaN,412.823170786449,0.952319665532946,39.2095040287833,11.9517498419086,10.3143877829377,2.27550983676217,0.00136278131896843,0.000519837201803519,3,1.00001865886913,3276.18291131147,0,15906.5421166307,1,1,1,25,2018-10-31T15:27:32.856,20181031_ecoli_ARA_M4_50K,1500,-2598,162.775,DIA_100X_EMPTY_1x1_200ms,,,
9,47,11.7085410067469,551,49.4607509670076,1250.36479128857,1916.97277676951,NaN,NaN,NaN,NaN,NaN,NaN,NaN,NaN,NaN,NaN,NaN,NaN,NaN,NaN,NaN,494.017870536787,0.932276482626902,46.5406752481785,12.3622401472343,10.2946472449555,2.4694874892541,0.00838093162242129,0.00302987070806187,2,1.00039884722842,3873.87408895105,0,16105.6787658802,1,1,1,25,2018-10-31T15:27:32.856,20181031_ecoli_ARA_M4_50K,1500,-2598,162.775,DIA_100X_EMPTY_1x1_200ms,,,
10,52,10.8595889275056,565,48.903982066992,1380.3185840708,340.762831858407,NaN,NaN,NaN,NaN,NaN,NaN,NaN,NaN,NaN,NaN,NaN,NaN,NaN,NaN,NaN,527.45985474761,0.923276742100878,51.9283265330496,11.6728784334717,10.0327894575673,1.89519448403833,0.00352942039517982,0.00192336398940922,1,1.00053502866593,4105.23105315892,0,17065.7132743363,1,1,1,25,2018-10-31T15:27:32.856,20181031_ecoli_ARA_M4_50K,1500,-2598,162.775,DIA_100X_EMPTY_1x1_200ms,,,
1,30,10.104107194016,304,-15.9363056865296,11.5263157894737,1840.91776315789,NaN,NaN,NaN,NaN,NaN,NaN,NaN,NaN,NaN,NaN,NaN,NaN,NaN,NaN,NaN,NaN,NaN,NaN,NaN,NaN,NaN,NaN,NaN,NaN,NaN,NaN,0,16559.5625,1,1,1,31,2018-10-31T15:27:46.924,20181031_ecoli_ARA_M4_50K,-3000,-0,162.775,DIA_100X_EMPTY_1x1_200ms,,,
2,52,11.8646905834174,617,49.1593012081008,253.513776337115,576.525121555916,NaN,NaN,NaN,NaN,NaN,NaN,NaN,NaN,NaN,NaN,NaN,NaN,NaN,NaN,NaN,548.54929630846,0.892241069332287,51.7456351033851,12.3224952982999,10.4420665252477,2.12168158431086,0.0171687708037008,0.00670908132400451,1,1.0099920974449,4431.3547072629,0,16611.0713128039,1,1,1,31,2018-10-31T15:27:46.924,20181031_ecoli_ARA_M4_50K,-3000,-0,162.775,DIA_100X_EMPTY_1x1_200ms,,,
3,52,11.8635990767001,617,49.3330531368192,279.299837925446,224.974068071313,NaN,NaN,NaN,NaN,NaN,NaN,NaN,NaN,NaN,NaN,NaN,NaN,NaN,NaN,NaN,554.859129033505,0.928967298258064,51.4451055978183,12.6677716512288,10.6563074395385,2.05322372409806,0.00473909511172581,0.00165345819311849,3,1.00005802659638,4588.25374324078,0,16824.2982171799,1,1,1,31,2018-10-31T15:27:46.924,20181031_ecoli_ARA_M4_50K,-3000,-0,162.775,DIA_100X_EMPTY_1x1_200ms,,,
4,36,6.08826737387797,221,-49.9997963870305,673.31221719457,103.533936651584,NaN,NaN,NaN,NaN,NaN,NaN,NaN,NaN,NaN,NaN,NaN,NaN,NaN,NaN,NaN,312.661971793254,0.766088505366219,NaN,NaN,NaN,NaN,NaN,NaN,NaN,NaN,NaN,0,20958.5837104072,1,1,1,31,2018-10-31T15:27:46.924,20181031_ecoli_ARA_M4_50K,-3000,-0,162.775,DIA_100X_EMPTY_1x1_200ms,,,
5,31,11.3007268281244,351,47.2889048891299,873.128205128205,1392.66951566952,NaN,NaN,NaN,NaN,NaN,NaN,NaN,NaN,NaN,NaN,NaN,NaN,NaN,NaN,NaN,333.521957334681,0.975498626204649,31.3251525100124,12.3129394865411,10.4078176469065,2.59118724658958,0.00363599452282358,0.00154125757338422,1,1.00006637681093,2665.03197672981,0,16260.2022792023,1,1,1,31,2018-10-31T15:27:46.924,20181031_ecoli_ARA_M4_50K,-3000,-0,162.775,DIA_100X_EMPTY_1x1_200ms,,,
6,36,11.73219862637,423,48.2442195293718,925.513002364066,1524.17730496454,NaN,NaN,NaN,NaN,NaN,NaN,NaN,NaN,NaN,NaN,NaN,NaN,NaN,NaN,NaN,392.228864046816,0.95606367358067,36.9930694673256,12.1839495745539,10.3150746484508,2.52373552924293,0.00406720699592588,0.00191007561280658,3,1.0000821095114,3091.39855686422,0,16617.6855791962,1,1,1,31,2018-10-31T15:27:46.924,20181031_ecoli_ARA_M4_50K,-3000,-0,162.775,DIA_100X_EMPTY_1x1_200ms,,,
7,32,12.4994330396818,401,47.1265416786458,1272.47630922693,1632.43142144638,NaN,NaN,NaN,NaN,NaN,NaN,NaN,NaN,NaN,NaN,NaN,NaN,NaN,NaN,NaN,346.178405249866,0.973124210089194,31.7019173755102,12.5027489954951,10.6589977018554,2.66567842889242,0.0132785680883208,0.00595572946389,1,1.00136607657301,2828.83846225015,0,16129.6857855362,1,1,1,31,2018-10-31T15:27:46.924,20181031_ecoli_ARA_M4_50K,-3000,-0,162.775,DIA_100X_EMPTY_1x1_200ms,,,
8,40,12.474607181121,499,49.6294180878976,1804.15831663327,922.13627254509,NaN,NaN,NaN,NaN,NaN,NaN,NaN,NaN,NaN,NaN,NaN,NaN,NaN,NaN,NaN,439.322908108102,0.952153634768055,39.388548316404,12.7487152858776,10.9710545464108,2.46508160626742,0.00357840458756569,0.00208275572678923,1,1.00014387585579,3723.5449844631,0,16033.5751503006,1,1,1,31,2018-10-31T15:27:46.924,20181031_ecoli_ARA_M4_50K,-3000,-0,162.775,DIA_100X_EMPTY_1x1_200ms,,,
1,32,11.1685109569171,358,48.3972377958757,798.650837988827,105.184357541899,NaN,NaN,NaN,NaN,NaN,NaN,NaN,NaN,NaN,NaN,NaN,NaN,NaN,NaN,NaN,329.664745425333,0.968249946864923,31.5766584108005,12.0694957093352,10.1514531719458,2.6139074339055,0.00460522090022232,0.00180810035178282,0,1.00016827525116,2555.71535100364,0,16982.4469273743,1,1,1,52,2018-10-31T15:28:35.937,20181031_ecoli_ARA_M4_50K,1000,-3464,162.775,DIA_100X_EMPTY_1x1_200ms,,,
2,55,11.8786342553575,654,48.9768808582946,796.047400611621,728.853211009174,NaN,NaN,NaN,NaN,NaN,NaN,NaN,NaN,NaN,NaN,NaN,NaN,NaN,NaN,NaN,574.264609366685,0.919110883105203,54.7178762712841,12.3163128193282,10.3461731892152,2.041533722926,0.00732650930590436,0.00299059489912971,2,1.00135957628844,4600.22000632396,0,16419.5275229358,1,1,1,52,2018-10-31T15:28:35.937,20181031_ecoli_ARA_M4_50K,1000,-3464,162.775,DIA_100X_EMPTY_1x1_200ms,,,
3,47,11.8660510238108,561,49.3419670586844,941.201426024955,358.02495543672,NaN,NaN,NaN,NaN,NaN,NaN,NaN,NaN,NaN,NaN,NaN,NaN,NaN,NaN,NaN,498.705578511136,0.939403806927199,47.6566052406115,11.9887349439117,10.1784266789439,2.40411260606058,0.00596844194671454,0.00214294630163677,4,1.0002811648415,3877.70073590514,0,16665.0106951872,1,1,1,52,2018-10-31T15:28:35.937,20181031_ecoli_ARA_M4_50K,1000,-3464,162.775,DIA_100X_EMPTY_1x1_200ms,,,
4,53,11.4482339611833,607,49.3743884472586,1477.86161449753,449.102141680395,NaN,NaN,NaN,NaN,NaN,NaN,NaN,NaN,NaN,NaN,NaN,NaN,NaN,NaN,NaN,536.950104981913,0.912856146340143,52.5927487578902,11.8672871967269,10.038831550386,2.01607691392574,0.0112488351558163,0.00376885563786228,3,1.00129519199859,4162.76682672582,0,16138.2685337727,1,1,1,52,2018-10-31T15:28:35.937,20181031_ecoli_ARA_M4_50K,1000,-3464,162.775,DIA_100X_EMPTY_1x1_200ms,,,
5,32,12.2981991534789,394,47.6839783641014,1732.71319796954,1185.87563451777,NaN,NaN,NaN,NaN,NaN,NaN,NaN,NaN,NaN,NaN,NaN,NaN,NaN,NaN,NaN,359.088788323957,0.974053140388372,32.6414543158737,12.4637879993759,10.7193646356013,2.75574380955129,0.00998789649205768,0.004271658632292,1,1.00106365137907,2945.76074353439,0,15608.6751269036,1,1,1,52,2018-10-31T15:28:35.937,20181031_ecoli_ARA_M4_50K,1000,-3464,162.775,DIA_100X_EMPTY_1x1_200ms,,,
6,47,12.3822088022687,582,49.6538426374593,1996.37800687285,1435.29381443299,NaN,NaN,NaN,NaN,NaN,NaN,NaN,NaN,NaN,NaN,NaN,NaN,NaN,NaN,NaN,496.111917572595,0.938770751894858,45.4886265498354,12.4149769538901,10.5561468720326,2.61188354356589,0.0131672357058272,0.00351104495832752,0,1.00125938673294,3981.10428287952,0,15652.5910652921,1,1,1,52,2018-10-31T15:28:35.937,20181031_ecoli_ARA_M4_50K,1000,-3464,162.775,DIA_100X_EMPTY_1x1_200ms,,,
