CellID,LongAxis,ShortAxis,Area,RegionScore,XPosition,YPosition,Fluor1Sum,Fluor1Mean,Fluor1Background,Fluor1BgStd,Fluor1FociNumber,Fluor2Sum,Fluor2Mean,Fluor2Background,Fluor2BgStd,Fluor2FociNumber,Fluor3Sum,Fluor3Mean,Fluor3Background,Fluor3BgStd,Fluor3FociNumber,MeshArea,MeshSolidity,MeshAxisLength,MeshRibsLengthMax,MeshRibsLengthMean,MeshRibsLengthStd,MeshCurvatureMax,MeshCurvatureMean,MeshCurvatureInflection,MeshSinuosity,MeshVolume,NumOfNeighbors,RegionGrayVal,TimeFrames,AgeFrames,RelativeAge,xyFolder,DateTime,Folder,StageXposition,StageYposition,StageZposition,PhaseConfig,Fluo1Config,Fluo2Config,Fluo3Config
1,32,10.8197983260092,346,49.2536934753703,71.6127167630058,208.494219653179,NaN,NaN,NaN,NaN,NaN,NaN,NaN,NaN,NaN,NaN,NaN,NaN,NaN,NaN,NaN,335.197131637689,0.982149804430957,32.4038218169431,11.6520072856989,10.141438621345,2.49659101917721,0.00296859467804866,0.00140361415879137,0,1.0001334734232,2617.49131798554,0,19218.4855491329,1,1,1,20,2018-10-04T18:01:22.615,20181004_ecoli_ARA_M1_50K,2000,1732,155.775,DIA_100X_EMPTY_1x1_200ms,,,
2,45,10.2495741326974,461,49.0862730743963,95.9934924078091,892.68546637744,NaN,NaN,NaN,NaN,NaN,NaN,NaN,NaN,NaN,NaN,NaN,NaN,NaN,NaN,NaN,444.620148691752,0.936772132833489,45.01639891661,11.282335130822,9.67254932017905,2.09713566502503,0.00922450913921741,0.0048208813942084,0,1.00312943788227,3307.82509584564,0,20011.7245119306,1,1,1,20,2018-10-04T18:01:22.615,20181004_ecoli_ARA_M1_50K,2000,1732,155.775,DIA_100X_EMPTY_1x1_200ms,,,
3,35,10.5708543760562,372,48.0819847052151,262.916666666667,27.239247311828,NaN,NaN,NaN,NaN,NaN,NaN,NaN,NaN,NaN,NaN,NaN,NaN,NaN,NaN,NaN,356.411349830244,0.978138960980989,35.8964086902897,11.7383811476375,9.62576169914134,2.57271777876376,0.00366857647059858,0.0013997394285048,0,1.0001217874242,2612.2280834578,0,19771.3655913979,1,1,1,20,2018-10-04T18:01:22.615,20181004_ecoli_ARA_M1_50K,2000,1732,155.775,DIA_100X_EMPTY_1x1_200ms,,,
4,48,11.0190612868934,529,49.6327189997274,271.415879017013,543.370510396975,NaN,NaN,NaN,NaN,NaN,NaN,NaN,NaN,NaN,NaN,NaN,NaN,NaN,NaN,NaN,495.168063879443,0.922356621049321,47.9134230135619,12.0384273315588,10.1103853834599,2.2240821180453,0.00535152801214538,0.00341590695907143,1,1.00077005078512,3846.6484762402,0,19503.0888468809,1,1,1,20,2018-10-04T18:01:22.615,20181004_ecoli_ARA_M1_50K,2000,1732,155.775,DIA_100X_EMPTY_1x1_200ms,,,
5,28,10.7241462991509,301,46.9986285055388,350.767441860465,344.717607973422,NaN,NaN,NaN,NaN,NaN,NaN,NaN,NaN,NaN,NaN,NaN,NaN,NaN,NaN,NaN,294.301003516265,0.984794868134194,28.4684219746184,11.9389316021989,9.99980526543204,2.74400291134665,0.00813078874675344,0.00381837422443695,1,1.00057119958691,2235.81755263222,0,19303.1196013289,1,1,1,20,2018-10-04T18:01:22.615,20181004_ecoli_ARA_M1_50K,2000,1732,155.775,DIA_100X_EMPTY_1x1_200ms,,,
6,42,11.1666732358904,469,49.5465333891274,349.724946695096,1488.34541577825,NaN,NaN,NaN,NaN,NaN,NaN,NaN,NaN,NaN,NaN,NaN,NaN,NaN,NaN,NaN,428.125579289219,0.93522946446943,41.9627334222528,11.8720324281443,9.95627058629171,2.35329980139251,0.0119474175625682,0.00854896589430875,0,1.00770308191897,3266.98419676573,0,19656.4520255864,1,1,1,20,2018-10-04T18:01:22.615,20181004_ecoli_ARA_M1_50K,2000,1732,155.775,DIA_100X_EMPTY_1x1_200ms,,,
7,35,12.3948228484687,434,49.0904947736383,493.375576036866,537.246543778802,NaN,NaN,NaN,NaN,NaN,NaN,NaN,NaN,NaN,NaN,NaN,NaN,NaN,NaN,NaN,391.894217229073,0.976410015961613,34.1271613369566,13.2007248206489,11.2402095866404,2.74172981172853,0.0233991833960208,0.0102278873599009,0,1.00658720244208,3386.40475614696,0,18902.2304147465,1,1,1,20,2018-10-04T18:01:22.615,20181004_ecoli_ARA_M1_50K,2000,1732,155.775,DIA_100X_EMPTY_1x1_200ms,,,
8,46,11.6375140930833,536,49.59441183578,556.662313432836,1961.74253731343,NaN,NaN,NaN,NaN,NaN,NaN,NaN,NaN,NaN,NaN,NaN,NaN,NaN,NaN,NaN,461.317801749544,0.920798600805163,45.1230833781796,11.8086296182369,10.02917961217,2.11785792421165,0.0103569322675621,0.00515972150030814,1,1.00312490394831,3564.67112420595,0,19375.927238806,1,1,1,20,2018-10-04T18:01:22.615,20181004_ecoli_ARA_M1_50K,2000,1732,155.775,DIA_100X_EMPTY_1x1_200ms,,,
9,28,11.4383658856712,321,41.9920189135965,573.317757009346,1341.75700934579,NaN,NaN,NaN,NaN,NaN,NaN,NaN,NaN,NaN,NaN,NaN,NaN,NaN,NaN,NaN,296.561504053737,0.982112174343584,28.2728361223991,12.3275721618128,10.2214252387403,2.74501653624711,0.010634338224471,0.00470683859688522,1,1.00121636211235,2319.96893825424,0,19446.0498442368,1,1,1,20,2018-10-04T18:01:22.615,20181004_ecoli_ARA_M1_50K,2000,1732,155.775,DIA_100X_EMPTY_1x1_200ms,,,
10,40,10.7712828753922,431,49.3804817494993,810.257540603248,99.5777262180975,NaN,NaN,NaN,NaN,NaN,NaN,NaN,NaN,NaN,NaN,NaN,NaN,NaN,NaN,NaN,406.80301696052,0.944261774613615,39.7195137680254,11.7919237022071,10.0469054934697,2.25132656133825,0.00849893581316676,0.00356127385582967,1,1.00036059356541,3148.89688210058,0,19703.0440835267,1,1,1,20,2018-10-04T18:01:22.615,20181004_ecoli_ARA_M1_50K,2000,1732,155.775,DIA_100X_EMPTY_1x1_200ms,,,
11,50,10.8802925050359,544,49.2697872785323,823.829044117647,1518.98161764706,NaN,NaN,NaN,NaN,NaN,NaN,NaN,NaN,NaN,NaN,NaN,NaN,NaN,NaN,NaN,499.758694863229,0.928647852611583,49.8170078576196,11.3135829615217,9.89105394743492,1.97802434276343,0.0115830847335378,0.00512439155033773,2,1.00139923912924,3827.83017455075,0,19253.4816176471,1,1,1,20,2018-10-04T18:01:22.615,20181004_ecoli_ARA_M1_50K,2000,1732,155.775,DIA_100X_EMPTY_1x1_200ms,,,
12,26,9.73043634904926,253,32.5323691564667,852.667984189723,2042.14624505929,NaN,NaN,NaN,NaN,NaN,NaN,NaN,NaN,NaN,NaN,NaN,NaN,NaN,NaN,NaN,NaN,NaN,NaN,NaN,NaN,NaN,NaN,NaN,NaN,NaN,NaN,1,18622.0790513834,1,1,1,20,2018-10-04T18:01:22.615,20181004_ecoli_ARA_M1_50K,2000,1732,155.775,DIA_100X_EMPTY_1x1_200ms,,,
13,28,3.34576216125844,94,-49.9999926085453,876.893617021277,2045.45744680851,NaN,NaN,NaN,NaN,NaN,NaN,NaN,NaN,NaN,NaN,NaN,NaN,NaN,NaN,NaN,NaN,NaN,NaN,NaN,NaN,NaN,NaN,NaN,NaN,NaN,NaN,1,21115.7872340426,1,1,1,20,2018-10-04T18:01:22.615,20181004_ecoli_ARA_M1_50K,2000,1732,155.775,DIA_100X_EMPTY_1x1_200ms,,,
14,55,10.7691348156815,593,44.6716696517302,1014.98313659359,1208.42495784148,NaN,NaN,NaN,NaN,NaN,NaN,NaN,NaN,NaN,NaN,NaN,NaN,NaN,NaN,NaN,542.824292244622,0.902217192398114,55.2899405930444,11.579071128207,9.69137041569314,1.93617023244026,0.00927995724496074,0.00334479918328197,3,1.00053557046434,4078.55563609219,0,19675.8634064081,1,1,1,20,2018-10-04T18:01:22.615,20181004_ecoli_ARA_M1_50K,2000,1732,155.775,DIA_100X_EMPTY_1x1_200ms,,,
15,46,11.4316943538434,526,49.2157971009812,1020.63688212928,1825.54942965779,NaN,NaN,NaN,NaN,NaN,NaN,NaN,NaN,NaN,NaN,NaN,NaN,NaN,NaN,NaN,460.986889121319,0.937367641373439,45.5853559205737,11.7483661877714,9.80785281006129,2.38543849642218,0.0131036607553179,0.00131360125134451,3,1.00017772807272,3443.99974491434,0,19055.283269962,1,1,1,20,2018-10-04T18:01:22.615,20181004_ecoli_ARA_M1_50K,2000,1732,155.775,DIA_100X_EMPTY_1x1_200ms,,,
16,30,10.6421834694774,319,48.6873815897176,1051.95297805643,1647.20376175549,NaN,NaN,NaN,NaN,NaN,NaN,NaN,NaN,NaN,NaN,NaN,NaN,NaN,NaN,NaN,300.12585053884,0.972082967593138,29.6691241773561,11.4568056459719,9.84629279629365,2.54777851364745,0.0109637514924898,0.00524559992435948,1,1.00172673435102,2259.12415872468,0,19737.4764890282,1,1,1,20,2018-10-04T18:01:22.615,20181004_ecoli_ARA_M1_50K,2000,1732,155.775,DIA_100X_EMPTY_1x1_200ms,,,
17,45,11.2251313697479,505,49.7467790738844,1073.59207920792,174.473267326733,NaN,NaN,NaN,NaN,NaN,NaN,NaN,NaN,NaN,NaN,NaN,NaN,NaN,NaN,NaN,457.886474989158,0.945184354058045,44.0780912368538,12.0305713884634,10.1850722400769,2.22382421677956,0.00415122633475491,0.00163644961573386,0,1.0003441991162,3591.21071547082,0,19136.5841584158,1,1,1,20,2018-10-04T18:01:22.615,20181004_ecoli_ARA_M1_50K,2000,1732,155.775,DIA_100X_EMPTY_1x1_200ms,,,
18,35,11.6562305079491,408,49.4147941015479,1076.72794117647,1347.04166666667,NaN,NaN,NaN,NaN,NaN,NaN,NaN,NaN,NaN,NaN,NaN,NaN,NaN,NaN,NaN,361.606834693431,0.964947046402039,34.4579400979554,12.1868120526106,10.1697746595051,2.71043714603459,0.00893890534906129,0.00131940212498783,2,1.0000258273143,2798.99326224697,0,18485.9730392157,1,1,1,20,2018-10-04T18:01:22.615,20181004_ecoli_ARA_M1_50K,2000,1732,155.775,DIA_100X_EMPTY_1x1_200ms,,,
19,32,11.9360105943229,382,48.3145111433332,1107.79319371728,1810.47382198953,NaN,NaN,NaN,NaN,NaN,NaN,NaN,NaN,NaN,NaN,NaN,NaN,NaN,NaN,NaN,335.456318453433,0.969886529962298,31.526192659967,12.1811092238875,10.3184177685727,2.78594026650802,0.00197406015086585,0.000901395008856685,2,1.00001731591776,2636.25624493647,0,18514.2905759162,1,1,1,20,2018-10-04T18:01:22.615,20181004_ecoli_ARA_M1_50K,2000,1732,155.775,DIA_100X_EMPTY_1x1_200ms,,,
20,34,11.6967896921869,398,49.5145079160679,1122.59045226131,1442.33668341709,NaN,NaN,NaN,NaN,NaN,NaN,NaN,NaN,NaN,NaN,NaN,NaN,NaN,NaN,NaN,351.962651631211,0.979734006066418,33.7586811203504,12.1907669048567,10.20091494884,2.5499107086521,0.00604406959821298,0.00252023913848216,1,1.0001275773702,2759.01210487573,0,19054.8015075377,1,1,1,20,2018-10-04T18:01:22.615,20181004_ecoli_ARA_M1_50K,2000,1732,155.775,DIA_100X_EMPTY_1x1_200ms,,,
21,31,11.6906071330401,363,47.8719080088482,1213.82644628099,614.498622589532,NaN,NaN,NaN,NaN,NaN,NaN,NaN,NaN,NaN,NaN,NaN,NaN,NaN,NaN,NaN,327.655720683788,0.978375506146364,30.7204509836185,12.084318204017,10.4222610134018,2.69810969828442,0.0192017598526959,0.00883898381828227,1,1.00478133570032,2620.84513311532,0,19175.0137741047,1,1,1,20,2018-10-04T18:01:22.615,20181004_ecoli_ARA_M1_50K,2000,1732,155.775,DIA_100X_EMPTY_1x1_200ms,,,
22,38,11.4392015935191,436,49.2347204429386,1279.98623853211,1104.28899082569,NaN,NaN,NaN,NaN,NaN,NaN,NaN,NaN,NaN,NaN,NaN,NaN,NaN,NaN,NaN,400.357668734753,0.937398772603638,38.9099052719072,11.840254032662,10.0152915619566,2.43995521643143,0.0164300937568225,0.00788520607237358,1,1.0048087537089,3065.33009145747,0,19375.5550458716,1,1,1,20,2018-10-04T18:01:22.615,20181004_ecoli_ARA_M1_50K,2000,1732,155.775,DIA_100X_EMPTY_1x1_200ms,,,
23,37,11.4580627749813,424,49.4621952592007,1367.13443396226,756.610849056604,NaN,NaN,NaN,NaN,NaN,NaN,NaN,NaN,NaN,NaN,NaN,NaN,NaN,NaN,NaN,382.551589352143,0.947263092823129,36.4015800407817,12.4288256046496,10.2292939562551,2.49705799541518,0.0170005315208783,0.00927993678466368,1,1.00197625116571,2991.58560153018,0,18871.1863207547,1,1,1,20,2018-10-04T18:01:22.615,20181004_ecoli_ARA_M1_50K,2000,1732,155.775,DIA_100X_EMPTY_1x1_200ms,,,
24,40,11.494707035034,460,49.4263486596353,1605.49130434783,1772.86086956522,NaN,NaN,NaN,NaN,NaN,NaN,NaN,NaN,NaN,NaN,NaN,NaN,NaN,NaN,NaN,392.607154833723,0.958101580470713,39.1007208836058,11.5221355755175,9.69555654599323,2.5357814135074,0.00611742313450293,0.00249729691512342,2,1.00030456820254,2886.82284131703,0,19764.9847826087,1,1,1,20,2018-10-04T18:01:22.615,20181004_ecoli_ARA_M1_50K,2000,1732,155.775,DIA_100X_EMPTY_1x1_200ms,,,
25,46,11.2460528640133,517,49.5399621430458,1630.26305609284,180.522243713733,NaN,NaN,NaN,NaN,NaN,NaN,NaN,NaN,NaN,NaN,NaN,NaN,NaN,NaN,NaN,463.689477066554,0.931506744279318,45.3357950359228,11.7743760932731,10.0731527866522,2.08148706911471,0.00910135468606795,0.00522902910790402,1,1.00345905398714,3612.95007232703,0,19384.9361702128,1,1,1,20,2018-10-04T18:01:22.615,20181004_ecoli_ARA_M1_50K,2000,1732,155.775,DIA_100X_EMPTY_1x1_200ms,,,
26,24,11.2502850670698,271,37.126201717951,1690.0332103321,451.730627306273,NaN,NaN,NaN,NaN,NaN,NaN,NaN,NaN,NaN,NaN,NaN,NaN,NaN,NaN,NaN,248.356864608462,0.9997113954858,23.9169691679208,12.2898904392672,10.1148914348815,3.01433618151003,0.00345929773611375,0.00185075929985996,1,1.00003196736666,1921.84552389816,0,19840.5461254613,1,1,1,20,2018-10-04T18:01:22.615,20181004_ecoli_ARA_M1_50K,2000,1732,155.775,DIA_100X_EMPTY_1x1_200ms,,,
27,28,10.4841684432715,294,42.1445092001601,1699.91496598639,106.91156462585,NaN,NaN,NaN,NaN,NaN,NaN,NaN,NaN,NaN,NaN,NaN,NaN,NaN,NaN,NaN,278.455682461978,0.980649089504804,28.2967527270726,11.2884464293504,9.43367401586201,2.81318482055808,0.0213058239848962,0.000789401299240382,2,1.00000778418371,1977.82658873705,0,20106.4455782313,1,1,1,20,2018-10-04T18:01:22.615,20181004_ecoli_ARA_M1_50K,2000,1732,155.775,DIA_100X_EMPTY_1x1_200ms,,,
28,38,12.3678312989793,471,49.3381778697981,1757.77282377919,1934.71337579618,NaN,NaN,NaN,NaN,NaN,NaN,NaN,NaN,NaN,NaN,NaN,NaN,NaN,NaN,NaN,387.613090470493,0.960666426654179,36.7042417784317,12.0893466663266,10.347866708707,2.42029293059097,0.00742760510184858,0.00381473601174431,2,1.00018705914405,3086.79501498709,0,20028.7515923567,1,1,1,20,2018-10-04T18:01:22.615,20181004_ecoli_ARA_M1_50K,2000,1732,155.775,DIA_100X_EMPTY_1x1_200ms,,,
1,24,10.3373902119714,249,-6.39580342751048,12.5261044176707,17.2771084337349,NaN,NaN,NaN,NaN,NaN,NaN,NaN,NaN,NaN,NaN,NaN,NaN,NaN,NaN,NaN,NaN,NaN,NaN,NaN,NaN,NaN,NaN,NaN,NaN,NaN,NaN,0,19734.2690763052,1,1,1,54,2018-10-04T18:02:42.383,20181004_ecoli_ARA_M1_50K,2500,-2598,155.775,DIA_100X_EMPTY_1x1_200ms,,,
2,30,11.3836568876167,342,48.283467536094,33.7719298245614,1646.91228070175,NaN,NaN,NaN,NaN,NaN,NaN,NaN,NaN,NaN,NaN,NaN,NaN,NaN,NaN,NaN,313.109876538922,0.990239883640456,29.9621861220377,11.8558578423232,10.0808250423788,2.95189066003415,0.0405730265045927,0.00333519072785185,0,1.00041309127053,2391.41821949664,0,18673.4473684211,1,1,1,54,2018-10-04T18:02:42.383,20181004_ecoli_ARA_M1_50K,2500,-2598,155.775,DIA_100X_EMPTY_1x1_200ms,,,
3,25,11.9591129975965,300,40.4404887460826,32.2166666666667,1786.77333333333,NaN,NaN,NaN,NaN,NaN,NaN,NaN,NaN,NaN,NaN,NaN,NaN,NaN,NaN,NaN,273.112425792997,0.992624343968252,25.1423745785953,12.6655419560937,10.3776127179441,3.21107192188148,0.0220796655705903,0.0105940000374067,1,1.00486354752651,2126.62586750783,0,19142.4733333333,1,1,1,54,2018-10-04T18:02:42.383,20181004_ecoli_ARA_M1_50K,2500,-2598,155.775,DIA_100X_EMPTY_1x1_200ms,,,
4,36,10.5986131640808,382,49.4926230544793,44,366.201570680628,NaN,NaN,NaN,NaN,NaN,NaN,NaN,NaN,NaN,NaN,NaN,NaN,NaN,NaN,NaN,360.855201666476,0.971766201129431,35.9105128223048,11.2562586956035,9.87167379706774,2.27921415029521,0.00325276925996694,0.00118621755892257,3,1.00006340894793,2748.48316018824,0,18952.8403141361,1,1,1,54,2018-10-04T18:02:42.383,20181004_ecoli_ARA_M1_50K,2500,-2598,155.775,DIA_100X_EMPTY_1x1_200ms,,,
5,30,10.4335451941354,313,48.7777971572842,120.137380191693,664.814696485623,NaN,NaN,NaN,NaN,NaN,NaN,NaN,NaN,NaN,NaN,NaN,NaN,NaN,NaN,NaN,294.4459997088,0.968607932878388,29.6639580433022,11.4516656522273,9.66632694893173,2.5398470503837,0.0151701480696509,0.0089004767315376,0,1.00467213635111,2176.91734839683,0,20040.8977635783,1,1,1,54,2018-10-04T18:02:42.383,20181004_ecoli_ARA_M1_50K,2500,-2598,155.775,DIA_100X_EMPTY_1x1_200ms,,,
6,51,11.7841166340024,601,49.049869145391,146.462562396007,1854.12479201331,NaN,NaN,NaN,NaN,NaN,NaN,NaN,NaN,NaN,NaN,NaN,NaN,NaN,NaN,NaN,527.638613346944,0.906587717958756,50.8374133509895,11.9052510501699,10.2420933868026,1.99274846183449,0.0160606550604739,0.0089732081356733,1,1.00664653859998,4188.4254452893,0,18779.1031613977,1,1,1,54,2018-10-04T18:02:42.383,20181004_ecoli_ARA_M1_50K,2500,-2598,155.775,DIA_100X_EMPTY_1x1_200ms,,,
7,26,11.9847088140507,312,40.1298670205253,142.019230769231,1675.18269230769,NaN,NaN,NaN,NaN,NaN,NaN,NaN,NaN,NaN,NaN,NaN,NaN,NaN,NaN,NaN,284.257464092241,0.997624520333208,24.7792700397032,13.3068767366478,10.9460600014671,3.52813694363024,0.00983576367005083,0.00416783120575425,2,1.00069260709022,2331.81471591645,0,18040.2051282051,1,1,1,54,2018-10-04T18:02:42.383,20181004_ecoli_ARA_M1_50K,2500,-2598,155.775,DIA_100X_EMPTY_1x1_200ms,,,
8,32,11.0302344536333,353,49.2067165136021,147.263456090652,54.4929178470255,NaN,NaN,NaN,NaN,NaN,NaN,NaN,NaN,NaN,NaN,NaN,NaN,NaN,NaN,NaN,326.327906660538,0.972043244866252,31.6337837308687,11.9886061666644,10.052987020047,2.56359969969617,0.0119463144304065,0.0056483285371507,1,1.00205194825307,2510.91069291738,0,19518.7110481586,1,1,1,54,2018-10-04T18:02:42.383,20181004_ecoli_ARA_M1_50K,2500,-2598,155.775,DIA_100X_EMPTY_1x1_200ms,,,
9,32,11.2813090224966,362,47.8751205421509,166.693370165746,455.314917127072,NaN,NaN,NaN,NaN,NaN,NaN,NaN,NaN,NaN,NaN,NaN,NaN,NaN,NaN,NaN,330.348109966068,0.97815510780682,32.2374883804684,11.5481057142817,10.0039024117455,2.52394037953744,0.00189086473397375,0.000952607433878318,2,1.00000748442181,2533.90292611653,0,19198.5690607735,1,1,1,54,2018-10-04T18:02:42.383,20181004_ecoli_ARA_M1_50K,2500,-2598,155.775,DIA_100X_EMPTY_1x1_200ms,,,
10,28,10.5436454839933,295,48.0713826629007,168.552542372881,363.372881355932,NaN,NaN,NaN,NaN,NaN,NaN,NaN,NaN,NaN,NaN,NaN,NaN,NaN,NaN,NaN,287.951896781099,0.983340376249699,28.0928311211796,11.8796531683043,9.93433468411915,2.70840300415617,0.0104949399992062,0.00615689146382519,0,1.00197635015582,2177.52406875564,0,19301.1084745763,1,1,1,54,2018-10-04T18:02:42.383,20181004_ecoli_ARA_M1_50K,2500,-2598,155.775,DIA_100X_EMPTY_1x1_200ms,,,
11,39,10.6424406746388,416,49.2566748942998,170.627403846154,161.492788461538,NaN,NaN,NaN,NaN,NaN,NaN,NaN,NaN,NaN,NaN,NaN,NaN,NaN,NaN,NaN,398.969269085838,0.94423009985271,40.0017750415809,11.6590613343633,9.73045100767219,2.29698426577357,0.00918726983358979,0.00549416719151825,0,1.00275957719123,2974.64460013252,0,19766.8052884615,1,1,1,54,2018-10-04T18:02:42.383,20181004_ecoli_ARA_M1_50K,2500,-2598,155.775,DIA_100X_EMPTY_1x1_200ms,,,
12,27,11.0122088255534,298,46.8770651564621,227.640939597315,1295.95973154362,NaN,NaN,NaN,NaN,NaN,NaN,NaN,NaN,NaN,NaN,NaN,NaN,NaN,NaN,NaN,275.369277230917,0.989473092829965,27.1854092937358,11.6306634458858,9.66663689617469,3.0280830162826,0.00860974041540304,0.00410034029798089,1,1.00090792180859,1995.15466831416,0,18996.2583892617,1,1,1,54,2018-10-04T18:02:42.383,20181004_ecoli_ARA_M1_50K,2500,-2598,155.775,DIA_100X_EMPTY_1x1_200ms,,,
13,44,11.9963441691548,528,49.5295297916663,241.117424242424,1698.71401515152,NaN,NaN,NaN,NaN,NaN,NaN,NaN,NaN,NaN,NaN,NaN,NaN,NaN,NaN,NaN,465.823333829818,0.929858817775612,43.2438309252466,12.1934783056751,10.5846957156439,2.28514113087137,0.0168350788007513,0.00687947873451092,2,1.00655379734103,3805.14137708644,0,18081.4659090909,1,1,1,54,2018-10-04T18:02:42.383,20181004_ecoli_ARA_M1_50K,2500,-2598,155.775,DIA_100X_EMPTY_1x1_200ms,,,
14,40,10.7232268573421,429,48.8653086291222,327.170163170163,1704.84848484848,NaN,NaN,NaN,NaN,NaN,NaN,NaN,NaN,NaN,NaN,NaN,NaN,NaN,NaN,NaN,397.113090044554,0.938887743250656,39.6248004390234,11.2808705813656,9.82285910808653,2.21934616354023,0.0214760574846273,0.00908162732442374,1,1.00842510729437,3002.84419562231,0,18607.6946386946,1,1,1,54,2018-10-04T18:02:42.383,20181004_ecoli_ARA_M1_50K,2500,-2598,155.775,DIA_100X_EMPTY_1x1_200ms,,,
15,35,10.9877603131279,385,49.0995119622263,340.111688311688,86.4441558441558,NaN,NaN,NaN,NaN,NaN,NaN,NaN,NaN,NaN,NaN,NaN,NaN,NaN,NaN,NaN,354.681209532179,0.976034179397228,34.349568915965,11.487115386556,10.0138479888414,2.52537113636889,0.0151016818629658,0.00598552074042087,1,1.00129064418107,2705.28585283672,0,19202.1142857143,1,1,1,54,2018-10-04T18:02:42.383,20181004_ecoli_ARA_M1_50K,2500,-2598,155.775,DIA_100X_EMPTY_1x1_200ms,,,
16,42,12.2333945131025,515,49.028940520544,354.172815533981,916.130097087379,NaN,NaN,NaN,NaN,NaN,NaN,NaN,NaN,NaN,NaN,NaN,NaN,NaN,NaN,NaN,451.864944584035,0.950060541118207,42.3074852532667,12.0701878148462,10.504601930443,2.23129182462971,0.00898801770936904,0.00344135516266392,4,1.00077965151048,3666.6232859686,0,18947.6194174757,1,1,1,54,2018-10-04T18:02:42.383,20181004_ecoli_ARA_M1_50K,2500,-2598,155.775,DIA_100X_EMPTY_1x1_200ms,,,
17,47,11.2325831830091,528,49.460316012502,381.030303030303,295.098484848485,NaN,NaN,NaN,NaN,NaN,NaN,NaN,NaN,NaN,NaN,NaN,NaN,NaN,NaN,NaN,478.451989150037,0.936435217400519,46.9895125724933,11.6355789908974,9.86444091669884,2.37384256506222,0.00872081650639397,0.00233750983075687,2,1.00051173541655,3591.16841988821,0,19283.5757575758,1,1,1,54,2018-10-04T18:02:42.383,20181004_ecoli_ARA_M1_50K,2500,-2598,155.775,DIA_100X_EMPTY_1x1_200ms,,,
18,34,11.7262941624122,400,49.1489375672507,477.2725,1896.035,NaN,NaN,NaN,NaN,NaN,NaN,NaN,NaN,NaN,NaN,NaN,NaN,NaN,NaN,NaN,357.48369387466,0.968901649621693,34.2420360528636,11.8490683131245,10.071594769093,2.75523546359963,0.0124427177065439,0.00730186737816227,0,1.00417549116665,2728.00994215284,0,18315.395,1,1,1,54,2018-10-04T18:02:42.383,20181004_ecoli_ARA_M1_50K,2500,-2598,155.775,DIA_100X_EMPTY_1x1_200ms,,,
19,31,11.6031454638038,360,46.7595370732531,592.416666666667,743.705555555556,NaN,NaN,NaN,NaN,NaN,NaN,NaN,NaN,NaN,NaN,NaN,NaN,NaN,NaN,NaN,336.639230922831,0.975780462440131,31.248445443155,12.5708051668201,10.5393203753338,2.62886706980189,0.0173912667406567,0.00781355493096229,1,1.00235582170862,2726.11084858396,0,18714.7166666667,1,1,1,54,2018-10-04T18:02:42.383,20181004_ecoli_ARA_M1_50K,2500,-2598,155.775,DIA_100X_EMPTY_1x1_200ms,,,
20,45,11.7012045960382,528,49.2983908518853,601.005681818182,1418.24621212121,NaN,NaN,NaN,NaN,NaN,NaN,NaN,NaN,NaN,NaN,NaN,NaN,NaN,NaN,NaN,484.165703734955,0.939662487934683,45.8387128099469,12.2277489670135,10.3152933281635,2.31974306518805,0.0183327023109773,0.00615861823269661,1,1.00424383551882,3830.76454752139,0,18168.2575757576,1,1,1,54,2018-10-04T18:02:42.383,20181004_ecoli_ARA_M1_50K,2500,-2598,155.775,DIA_100X_EMPTY_1x1_200ms,,,
21,35,12.4029413020731,434,48.9509168648809,599.444700460829,1568.78110599078,NaN,NaN,NaN,NaN,NaN,NaN,NaN,NaN,NaN,NaN,NaN,NaN,NaN,NaN,NaN,387.715412105559,0.967386009903279,34.6141757733675,13.0960640043344,10.9309375013423,2.69632729325469,0.0132112766628103,0.00597755393338919,1,1.00319219352822,3248.31919504292,0,18039.4930875576,1,1,1,54,2018-10-04T18:02:42.383,20181004_ecoli_ARA_M1_50K,2500,-2598,155.775,DIA_100X_EMPTY_1x1_200ms,,,
22,42,10.3570064125105,435,49.5400269542944,707.887356321839,32.4712643678161,NaN,NaN,NaN,NaN,NaN,NaN,NaN,NaN,NaN,NaN,NaN,NaN,NaN,NaN,NaN,411.446592512732,0.949460667234891,41.2902409646633,11.4988483714806,9.67556061723252,2.39665294489493,0.0275776812350867,0.00144020358461957,2,1.00002934521706,3035.91476957944,0,18793.8413793103,1,1,1,54,2018-10-04T18:02:42.383,20181004_ecoli_ARA_M1_50K,2500,-2598,155.775,DIA_100X_EMPTY_1x1_200ms,,,
23,40,10.5501846564275,422,49.5518343179624,754.663507109005,1025.49526066351,NaN,NaN,NaN,NaN,NaN,NaN,NaN,NaN,NaN,NaN,NaN,NaN,NaN,NaN,NaN,408.082252910438,0.935425156929851,40.7627519469529,11.7137840340248,9.72024592457786,2.36395246410055,0.0129267429425787,0.006653049886733,0,1.00483310694101,3024.87813815714,0,19200.144549763,1,1,1,54,2018-10-04T18:02:42.383,20181004_ecoli_ARA_M1_50K,2500,-2598,155.775,DIA_100X_EMPTY_1x1_200ms,,,
24,40,10.9029881161031,436,49.4564875177612,791.956422018349,215.770642201835,NaN,NaN,NaN,NaN,NaN,NaN,NaN,NaN,NaN,NaN,NaN,NaN,NaN,NaN,NaN,402.219278860957,0.957765690960375,39.4935512697351,11.678812903604,9.94808625407044,2.30426227689353,0.00584357535272005,0.00249525452541016,2,1.00026797873503,3069.69447814284,0,19088.4931192661,1,1,1,54,2018-10-04T18:02:42.383,20181004_ecoli_ARA_M1_50K,2500,-2598,155.775,DIA_100X_EMPTY_1x1_200ms,,,
25,36,11.0006682521292,397,47.7891531692103,803.32241813602,533.274559193955,NaN,NaN,NaN,NaN,NaN,NaN,NaN,NaN,NaN,NaN,NaN,NaN,NaN,NaN,NaN,371.999297772976,0.965119506700333,36.6563322792279,11.5529618964046,9.91879045757782,2.36215902844783,0.00842132460121254,0.0037836463742405,1,1.00124719225579,2832.41131768669,0,18666.1259445844,1,1,1,54,2018-10-04T18:02:42.383,20181004_ecoli_ARA_M1_50K,2500,-2598,155.775,DIA_100X_EMPTY_1x1_200ms,,,
26,41,12.3155016461676,505,49.5411589487531,809.025742574257,1463.48316831683,NaN,NaN,NaN,NaN,NaN,NaN,NaN,NaN,NaN,NaN,NaN,NaN,NaN,NaN,NaN,447.051375454153,0.955429960456683,40.8341646774797,12.5778710898451,10.768816865901,2.40815302082973,0.0139777602599736,0.00636718026301933,1,1.00121454700537,3719.20005938867,0,18090.5643564356,1,1,1,54,2018-10-04T18:02:42.383,20181004_ecoli_ARA_M1_50K,2500,-2598,155.775,DIA_100X_EMPTY_1x1_200ms,,,
27,34,11.542958436911,393,48.7224250887424,818.422391857506,853.809160305344,NaN,NaN,NaN,NaN,NaN,NaN,NaN,NaN,NaN,NaN,NaN,NaN,NaN,NaN,NaN,363.020469142719,0.968060192705785,34.5935080185284,12.2655671004581,10.0992099168493,2.79375346726519,0.169930130855482,0.00760841165685389,1,1.00053296706315,2771.1452160344,0,18540.786259542,1,1,1,54,2018-10-04T18:02:42.383,20181004_ecoli_ARA_M1_50K,2500,-2598,155.775,DIA_100X_EMPTY_1x1_200ms,,,
28,33,10.3877153447375,343,49.1054640828656,819.874635568513,253.67055393586,NaN,NaN,NaN,NaN,NaN,NaN,NaN,NaN,NaN,NaN,NaN,NaN,NaN,NaN,NaN,325.922211779054,0.966453404493403,33.1152765104147,11.4546768499096,9.59013649634491,2.433682187327,0.00666634660171492,0.00293350015458889,1,1.00051062105034,2392.03673074605,0,19194.2653061224,1,1,1,54,2018-10-04T18:02:42.383,20181004_ecoli_ARA_M1_50K,2500,-2598,155.775,DIA_100X_EMPTY_1x1_200ms,,,
29,33,10.6307022452519,351,49.0925589865569,887.900284900285,1410.35897435897,NaN,NaN,NaN,NaN,NaN,NaN,NaN,NaN,NaN,NaN,NaN,NaN,NaN,NaN,NaN,331.623766145347,0.963158887394037,32.9897414006019,11.2521599237279,9.78046287274804,2.46224059063411,0.0166895863109311,0.00759555809351993,2,1.00476508453,2478.49250655186,0,18750.8518518519,1,1,1,54,2018-10-04T18:02:42.383,20181004_ecoli_ARA_M1_50K,2500,-2598,155.775,DIA_100X_EMPTY_1x1_200ms,,,
30,28,11.7008230275302,328,47.6977755853111,893.091463414634,342.850609756098,NaN,NaN,NaN,NaN,NaN,NaN,NaN,NaN,NaN,NaN,NaN,NaN,NaN,NaN,NaN,295.576356146377,0.981758568821633,27.9297265337814,12.240755312854,10.3453220324445,2.70844664173426,0.00258637460009007,0.00128999784071162,1,1.00009245368703,2347.71077369749,0,18645.8475609756,1,1,1,54,2018-10-04T18:02:42.383,20181004_ecoli_ARA_M1_50K,2500,-2598,155.775,DIA_100X_EMPTY_1x1_200ms,,,
31,27,11.3930418338844,308,46.7980976052778,913.12987012987,1843.33116883117,NaN,NaN,NaN,NaN,NaN,NaN,NaN,NaN,NaN,NaN,NaN,NaN,NaN,NaN,NaN,280.614289290408,0.984183155666521,26.5610367333731,12.0760469852988,10.0299858755852,3.16758622392945,0.0187603165980016,0.00249035972375112,1,1.00024973539065,2098.62840474368,0,18101.3084415584,1,1,1,54,2018-10-04T18:02:42.383,20181004_ecoli_ARA_M1_50K,2500,-2598,155.775,DIA_100X_EMPTY_1x1_200ms,,,
32,26,11.6165795519193,302,44.3572954546298,934.817880794702,1476.72847682119,NaN,NaN,NaN,NaN,NaN,NaN,NaN,NaN,NaN,NaN,NaN,NaN,NaN,NaN,NaN,271.349841397842,0.988759346252848,25.5085243001506,12.2871831673728,10.2854622935759,2.94271603399885,0.0185641844402797,0.00989116473308978,1,1.00435893553898,2119.44840642433,0,18219.9139072848,1,1,1,54,2018-10-04T18:02:42.383,20181004_ecoli_ARA_M1_50K,2500,-2598,155.775,DIA_100X_EMPTY_1x1_200ms,,,
33,37,11.4122865481293,423,48.9255351395463,969.71158392435,1579.66193853428,NaN,NaN,NaN,NaN,NaN,NaN,NaN,NaN,NaN,NaN,NaN,NaN,NaN,NaN,NaN,383.177386012018,0.952642218938524,37.326768521444,12.2309621435683,10.073833572489,2.28086522688523,0.00360502144506187,0.00190773803134188,1,1.00034324540851,2975.08801404138,0,18558.6997635934,1,1,1,54,2018-10-04T18:02:42.383,20181004_ecoli_ARA_M1_50K,2500,-2598,155.775,DIA_100X_EMPTY_1x1_200ms,,,
34,37,11.4994884880568,426,49.0790474452683,1025.49530516432,1072.28403755869,NaN,NaN,NaN,NaN,NaN,NaN,NaN,NaN,NaN,NaN,NaN,NaN,NaN,NaN,NaN,383.84428438671,0.953395643413538,37.0913763331148,12.0242358380534,10.0971444757756,2.43267536645491,0.0035158671991148,0.00150985720524416,1,1.00012071773426,2970.02408406501,0,18695.9319248826,1,1,1,54,2018-10-04T18:02:42.383,20181004_ecoli_ARA_M1_50K,2500,-2598,155.775,DIA_100X_EMPTY_1x1_200ms,,,
35,26,12.5815392925389,328,42.1651295347115,1042.34146341463,1286.62195121951,NaN,NaN,NaN,NaN,NaN,NaN,NaN,NaN,NaN,NaN,NaN,NaN,NaN,NaN,NaN,288.481322330743,0.99493773462821,25.4784236471552,13.0104321527991,10.8775953597999,3.33594417680286,0.0046185826879811,0.00248384167697938,0,1.00027355143784,2367.7085071658,0,17772.7957317073,1,1,1,54,2018-10-04T18:02:42.383,20181004_ecoli_ARA_M1_50K,2500,-2598,155.775,DIA_100X_EMPTY_1x1_200ms,,,
36,38,11.4215404243025,434,49.5570662060301,1059.24884792627,1522.28341013825,NaN,NaN,NaN,NaN,NaN,NaN,NaN,NaN,NaN,NaN,NaN,NaN,NaN,NaN,NaN,380.092593034065,0.968394947456278,36.9798381698756,11.6329826312562,9.98763384473548,2.54580585639211,0.00545099254902562,0.00173417682091257,3,1.0002669098779,2897.21091278925,0,18223.8271889401,1,1,1,54,2018-10-04T18:02:42.383,20181004_ecoli_ARA_M1_50K,2500,-2598,155.775,DIA_100X_EMPTY_1x1_200ms,,,
37,29,9.8969708694782,287,47.9171228602629,1054.65505226481,474.728222996516,NaN,NaN,NaN,NaN,NaN,NaN,NaN,NaN,NaN,NaN,NaN,NaN,NaN,NaN,NaN,282.657098326737,0.977641018977601,28.6198289997843,11.7774860620734,9.58507136652799,2.63576676356061,0.00457865922753596,0.00294748319397823,0,1.00039965525981,2065.13105489961,0,19203.0522648084,1,1,1,54,2018-10-04T18:02:42.383,20181004_ecoli_ARA_M1_50K,2500,-2598,155.775,DIA_100X_EMPTY_1x1_200ms,,,
38,42,10.7380538333315,451,49.4563024834037,1065.9512195122,1715.93348115299,NaN,NaN,NaN,NaN,NaN,NaN,NaN,NaN,NaN,NaN,NaN,NaN,NaN,NaN,NaN,423.274175216327,0.940528712194041,41.732421472939,12.2919945121761,9.95685978698762,2.24487849328403,0.00868858156768842,0.00414719359725289,1,1.00047575452444,3249.43795584654,0,19375.4789356984,1,1,1,54,2018-10-04T18:02:42.383,20181004_ecoli_ARA_M1_50K,2500,-2598,155.775,DIA_100X_EMPTY_1x1_200ms,,,
39,26,12.1825220043919,317,42.2107308106252,1081.05678233438,739.429022082019,NaN,NaN,NaN,NaN,NaN,NaN,NaN,NaN,NaN,NaN,NaN,NaN,NaN,NaN,NaN,280.422578490796,0.995582179586298,25.3975339688646,12.6535976716543,10.613683803373,3.22801157637521,0.0110911823873457,0.00486261414895853,1,1.00067541677038,2247.055099116,0,18371.4479495268,1,1,1,54,2018-10-04T18:02:42.383,20181004_ecoli_ARA_M1_50K,2500,-2598,155.775,DIA_100X_EMPTY_1x1_200ms,,,
40,29,9.95108841996747,289,48.154435095904,1085.02076124567,1145.43944636678,NaN,NaN,NaN,NaN,NaN,NaN,NaN,NaN,NaN,NaN,NaN,NaN,NaN,NaN,NaN,284.546275973973,0.974241912848507,28.8788324482426,11.6904406398815,9.63044577208369,2.47407058727147,0.00740394814888945,0.00381520195224031,0,1.0008501773308,2103.59578834179,0,19367.8858131488,1,1,1,54,2018-10-04T18:02:42.383,20181004_ecoli_ARA_M1_50K,2500,-2598,155.775,DIA_100X_EMPTY_1x1_200ms,,,
41,45,11.2321754940374,506,49.2007989298512,1097.25691699605,1097.91699604743,NaN,NaN,NaN,NaN,NaN,NaN,NaN,NaN,NaN,NaN,NaN,NaN,NaN,NaN,NaN,458.103765447834,0.930156588682505,44.8912861698457,11.9100461383398,10.0593754366043,2.04109416367971,0.0104193774521534,0.004167432165343,2,1.00215596166374,3567.74629859424,0,19027.1304347826,1,1,1,54,2018-10-04T18:02:42.383,20181004_ecoli_ARA_M1_50K,2500,-2598,155.775,DIA_100X_EMPTY_1x1_200ms,,,
42,26,11.691175509911,305,30.7411905400954,1118.60983606557,62.5377049180328,NaN,NaN,NaN,NaN,NaN,NaN,NaN,NaN,NaN,NaN,NaN,NaN,NaN,NaN,NaN,292.507827256039,0.985991056118478,27.2384015399568,12.3147779511556,10.4433124994323,2.92011790983753,0.00592425411025512,0.00281273346873843,1,1.00021734896913,2333.17893476244,0,18854.8491803279,1,1,1,54,2018-10-04T18:02:42.383,20181004_ecoli_ARA_M1_50K,2500,-2598,155.775,DIA_100X_EMPTY_1x1_200ms,,,
43,37,10.0533862145196,372,49.2580752652369,1164.1935483871,1363.47311827957,NaN,NaN,NaN,NaN,NaN,NaN,NaN,NaN,NaN,NaN,NaN,NaN,NaN,NaN,NaN,372.012347616119,0.92963104027214,37.6344494966117,11.8470155245794,9.57346260109176,2.36641199907176,0.0223105654100194,0.0109707513639029,0,1.01029125657404,2709.02828273867,1,19668.2392473118,1,1,1,54,2018-10-04T18:02:42.383,20181004_ecoli_ARA_M1_50K,2500,-2598,155.775,DIA_100X_EMPTY_1x1_200ms,,,
44,30,10.908995545117,328,45.9538754116611,1191.43902439024,1362.93902439024,NaN,NaN,NaN,NaN,NaN,NaN,NaN,NaN,NaN,NaN,NaN,NaN,NaN,NaN,NaN,310.011127015264,0.969758022872177,30.3236925701399,11.7233514542912,9.84168690960508,2.78963289503459,0.0385743849884002,0.00636207062706568,1,1.00199089937342,2306.8059135105,1,18974.131097561,1,1,1,54,2018-10-04T18:02:42.383,20181004_ecoli_ARA_M1_50K,2500,-2598,155.775,DIA_100X_EMPTY_1x1_200ms,,,
45,53,10.8723006968042,577,49.2217146018048,1223.38648180243,507.876949740035,NaN,NaN,NaN,NaN,NaN,NaN,NaN,NaN,NaN,NaN,NaN,NaN,NaN,NaN,NaN,525.63049195406,0.937026003462711,52.7329577104931,11.4126071079172,9.82265598053175,1.90407576022814,0.00404058571191864,0.00192567948127385,2,1.00051210434744,3996.04049179618,0,19072.7902946274,1,1,1,54,2018-10-04T18:02:42.383,20181004_ecoli_ARA_M1_50K,2500,-2598,155.775,DIA_100X_EMPTY_1x1_200ms,,,
46,40,10.9249808539015,437,49.4718109637571,1279.77803203661,1590.79176201373,NaN,NaN,NaN,NaN,NaN,NaN,NaN,NaN,NaN,NaN,NaN,NaN,NaN,NaN,NaN,399.43822370276,0.931032920384173,39.8903435201964,11.5012062043005,9.74303347257346,2.37858344064073,0.0172250114805096,0.00720049660874933,1,1.00399877740827,2974.03480567902,0,19012.6704805492,1,1,1,54,2018-10-04T18:02:42.383,20181004_ecoli_ARA_M1_50K,2500,-2598,155.775,DIA_100X_EMPTY_1x1_200ms,,,
47,39,10.7138390174988,418,49.5727006026376,1355.0956937799,1651.81578947368,NaN,NaN,NaN,NaN,NaN,NaN,NaN,NaN,NaN,NaN,NaN,NaN,NaN,NaN,NaN,380.70037062511,0.939818556482786,38.8249683972957,11.3215297882048,9.62902993095019,2.17111649856876,0.0123974059784107,0.00524899121143626,2,1.0032585393174,2827.26206213589,0,18985.8229665072,1,1,1,54,2018-10-04T18:02:42.383,20181004_ecoli_ARA_M1_50K,2500,-2598,155.775,DIA_100X_EMPTY_1x1_200ms,,,
48,45,11.1221917975483,501,49.0026344906694,1498.19361277445,1395.99401197605,NaN,NaN,NaN,NaN,NaN,NaN,NaN,NaN,NaN,NaN,NaN,NaN,NaN,NaN,NaN,450.241156941787,0.9003523008327,45.2019226305504,11.7512373550432,9.79305025643253,2.05113854504579,0.0155539527873825,0.00672017923952275,2,1.00587479598697,3404.73061165576,0,19873.1477045908,1,1,1,54,2018-10-04T18:02:42.383,20181004_ecoli_ARA_M1_50K,2500,-2598,155.775,DIA_100X_EMPTY_1x1_200ms,,,
49,38,11.6503285928436,443,49.190901161802,1509.66591422122,1808.57787810384,NaN,NaN,NaN,NaN,NaN,NaN,NaN,NaN,NaN,NaN,NaN,NaN,NaN,NaN,NaN,390.753975912429,0.95097549690036,37.8376624060153,11.9828016845438,10.1435674841754,2.32743027390905,0.010655920380852,0.00586542123300178,1,1.00329697349123,3057.70529378252,0,19203.8103837472,1,1,1,54,2018-10-04T18:02:42.383,20181004_ecoli_ARA_M1_50K,2500,-2598,155.775,DIA_100X_EMPTY_1x1_200ms,,,
50,36,10.5900005337051,382,48.9808225553972,1575.8167539267,662.410994764398,NaN,NaN,NaN,NaN,NaN,NaN,NaN,NaN,NaN,NaN,NaN,NaN,NaN,NaN,NaN,349.42736367146,0.944675489603981,35.8897185641308,11.1687091649616,9.4534470839475,2.34026472210318,0.0153667953011163,0.00704160704348688,1,1.00421264686734,2519.07054166373,0,19597.4712041885,1,1,1,54,2018-10-04T18:02:42.383,20181004_ecoli_ARA_M1_50K,2500,-2598,155.775,DIA_100X_EMPTY_1x1_200ms,,,
51,30,12.3838908561887,372,47.5285191130642,1646.17741935484,1766.15053763441,NaN,NaN,NaN,NaN,NaN,NaN,NaN,NaN,NaN,NaN,NaN,NaN,NaN,NaN,NaN,311.595993343327,0.992541550068312,29.0149822322801,12.1104634710375,10.2253649235511,3.17304757232307,0.129069495566843,0.00801949605371628,0,1.00177626656872,2382.70251099011,0,18774.9193548387,1,1,1,54,2018-10-04T18:02:42.383,20181004_ecoli_ARA_M1_50K,2500,-2598,155.775,DIA_100X_EMPTY_1x1_200ms,,,
52,42,10.3191780252283,434,49.2941653218914,1695.44700460829,570.032258064516,NaN,NaN,NaN,NaN,NaN,NaN,NaN,NaN,NaN,NaN,NaN,NaN,NaN,NaN,NaN,396.264367715643,0.955624027056189,41.4831681465719,10.6285279876788,9.22450676025873,2.30971881880776,0.014423832510498,0.00574748545268957,2,1.00157479852581,2772.35030342652,0,19773.5230414747,1,1,1,54,2018-10-04T18:02:42.383,20181004_ecoli_ARA_M1_50K,2500,-2598,155.775,DIA_100X_EMPTY_1x1_200ms,,,
53,31,10.5062956804629,326,48.4710777593117,1726.9263803681,451.929447852761,NaN,NaN,NaN,NaN,NaN,NaN,NaN,NaN,NaN,NaN,NaN,NaN,NaN,NaN,NaN,297.197576161663,0.978697283638633,30.1553637794247,11.229217021168,9.59468018716385,2.53497025207177,0.00392503531898748,0.00192015692041839,1,1.00019695190098,2180.29600925183,0,19934.3006134969,1,1,1,54,2018-10-04T18:02:42.383,20181004_ecoli_ARA_M1_50K,2500,-2598,155.775,DIA_100X_EMPTY_1x1_200ms,,,
54,28,11.7317891150078,329,47.7689613011582,1760.96048632219,1944.91489361702,NaN,NaN,NaN,NaN,NaN,NaN,NaN,NaN,NaN,NaN,NaN,NaN,NaN,NaN,NaN,274.912680517117,0.994562202442537,26.5088153805359,12.0053595388002,9.81510002494227,3.23373891570548,0.109962355693569,0.00363472870415056,0,1.0001100776796,2005.71702784503,0,19886.6960486322,1,1,1,54,2018-10-04T18:02:42.383,20181004_ecoli_ARA_M1_50K,2500,-2598,155.775,DIA_100X_EMPTY_1x1_200ms,,,
55,39,12.0184112803967,469,47.6023037046838,1848.73560767591,1056.74840085288,NaN,NaN,NaN,NaN,NaN,NaN,NaN,NaN,NaN,NaN,NaN,NaN,NaN,NaN,NaN,397.184640921136,0.9376770426191,38.3070274206269,11.8717760456158,10.1904588234011,2.28840628872485,0.0196957361895938,0.00836152495913434,2,1.00490418766394,3124.32217222401,0,20536.473347548,1,1,1,54,2018-10-04T18:02:42.383,20181004_ecoli_ARA_M1_50K,2500,-2598,155.775,DIA_100X_EMPTY_1x1_200ms,,,
56,40,9.51759520119186,381,48.33986998761,1855.61942257218,118.821522309711,NaN,NaN,NaN,NaN,NaN,NaN,NaN,NaN,NaN,NaN,NaN,NaN,NaN,NaN,NaN,378.097113153308,0.931001027252311,40.5403209038203,10.7126379827174,9.12088731918636,2.12034563312571,0.0121202632470927,0.00718392713965098,1,1.00533948956945,2648.812665188,0,20944.5249343832,1,1,1,54,2018-10-04T18:02:42.383,20181004_ecoli_ARA_M1_50K,2500,-2598,155.775,DIA_100X_EMPTY_1x1_200ms,,,
57,34,10.6034950008093,365,45.0938874526031,1880.0904109589,1365.8301369863,NaN,NaN,NaN,NaN,NaN,NaN,NaN,NaN,NaN,NaN,NaN,NaN,NaN,NaN,NaN,338.694407083075,0.95595172287315,35.3614835831883,10.9782612333663,9.39875968925094,2.23231420450664,0.00907015831326936,0.00428407804273099,2,1.00171672625534,2453.36095885189,0,21078,1,1,1,54,2018-10-04T18:02:42.383,20181004_ecoli_ARA_M1_50K,2500,-2598,155.775,DIA_100X_EMPTY_1x1_200ms,,,
58,36,11.3073929287842,408,48.5642093588403,1893.51960784314,155.801470588235,NaN,NaN,NaN,NaN,NaN,NaN,NaN,NaN,NaN,NaN,NaN,NaN,NaN,NaN,NaN,358.116118946535,0.955553632268257,35.5652206516512,11.4227332029153,9.81121666310335,2.40317066278032,0.00950910303656393,0.00519499882420569,1,1.00215006822673,2688.81623481801,0,20130.4387254902,1,1,1,54,2018-10-04T18:02:42.383,20181004_ecoli_ARA_M1_50K,2500,-2598,155.775,DIA_100X_EMPTY_1x1_200ms,,,
59,41,10.7005242328155,439,49.4257100893709,1924.13211845103,247.601366742597,NaN,NaN,NaN,NaN,NaN,NaN,NaN,NaN,NaN,NaN,NaN,NaN,NaN,NaN,NaN,400.522361702727,0.947163488370553,40.8934065595381,11.5805909218989,9.64356304816137,2.08856004424746,0.00799942330550223,0.00301824391568652,2,1.00063971892867,2986.88306132877,0,20636.7972665148,1,1,1,54,2018-10-04T18:02:42.383,20181004_ecoli_ARA_M1_50K,2500,-2598,155.775,DIA_100X_EMPTY_1x1_200ms,,,
60,44,10.4987153666508,462,49.6409810424939,1928.36147186147,1113.11688311688,NaN,NaN,NaN,NaN,NaN,NaN,NaN,NaN,NaN,NaN,NaN,NaN,NaN,NaN,NaN,413.951434250527,0.962849040023704,43.3881458306714,11.0128547974299,9.29429156103683,2.19454969487394,0.0124966891481524,0.00277460709318318,3,1.00074669567572,2943.7000607011,0,20672.2294372294,1,1,1,54,2018-10-04T18:02:42.383,20181004_ecoli_ARA_M1_50K,2500,-2598,155.775,DIA_100X_EMPTY_1x1_200ms,,,
61,37,11.9939836150791,445,49.084759664673,1986.93258426966,33.5730337078652,NaN,NaN,NaN,NaN,NaN,NaN,NaN,NaN,NaN,NaN,NaN,NaN,NaN,NaN,NaN,373.648535737035,0.961291839616585,36.5941142451324,11.7585438431997,9.9657119694407,2.45609600850337,0.011087315523246,0.00644413651090711,0,1.00351737278462,2854.4193902537,0,20011.5865168539,1,1,1,54,2018-10-04T18:02:42.383,20181004_ecoli_ARA_M1_50K,2500,-2598,155.775,DIA_100X_EMPTY_1x1_200ms,,,
1,22,9.1422161829009,202,15.3839321215315,10.529702970297,32.7871287128713,NaN,NaN,NaN,NaN,NaN,NaN,NaN,NaN,NaN,NaN,NaN,NaN,NaN,NaN,NaN,NaN,NaN,NaN,NaN,NaN,NaN,NaN,NaN,NaN,NaN,NaN,0,19745.2475247525,1,1,1,61,2018-10-04T18:02:58.712,20181004_ecoli_ARA_M1_50K,2000,3464,155.775,DIA_100X_EMPTY_1x1_200ms,,,
2,50,10.6412920241674,533,48.9878838575717,68.2664165103189,226.789868667917,NaN,NaN,NaN,NaN,NaN,NaN,NaN,NaN,NaN,NaN,NaN,NaN,NaN,NaN,NaN,489.29125153357,0.916337948925994,50.4223800952707,11.0665077979509,9.5825198528058,1.85037152337895,0.00947532500425236,0.00565100294062671,1,1.00502232763278,3636.40862047125,0,18805.5928705441,1,1,1,61,2018-10-04T18:02:58.712,20181004_ecoli_ARA_M1_50K,2000,3464,155.775,DIA_100X_EMPTY_1x1_200ms,,,
3,32,10.3122042250572,330,49.0446415843475,99.1181818181818,263.557575757576,NaN,NaN,NaN,NaN,NaN,NaN,NaN,NaN,NaN,NaN,NaN,NaN,NaN,NaN,NaN,317.239404102186,0.978646148464455,31.8748674849514,11.2158041067868,9.74506916260287,2.42145085176937,0.00321504003081113,0.00186414799420825,0,1.00022134385235,2377.43209194649,0,18697.7696969697,1,1,1,61,2018-10-04T18:02:58.712,20181004_ecoli_ARA_M1_50K,2000,3464,155.775,DIA_100X_EMPTY_1x1_200ms,,,
4,35,11.0084744610231,386,48.9179338425977,114.953367875648,1000.94041450777,NaN,NaN,NaN,NaN,NaN,NaN,NaN,NaN,NaN,NaN,NaN,NaN,NaN,NaN,NaN,359.955484194934,0.961697865023223,35.2263602683621,11.6140202895269,9.99809128328942,2.40841774674836,0.0109181908306003,0.0046814974911918,1,1.00156165897114,2765.61580802563,0,18040.7435233161,1,1,1,61,2018-10-04T18:02:58.712,20181004_ecoli_ARA_M1_50K,2000,3464,155.775,DIA_100X_EMPTY_1x1_200ms,,,
5,29,11.3492353003915,330,46.7347878734325,238.80303030303,968.254545454545,NaN,NaN,NaN,NaN,NaN,NaN,NaN,NaN,NaN,NaN,NaN,NaN,NaN,NaN,NaN,310.282515129309,0.983441964241808,29.7275243054422,11.8438216709206,10.1704971219921,2.64435709239044,0.00878591057301746,0.00415149326919575,1,1.0010145801129,2415.08814850191,0,18017.703030303,1,1,1,61,2018-10-04T18:02:58.712,20181004_ecoli_ARA_M1_50K,2000,3464,155.775,DIA_100X_EMPTY_1x1_200ms,,,
6,32,11.4622537217886,368,48.0706865102089,398.804347826087,1367.48913043478,NaN,NaN,NaN,NaN,NaN,NaN,NaN,NaN,NaN,NaN,NaN,NaN,NaN,NaN,NaN,330.585999486389,0.962631208367154,32.5639398829129,11.7738411107714,9.86983662439834,2.54545784853507,0.00868744988865474,0.00506023286342949,0,1.00177759330385,2491.41889233669,0,18390.8858695652,1,1,1,61,2018-10-04T18:02:58.712,20181004_ecoli_ARA_M1_50K,2000,3464,155.775,DIA_100X_EMPTY_1x1_200ms,,,
7,41,10.9775456585789,451,49.195367049946,430.288248337029,54.1042128603104,NaN,NaN,NaN,NaN,NaN,NaN,NaN,NaN,NaN,NaN,NaN,NaN,NaN,NaN,NaN,419.384712477536,0.950363655523574,41.414341966329,11.9398056436783,9.86040031298283,2.36018779902178,0.0108816129044641,0.00453769960747951,1,1.00138996910266,3162.49421835509,0,18670.4345898004,1,1,1,61,2018-10-04T18:02:58.712,20181004_ecoli_ARA_M1_50K,2000,3464,155.775,DIA_100X_EMPTY_1x1_200ms,,,
8,40,11.2558104051972,451,49.1606565082825,449.374722838137,750.611973392461,NaN,NaN,NaN,NaN,NaN,NaN,NaN,NaN,NaN,NaN,NaN,NaN,NaN,NaN,NaN,411.883709234599,0.956049273413647,39.8396397398099,11.9717088892848,10.0454542815167,2.44299213297282,0.0311858202127691,0.00433008999716021,1,1.00091737532517,3157.50790725846,0,18283.8824833703,1,1,1,61,2018-10-04T18:02:58.712,20181004_ecoli_ARA_M1_50K,2000,3464,155.775,DIA_100X_EMPTY_1x1_200ms,,,
9,35,11.9673851091786,419,49.2595376995405,486.069212410501,914.334128878282,NaN,NaN,NaN,NaN,NaN,NaN,NaN,NaN,NaN,NaN,NaN,NaN,NaN,NaN,NaN,366.071174925378,0.975815286178522,34.4782802561355,11.9618619814217,10.2927848427393,2.67831365043917,0.069616535087914,0.00401141381695881,0,1.00074712947949,2868.80656381872,0,17370.8114558473,1,1,1,61,2018-10-04T18:02:58.712,20181004_ecoli_ARA_M1_50K,2000,3464,155.775,DIA_100X_EMPTY_1x1_200ms,,,
10,36,11.7736020555778,424,49.3324352064358,574.415094339623,859.910377358491,NaN,NaN,NaN,NaN,NaN,NaN,NaN,NaN,NaN,NaN,NaN,NaN,NaN,NaN,NaN,372.572783733437,0.974677997739382,35.6815168580777,11.968797904097,10.2122859256127,2.39419760254407,0.00419565176701633,0.00162328686416529,0,1.00020008177686,2922.66555545939,0,17801.3537735849,1,1,1,61,2018-10-04T18:02:58.712,20181004_ecoli_ARA_M1_50K,2000,3464,155.775,DIA_100X_EMPTY_1x1_200ms,,,
11,25,11.656500254933,293,41.3499106221817,700.651877133106,110.61433447099,NaN,NaN,NaN,NaN,NaN,NaN,NaN,NaN,NaN,NaN,NaN,NaN,NaN,NaN,NaN,269.345710602959,0.996389058867022,24.9578003067866,12.4040496180326,10.3391504937548,3.29008487739446,0.0156252320588977,0.00419735396230722,0,1.00065306528832,2095.3949868662,0,17893.9044368601,1,1,1,61,2018-10-04T18:02:58.712,20181004_ecoli_ARA_M1_50K,2000,3464,155.775,DIA_100X_EMPTY_1x1_200ms,,,
12,28,10.7516150266744,302,45.3318814981421,698.407284768212,760.778145695364,NaN,NaN,NaN,NaN,NaN,NaN,NaN,NaN,NaN,NaN,NaN,NaN,NaN,NaN,NaN,283.48015355382,0.980110127476763,28.2429051275708,11.6604202489109,9.76798239078382,2.61461010839019,0.00328408403678762,0.00163077016285117,1,1.00008034308784,2116.45473492988,0,19012.2052980132,1,1,1,61,2018-10-04T18:02:58.712,20181004_ecoli_ARA_M1_50K,2000,3464,155.775,DIA_100X_EMPTY_1x1_200ms,,,
13,43,10.929840034982,480,49.0270757581492,717.947916666667,943.814583333333,NaN,NaN,NaN,NaN,NaN,NaN,NaN,NaN,NaN,NaN,NaN,NaN,NaN,NaN,NaN,433.895074517656,0.921762706895279,43.7621751335054,11.4743350708376,9.74721860122608,2.09013580353597,0.0134456572777511,0.00563020920689338,2,1.00471941870029,3265.50379949959,0,18247.5208333333,1,1,1,61,2018-10-04T18:02:58.712,20181004_ecoli_ARA_M1_50K,2000,3464,155.775,DIA_100X_EMPTY_1x1_200ms,,,
14,39,10.86467063662,424,49.2468561046241,840.64858490566,1775.8891509434,NaN,NaN,NaN,NaN,NaN,NaN,NaN,NaN,NaN,NaN,NaN,NaN,NaN,NaN,NaN,390.02644421014,0.933759978804304,39.2550809567116,11.5252574350837,9.75093146713793,2.16836368288092,0.00263527000428553,0.00107737117358278,3,1.00002953371355,2931.41946218131,0,18430.5990566038,1,1,1,61,2018-10-04T18:02:58.712,20181004_ecoli_ARA_M1_50K,2000,3464,155.775,DIA_100X_EMPTY_1x1_200ms,,,
15,36,11.9449818400928,430,49.4490962077837,899.246511627907,1587.41395348837,NaN,NaN,NaN,NaN,NaN,NaN,NaN,NaN,NaN,NaN,NaN,NaN,NaN,NaN,NaN,363.614719639768,0.954807273288752,34.2825849874326,12.1249804976452,10.3842266775825,2.44270265521909,0.0115773917377357,0.0047619960964099,1,1.00159425305867,2903.43268979967,0,17518.4837209302,1,1,1,61,2018-10-04T18:02:58.712,20181004_ecoli_ARA_M1_50K,2000,3464,155.775,DIA_100X_EMPTY_1x1_200ms,,,
16,35,11.1000421847897,389,49.0887303405237,920.529562982005,1735.72236503856,NaN,NaN,NaN,NaN,NaN,NaN,NaN,NaN,NaN,NaN,NaN,NaN,NaN,NaN,NaN,352.482118148665,0.961158986691353,35.1336592654801,11.6232335924177,9.79115190601701,2.40897208664173,0.00689253670843111,0.00279906011858904,1,1.00056640479306,2645.33600793311,0,18392.794344473,1,1,1,61,2018-10-04T18:02:58.712,20181004_ecoli_ARA_M1_50K,2000,3464,155.775,DIA_100X_EMPTY_1x1_200ms,,,
17,29,11.0660923114829,321,45.2578713305447,993.651090342679,230.884735202492,NaN,NaN,NaN,NaN,NaN,NaN,NaN,NaN,NaN,NaN,NaN,NaN,NaN,NaN,NaN,297.433015383549,0.983788851136875,28.5022934206153,12.0397667450091,9.91139284633434,3.09497311993475,0.0204845664249102,0.00216044452301908,2,1.00011167613877,2199.07007269407,0,18560.6884735202,1,1,1,61,2018-10-04T18:02:58.712,20181004_ecoli_ARA_M1_50K,2000,3464,155.775,DIA_100X_EMPTY_1x1_200ms,,,
18,27,11.3160696680663,306,46.996170283345,1024.3954248366,740.735294117647,NaN,NaN,NaN,NaN,NaN,NaN,NaN,NaN,NaN,NaN,NaN,NaN,NaN,NaN,NaN,278.64348963674,0.988504665769825,26.8749966074987,11.9913088514085,9.95052274766561,3.01703885960684,0.0257950071921777,0.00410820981514675,1,1.00027253572086,2089.92207470434,0,18562.3366013072,1,1,1,61,2018-10-04T18:02:58.712,20181004_ecoli_ARA_M1_50K,2000,3464,155.775,DIA_100X_EMPTY_1x1_200ms,,,
19,34,11.1762749606163,380,48.7903833334345,1051.05263157895,79.0052631578947,NaN,NaN,NaN,NaN,NaN,NaN,NaN,NaN,NaN,NaN,NaN,NaN,NaN,NaN,NaN,351.072536600279,0.974758823129972,34.1102121871518,11.6593376778251,9.89027910811967,2.77510871545803,0.0139492701699343,0.00322040731355309,1,1.00058540727071,2620.54364881487,0,18318.3684210526,1,1,1,61,2018-10-04T18:02:58.712,20181004_ecoli_ARA_M1_50K,2000,3464,155.775,DIA_100X_EMPTY_1x1_200ms,,,
20,63,11.3331988542079,714,43.1401239795652,1066.20168067227,797.079831932773,NaN,NaN,NaN,NaN,NaN,NaN,NaN,NaN,NaN,NaN,NaN,NaN,NaN,NaN,NaN,633.444096003978,0.855064046438908,62.3139280947749,11.9863268942381,10.0487788298609,1.96153989936102,0.0151188677783843,0.00417224418701519,3,1.00578862101978,4941.98685045695,0,18253.7577030812,1,1,1,61,2018-10-04T18:02:58.712,20181004_ecoli_ARA_M1_50K,2000,3464,155.775,DIA_100X_EMPTY_1x1_200ms,,,
21,40,11.0108299855707,441,49.5111686380294,1057.08163265306,555.927437641723,NaN,NaN,NaN,NaN,NaN,NaN,NaN,NaN,NaN,NaN,NaN,NaN,NaN,NaN,NaN,401.733875555325,0.945293981350769,39.8775158189232,11.5501580773075,9.80037996548163,2.34037186927892,0.0136662309211335,0.0061122492441195,1,1.0032250019954,3008.17989953463,0,18521.1587301587,1,1,1,61,2018-10-04T18:02:58.712,20181004_ecoli_ARA_M1_50K,2000,3464,155.775,DIA_100X_EMPTY_1x1_200ms,,,
22,32,11.3123554650109,362,48.9144959996796,1100.81491712707,1307.25414364641,NaN,NaN,NaN,NaN,NaN,NaN,NaN,NaN,NaN,NaN,NaN,NaN,NaN,NaN,NaN,324.162205153277,0.971781882894208,31.4912131306269,11.9379269761552,9.96300856290765,2.72821528167878,0.0023462050730948,0.00102262825720701,1,1.00003743850987,2455.04965103933,0,17746.8121546961,1,1,1,61,2018-10-04T18:02:58.712,20181004_ecoli_ARA_M1_50K,2000,3464,155.775,DIA_100X_EMPTY_1x1_200ms,,,
23,37,10.9265171626354,405,49.2254235540724,1101.08148148148,442.249382716049,NaN,NaN,NaN,NaN,NaN,NaN,NaN,NaN,NaN,NaN,NaN,NaN,NaN,NaN,NaN,368.054721274166,0.959174022839024,36.5626862643365,11.4525408387264,9.80774673565533,2.35795122888877,0.00176899874466183,0.000884571367848273,2,1.00001736075481,2762.27213511172,0,18510.0469135802,1,1,1,61,2018-10-04T18:02:58.712,20181004_ecoli_ARA_M1_50K,2000,3464,155.775,DIA_100X_EMPTY_1x1_200ms,,,
24,43,11.0776189871269,477,49.3714460996785,1098.69811320755,604.333333333333,NaN,NaN,NaN,NaN,NaN,NaN,NaN,NaN,NaN,NaN,NaN,NaN,NaN,NaN,NaN,434.891606168618,0.93747131626393,43.5887111675238,11.7238991848678,9.77391680623952,2.14830684218009,0.00767634176907213,0.00329560662994101,2,1.00054698320059,3270.40234472941,0,18503.8721174004,1,1,1,61,2018-10-04T18:02:58.712,20181004_ecoli_ARA_M1_50K,2000,3464,155.775,DIA_100X_EMPTY_1x1_200ms,,,
25,32,11.088174399564,356,47.6103562121343,1100.92134831461,133.005617977528,NaN,NaN,NaN,NaN,NaN,NaN,NaN,NaN,NaN,NaN,NaN,NaN,NaN,NaN,NaN,329.870777531732,0.965911680956735,33.2005017262962,11.5895450542067,9.69838572717377,2.40938822606005,0.00439979424517682,0.00216275568899504,1,1.00033080894415,2452.63789543919,0,18802.5533707865,1,1,1,61,2018-10-04T18:02:58.712,20181004_ecoli_ARA_M1_50K,2000,3464,155.775,DIA_100X_EMPTY_1x1_200ms,,,
26,43,19.7110026693476,848,-49.8042438537878,1192.27004716981,141.083726415094,NaN,NaN,NaN,NaN,NaN,NaN,NaN,NaN,NaN,NaN,NaN,NaN,NaN,NaN,NaN,729.513153444695,0.910820571469638,46.9332743588838,20.8474765302113,15.1988675904857,4.92673523059572,0.0641035355293603,0.0350972824081911,2,1.1873431722125,8515.16756860495,0,13357.6981132075,1,1,1,61,2018-10-04T18:02:58.712,20181004_ecoli_ARA_M1_50K,2000,3464,155.775,DIA_100X_EMPTY_1x1_200ms,,,
27,42,10.7401046783863,452,49.4423600866415,1205.82522123894,1420.8407079646,NaN,NaN,NaN,NaN,NaN,NaN,NaN,NaN,NaN,NaN,NaN,NaN,NaN,NaN,NaN,409.828242034422,0.934499728072496,41.9096358132834,11.220043606871,9.63255826901852,2.05567065680128,0.00859840900324281,0.00368842110907608,1,1.00149179586158,3054.12675748777,0,18481.9115044248,1,1,1,61,2018-10-04T18:02:58.712,20181004_ecoli_ARA_M1_50K,2000,3464,155.775,DIA_100X_EMPTY_1x1_200ms,,,
28,29,9.30070779144828,271,30.6219242126199,1195.91881918819,104.867158671587,NaN,NaN,NaN,NaN,NaN,NaN,NaN,NaN,NaN,NaN,NaN,NaN,NaN,NaN,NaN,260.155495609849,0.993687566522916,28.2488985631746,11.9797515482739,8.96601942794822,2.86097274977975,0.0104746320889334,0.00569085085863631,0,1.0016532243432,1783.57243476372,0,20479.8634686347,1,1,1,61,2018-10-04T18:02:58.712,20181004_ecoli_ARA_M1_50K,2000,3464,155.775,DIA_100X_EMPTY_1x1_200ms,,,
29,32,10.9061210506845,349,48.7565632855261,1229.68194842407,1911.38681948424,NaN,NaN,NaN,NaN,NaN,NaN,NaN,NaN,NaN,NaN,NaN,NaN,NaN,NaN,NaN,310.327804200125,0.969185333216339,30.4154292916286,12.0957375128382,9.98964307579496,2.57417339461136,0.0041752402621994,0.00192110605635582,1,1.00015815643876,2383.87662269413,0,18151.0200573066,1,1,1,61,2018-10-04T18:02:58.712,20181004_ecoli_ARA_M1_50K,2000,3464,155.775,DIA_100X_EMPTY_1x1_200ms,,,
30,35,11.3628535079346,399,49.004719750563,1230.0626566416,755.511278195489,NaN,NaN,NaN,NaN,NaN,NaN,NaN,NaN,NaN,NaN,NaN,NaN,NaN,NaN,NaN,354.809107781125,0.962836388717027,34.5847873265114,11.5862720981234,9.99445571782654,2.43325325909209,0.00217191914019523,0.00126866473391147,0,1.00008488677902,2713.27171202242,0,18479.8721804511,1,1,1,61,2018-10-04T18:02:58.712,20181004_ecoli_ARA_M1_50K,2000,3464,155.775,DIA_100X_EMPTY_1x1_200ms,,,
31,31,10.8306888826425,336,48.5241442384707,1269.31547619048,285.952380952381,NaN,NaN,NaN,NaN,NaN,NaN,NaN,NaN,NaN,NaN,NaN,NaN,NaN,NaN,NaN,309.388802609481,0.974550264895182,30.0910735499806,11.6827865366578,9.98646772145284,2.62179106704321,0.00656199938591439,0.00250575265346366,2,1.0004558145678,2356.95542286628,0,18751.7946428571,1,1,1,61,2018-10-04T18:02:58.712,20181004_ecoli_ARA_M1_50K,2000,3464,155.775,DIA_100X_EMPTY_1x1_200ms,,,
32,35,10.9243988260247,383,47.5372044522124,1273.54046997389,429.187989556136,NaN,NaN,NaN,NaN,NaN,NaN,NaN,NaN,NaN,NaN,NaN,NaN,NaN,NaN,NaN,349.512892640821,0.94393944845804,35.4030737567441,11.3497027842427,9.59410200020958,2.38521225618678,0.0183447582983589,0.00956948312274617,0,1.00822603600295,2559.40794634228,0,18588.1671018277,1,1,1,61,2018-10-04T18:02:58.712,20181004_ecoli_ARA_M1_50K,2000,3464,155.775,DIA_100X_EMPTY_1x1_200ms,,,
33,36,6.08290564158875,221,-48.6487877216054,1287.18552036199,5.02714932126697,NaN,NaN,NaN,NaN,NaN,NaN,NaN,NaN,NaN,NaN,NaN,NaN,NaN,NaN,NaN,NaN,NaN,NaN,NaN,NaN,NaN,NaN,NaN,NaN,NaN,NaN,0,18506.334841629,1,1,1,61,2018-10-04T18:02:58.712,20181004_ecoli_ARA_M1_50K,2000,3464,155.775,DIA_100X_EMPTY_1x1_200ms,,,
34,38,11.5310213532607,439,49.4601776154595,1343.08200455581,1297.57858769932,NaN,NaN,NaN,NaN,NaN,NaN,NaN,NaN,NaN,NaN,NaN,NaN,NaN,NaN,NaN,393.163077215469,0.951174473203526,38.1574506911735,12.081837265472,10.0863678026978,2.29614522623674,0.0078125912243565,0.00394455583798515,1,1.00047713318397,3048.86949216303,0,18381.5922551253,1,1,1,61,2018-10-04T18:02:58.712,20181004_ecoli_ARA_M1_50K,2000,3464,155.775,DIA_100X_EMPTY_1x1_200ms,,,
35,35,10.9512020220433,384,48.8224625076513,1345.98697916667,1360.34635416667,NaN,NaN,NaN,NaN,NaN,NaN,NaN,NaN,NaN,NaN,NaN,NaN,NaN,NaN,NaN,345.425133945533,0.961220720277606,34.3261396998418,11.8543000606581,9.8615684549535,2.32353207355442,0.00814926927166342,0.00380502795807097,1,1.00109471459586,2621.8439213314,0,18684.9401041667,1,1,1,61,2018-10-04T18:02:58.712,20181004_ecoli_ARA_M1_50K,2000,3464,155.775,DIA_100X_EMPTY_1x1_200ms,,,
36,40,11.4745783648871,459,49.5579558246268,1358.31154684096,1213.76470588235,NaN,NaN,NaN,NaN,NaN,NaN,NaN,NaN,NaN,NaN,NaN,NaN,NaN,NaN,NaN,401.683728394089,0.953745406639889,38.6594048002056,12.3650371817935,10.1662596366325,2.42792260990117,0.00616456901052608,0.00336029101413831,1,1.00037770983519,3138.10476749104,0,18140.559912854,1,1,1,61,2018-10-04T18:02:58.712,20181004_ecoli_ARA_M1_50K,2000,3464,155.775,DIA_100X_EMPTY_1x1_200ms,,,
37,39,10.0885588425149,394,49.2710807708041,1381.94162436548,31.9467005076142,NaN,NaN,NaN,NaN,NaN,NaN,NaN,NaN,NaN,NaN,NaN,NaN,NaN,NaN,NaN,383.89778112604,0.940016235049848,39.3447576777848,11.2426152455111,9.47779857228376,2.32228287905226,0.00935974083355493,0.00343510257435368,1,1.00099449981295,2775.82258744675,1,19353.1624365482,1,1,1,61,2018-10-04T18:02:58.712,20181004_ecoli_ARA_M1_50K,2000,3464,155.775,DIA_100X_EMPTY_1x1_200ms,,,
38,46,9.1515427883585,422,41.540010149353,1400.17061611374,38.2843601895735,NaN,NaN,NaN,NaN,NaN,NaN,NaN,NaN,NaN,NaN,NaN,NaN,NaN,NaN,NaN,438.394421843016,0.882582449583384,47.5644561459325,11.2779948091282,9.05790778387853,1.96479972800469,0.015723633232402,0.00712631277046348,2,1.00470661321842,3064.98396380648,1,20756.6018957346,1,1,1,61,2018-10-04T18:02:58.712,20181004_ecoli_ARA_M1_50K,2000,3464,155.775,DIA_100X_EMPTY_1x1_200ms,,,
39,26,10.9613023401219,285,46.3080370875273,1419.51228070175,330.831578947368,NaN,NaN,NaN,NaN,NaN,NaN,NaN,NaN,NaN,NaN,NaN,NaN,NaN,NaN,NaN,259.50590100223,0.989168728069356,25.4374904971589,12.0363552191689,9.77257746418654,3.0491336400956,0.0254103588691873,0.00206503009540168,1,1.00003134121154,1908.01765511021,0,19363.8210526316,1,1,1,61,2018-10-04T18:02:58.712,20181004_ecoli_ARA_M1_50K,2000,3464,155.775,DIA_100X_EMPTY_1x1_200ms,,,
40,49,10.2473284905042,502,49.4609923219082,1522.11354581673,684.55577689243,NaN,NaN,NaN,NaN,NaN,NaN,NaN,NaN,NaN,NaN,NaN,NaN,NaN,NaN,NaN,474.120594651959,0.900951505459155,49.3076597436649,11.3291985836995,9.40588491111873,1.983681056323,0.0203103939176256,0.00802009547452575,2,1.00441985082843,3426.12806764221,0,19111.4203187251,1,1,1,61,2018-10-04T18:02:58.712,20181004_ecoli_ARA_M1_50K,2000,3464,155.775,DIA_100X_EMPTY_1x1_200ms,,,
41,40,11.8502268348252,474,49.5849431479638,1525.08438818565,1932.37341772152,NaN,NaN,NaN,NaN,NaN,NaN,NaN,NaN,NaN,NaN,NaN,NaN,NaN,NaN,NaN,402.66755626359,0.953161240552092,39.7303169921145,11.5874593705138,9.82648669433101,2.45702672532448,0.025373176330139,0.00513304348928483,1,1.00061620867914,3013.0646646363,0,18502.3396624473,1,1,1,61,2018-10-04T18:02:58.712,20181004_ecoli_ARA_M1_50K,2000,3464,155.775,DIA_100X_EMPTY_1x1_200ms,,,
42,24,11.2494581879729,270,39.7929756679805,1578.65925925926,60.2962962962963,NaN,NaN,NaN,NaN,NaN,NaN,NaN,NaN,NaN,NaN,NaN,NaN,NaN,NaN,NaN,244.743018631082,0.99568956421145,23.3168852170078,12.1540666570615,10.0208695487099,3.20321629571525,0.0175004291430774,0.0107321787952945,0,1.00399524499808,1838.9555557001,0,18491.8481481481,1,1,1,61,2018-10-04T18:02:58.712,20181004_ecoli_ARA_M1_50K,2000,3464,155.775,DIA_100X_EMPTY_1x1_200ms,,,
43,24,10.5650716868534,253,45.1233889030453,1601.65217391304,81.197628458498,NaN,NaN,NaN,NaN,NaN,NaN,NaN,NaN,NaN,NaN,NaN,NaN,NaN,NaN,NaN,242.642356147555,0.996767298789924,23.2789009242093,12.3519812895405,10.0985762960478,2.99177998818597,0.00380555264048757,0.00167780124228887,1,1.00007774278732,1864.54408093295,0,18750.6877470356,1,1,1,61,2018-10-04T18:02:58.712,20181004_ecoli_ARA_M1_50K,2000,3464,155.775,DIA_100X_EMPTY_1x1_200ms,,,
44,36,11.1098952827469,400,49.6045589519749,1667.95,850.48,NaN,NaN,NaN,NaN,NaN,NaN,NaN,NaN,NaN,NaN,NaN,NaN,NaN,NaN,NaN,357.789157183876,0.966517661535049,35.1672879244741,11.7467982535094,9.9416995462396,2.3909452458096,0.00771532576586962,0.00402921028400443,1,1.00038252259894,2729.92066697387,0,18855.9425,1,1,1,61,2018-10-04T18:02:58.712,20181004_ecoli_ARA_M1_50K,2000,3464,155.775,DIA_100X_EMPTY_1x1_200ms,,,
45,36,11.7641458122793,424,49.1724695112473,1690.7570754717,1852.77594339623,NaN,NaN,NaN,NaN,NaN,NaN,NaN,NaN,NaN,NaN,NaN,NaN,NaN,NaN,NaN,358.895805172119,0.966610388497282,35.3861462935039,11.5177772528303,9.9571819514737,2.30040951332984,0.00903755450834258,0.00422170917866862,1,1.00082250967325,2755.47221708133,0,19155.4009433962,1,1,1,61,2018-10-04T18:02:58.712,20181004_ecoli_ARA_M1_50K,2000,3464,155.775,DIA_100X_EMPTY_1x1_200ms,,,
46,41,11.7251711608553,482,49.3024887195247,1699.01037344398,636.363070539419,NaN,NaN,NaN,NaN,NaN,NaN,NaN,NaN,NaN,NaN,NaN,NaN,NaN,NaN,NaN,432.8573130073,0.936487540281686,41.897781773097,11.8406174652934,9.9903431838649,2.46502166309763,0.0217793064237338,0.0116071294646422,1,1.00395402422497,3284.29172518225,0,18881.6784232365,1,1,1,61,2018-10-04T18:02:58.712,20181004_ecoli_ARA_M1_50K,2000,3464,155.775,DIA_100X_EMPTY_1x1_200ms,,,
47,44,11.0004070673386,484,49.0340220630791,1721.73966942149,1479.0826446281,NaN,NaN,NaN,NaN,NaN,NaN,NaN,NaN,NaN,NaN,NaN,NaN,NaN,NaN,NaN,423.408553294504,0.916497950802096,42.9216000660675,11.4366270273405,9.72561265059493,2.09866583127046,0.0128390727038094,0.00596870357781814,2,1.00397932968717,3188.59765332711,0,19245.7665289256,1,1,1,61,2018-10-04T18:02:58.712,20181004_ecoli_ARA_M1_50K,2000,3464,155.775,DIA_100X_EMPTY_1x1_200ms,,,
48,26,11.4059624671232,297,35.7681418768085,1787.41750841751,1078.632996633,NaN,NaN,NaN,NaN,NaN,NaN,NaN,NaN,NaN,NaN,NaN,NaN,NaN,NaN,NaN,264.774405304623,0.994540990658542,25.919806128311,11.7133158313149,9.8112309666882,2.98155341834643,0.00702019477743094,0.00323948774497292,1,1.0002773361599,1959.60540815501,0,19408.228956229,1,1,1,61,2018-10-04T18:02:58.712,20181004_ecoli_ARA_M1_50K,2000,3464,155.775,DIA_100X_EMPTY_1x1_200ms,,,
49,31,11.2679719402332,350,48.1243390721751,1787.33142857143,261.78,NaN,NaN,NaN,NaN,NaN,NaN,NaN,NaN,NaN,NaN,NaN,NaN,NaN,NaN,NaN,313.117804749728,0.97687105261152,31.1319257785275,11.4628626823783,9.79460778929741,2.4883196364777,0.00847867206433957,0.0041810031765994,1,1.00122169355709,2345.68649646736,0,18735.0571428571,1,1,1,61,2018-10-04T18:02:58.712,20181004_ecoli_ARA_M1_50K,2000,3464,155.775,DIA_100X_EMPTY_1x1_200ms,,,
50,35,11.2919654094433,396,48.9126552080795,1838.56060606061,661.457070707071,NaN,NaN,NaN,NaN,NaN,NaN,NaN,NaN,NaN,NaN,NaN,NaN,NaN,NaN,NaN,351.277012980706,0.954435365493713,33.8672370367465,11.8750885862405,10.1700593109283,2.3487199421803,0.00901925652795585,0.00578613881365154,0,1.00237366877888,2751.16488822227,0,19515.9974747475,1,1,1,61,2018-10-04T18:02:58.712,20181004_ecoli_ARA_M1_50K,2000,3464,155.775,DIA_100X_EMPTY_1x1_200ms,,,
51,24,10.8728784684027,262,41.3380438746145,1841.56488549618,1252.39312977099,NaN,NaN,NaN,NaN,NaN,NaN,NaN,NaN,NaN,NaN,NaN,NaN,NaN,NaN,NaN,239.449465203009,0.996485076872921,24.0181115501323,11.5856263873253,9.56465601569176,2.9599588110139,0.00134100909527408,0.000895279191442736,0,1.00002868349697,1725.70854742571,0,20286.393129771,1,1,1,61,2018-10-04T18:02:58.712,20181004_ecoli_ARA_M1_50K,2000,3464,155.775,DIA_100X_EMPTY_1x1_200ms,,,
52,40,10.7896164175868,432,49.6084896093548,1851.30787037037,877.606481481482,NaN,NaN,NaN,NaN,NaN,NaN,NaN,NaN,NaN,NaN,NaN,NaN,NaN,NaN,NaN,386.111313380197,0.956292818141654,39.5531198263052,11.1112989750528,9.52994080651857,2.27421925876897,0.00797862974681195,0.00407776465579959,1,1.00168730493755,2821.31145745323,0,19808.5393518519,1,1,1,61,2018-10-04T18:02:58.712,20181004_ecoli_ARA_M1_50K,2000,3464,155.775,DIA_100X_EMPTY_1x1_200ms,,,
53,27,11.6116039288232,314,47.0226852300001,1861.51592356688,1436.06050955414,NaN,NaN,NaN,NaN,NaN,NaN,NaN,NaN,NaN,NaN,NaN,NaN,NaN,NaN,NaN,268.923503557622,0.994530095646536,25.5960702966988,12.2942110823214,10.152167978564,3.03622181528166,0.00300561940952346,0.00112909866129589,2,1.00003665576658,2071.95713132623,0,19565.0318471338,1,1,1,61,2018-10-04T18:02:58.712,20181004_ecoli_ARA_M1_50K,2000,3464,155.775,DIA_100X_EMPTY_1x1_200ms,,,
54,44,10.8451677040538,477,49.5726298589002,1890.1677148847,1712.98113207547,NaN,NaN,NaN,NaN,NaN,NaN,NaN,NaN,NaN,NaN,NaN,NaN,NaN,NaN,NaN,418.096095288295,0.935275774777488,42.9452767289208,11.1481579418489,9.49257725699847,2.25533151448195,0.0118045745469352,0.00506278610992921,0,1.00322548417471,3039.29998377276,0,20083.0587002096,1,1,1,61,2018-10-04T18:02:58.712,20181004_ecoli_ARA_M1_50K,2000,3464,155.775,DIA_100X_EMPTY_1x1_200ms,,,
55,37,11.704194068288,434,48.4197312348232,1938.17511520737,2016.24423963134,NaN,NaN,NaN,NaN,NaN,NaN,NaN,NaN,NaN,NaN,NaN,NaN,NaN,NaN,NaN,376.614916132517,0.962011525925375,37.132731429747,11.3875160911147,9.91242224487717,2.31857376219529,0.0117565397018552,0.0048982528565739,1,1.00231175811195,2865.5392740725,0,20067.034562212,1,1,1,61,2018-10-04T18:02:58.712,20181004_ecoli_ARA_M1_50K,2000,3464,155.775,DIA_100X_EMPTY_1x1_200ms,,,
56,35,11.5426618822069,406,47.6404606972689,1954.71921182266,204.135467980296,NaN,NaN,NaN,NaN,NaN,NaN,NaN,NaN,NaN,NaN,NaN,NaN,NaN,NaN,NaN,361.839206288576,0.963326981891784,35.4833174304439,11.7755286449266,9.89814180872514,2.58011175719125,0.0039630499425965,0.00144284719279721,2,1.00007198392599,2730.3696067196,0,18922.5985221675,1,1,1,61,2018-10-04T18:02:58.712,20181004_ecoli_ARA_M1_50K,2000,3464,155.775,DIA_100X_EMPTY_1x1_200ms,,,
57,43,9.56294935297828,412,46.1843699586894,1966.41990291262,540.832524271845,NaN,NaN,NaN,NaN,NaN,NaN,NaN,NaN,NaN,NaN,NaN,NaN,NaN,NaN,NaN,399.594251411097,0.894840624040841,42.9907819699673,11.0175651583454,9.08535212312346,2.11635191299728,0.0177461308982384,0.00886659842557685,0,1.01023988922388,2787.07563138847,0,20230.9878640777,1,1,1,61,2018-10-04T18:02:58.712,20181004_ecoli_ARA_M1_50K,2000,3464,155.775,DIA_100X_EMPTY_1x1_200ms,,,
58,42,10.8810062310349,457,47.3038678894604,2021.62363238512,1458.80306345733,NaN,NaN,NaN,NaN,NaN,NaN,NaN,NaN,NaN,NaN,NaN,NaN,NaN,NaN,NaN,414.832333900258,0.928927112750887,41.8503113034854,11.3922209674536,9.75307841515311,2.17340771068795,0.0196653995425541,0.00864162341876853,0,1.009503540953,3126.59771500366,0,20040.8818380744,1,1,1,61,2018-10-04T18:02:58.712,20181004_ecoli_ARA_M1_50K,2000,3464,155.775,DIA_100X_EMPTY_1x1_200ms,,,
59,34,11.5582983098262,394,49.3749579969217,2025.7385786802,1823.57868020305,NaN,NaN,NaN,NaN,NaN,NaN,NaN,NaN,NaN,NaN,NaN,NaN,NaN,NaN,NaN,331.226635700766,0.984247320967304,32.7687213074373,11.4246606557309,9.88472380551142,2.46915975626669,0.00636810340939604,0.0034705249562888,1,1.00041902105067,2514.65525449211,0,19652.5177664975,1,1,1,61,2018-10-04T18:02:58.712,20181004_ecoli_ARA_M1_50K,2000,3464,155.775,DIA_100X_EMPTY_1x1_200ms,,,
60,45,11.4764136718624,517,49.1242488035092,2037.55899419729,82.9941972920696,NaN,NaN,NaN,NaN,NaN,NaN,NaN,NaN,NaN,NaN,NaN,NaN,NaN,NaN,NaN,NaN,NaN,NaN,NaN,NaN,NaN,NaN,NaN,NaN,NaN,NaN,0,19066.8974854932,1,1,1,61,2018-10-04T18:02:58.712,20181004_ecoli_ARA_M1_50K,2000,3464,155.775,DIA_100X_EMPTY_1x1_200ms,,,
61,25,8.68589784840191,218,-43.6084611900208,2040.54128440367,1586.52293577982,NaN,NaN,NaN,NaN,NaN,NaN,NaN,NaN,NaN,NaN,NaN,NaN,NaN,NaN,NaN,NaN,NaN,NaN,NaN,NaN,NaN,NaN,NaN,NaN,NaN,NaN,0,20127.3302752294,1,1,1,61,2018-10-04T18:02:58.712,20181004_ecoli_ARA_M1_50K,2000,3464,155.775,DIA_100X_EMPTY_1x1_200ms,,,
