CellID,LongAxis,ShortAxis,Area,RegionScore,XPosition,YPosition,Fluor1Sum,Fluor1Mean,Fluor1Background,Fluor1BgStd,Fluor1FociNumber,Fluor2Sum,Fluor2Mean,Fluor2Background,Fluor2BgStd,Fluor2FociNumber,Fluor3Sum,Fluor3Mean,Fluor3Background,Fluor3BgStd,Fluor3FociNumber,MeshArea,MeshSolidity,MeshAxisLength,MeshRibsLengthMax,MeshRibsLengthMean,MeshRibsLengthStd,MeshCurvatureMax,MeshCurvatureMean,MeshCurvatureInflection,MeshSinuosity,MeshVolume,NumOfNeighbors,RegionGrayVal,TimeFrames,AgeFrames,RelativeAge,xyFolder,DateTime,Folder,StageXposition,StageYposition,StageZposition,PhaseConfig,Fluo1Config,Fluo2Config,Fluo3Config
1,36,13.142364949988,474,18.8781209020515,759.930379746835,1604.47679324895,NaN,NaN,NaN,NaN,NaN,NaN,NaN,NaN,NaN,NaN,NaN,NaN,NaN,NaN,NaN,423.666197534278,0.900855800254597,37.383207501384,13.5041798429458,10.9584017786888,2.84282272827246,0.0385199878533893,0.0227101014740285,1,1.04908761995342,3525.82604422284,0,16086.4388185654,1,1,1,17,2018-10-31T14:52:11.351,20181031_ecoli_ARA_M3_10K,2000,-0,164.25,DIA_100X_EMPTY_1x1_200ms,,,
2,42,11.9037907220217,500,41.7123186525193,798.482,263.486,NaN,NaN,NaN,NaN,NaN,NaN,NaN,NaN,NaN,NaN,NaN,NaN,NaN,NaN,NaN,441.750842541135,0.856583907877106,41.5471428483974,13.278359136193,10.3275201420945,2.72756029575059,0.0312116026312995,0.0176129441973491,1,1.03708475231214,3480.35180390151,0,16830.532,1,1,1,17,2018-10-31T14:52:11.351,20181031_ecoli_ARA_M3_10K,2000,-0,164.25,DIA_100X_EMPTY_1x1_200ms,,,
3,21,14.0002584140153,294,-49.0635739777022,807.12925170068,353.734693877551,NaN,NaN,NaN,NaN,NaN,NaN,NaN,NaN,NaN,NaN,NaN,NaN,NaN,NaN,NaN,258.238877357249,0.999911768904185,18.8065902217826,17.177321166831,13.2308661315071,4.57285465736937,0.00723603027355624,0.00405168572080701,0,1.00038040139906,2585.69022598417,0,15460.3707482993,1,1,1,17,2018-10-31T14:52:11.351,20181031_ecoli_ARA_M3_10K,2000,-0,164.25,DIA_100X_EMPTY_1x1_200ms,,,
4,27,11.6436215832176,315,45.4410676289506,1215.86984126984,1212.52380952381,NaN,NaN,NaN,NaN,NaN,NaN,NaN,NaN,NaN,NaN,NaN,NaN,NaN,NaN,NaN,292.164583601428,0.992251736069436,26.1300918194173,12.8294205365166,10.842903748337,3.08096390896565,0.00744858238287675,0.0042385525112423,1,1.00021525183996,2412.80387880544,0,15918.8095238095,1,1,1,17,2018-10-31T14:52:11.351,20181031_ecoli_ARA_M3_10K,2000,-0,164.25,DIA_100X_EMPTY_1x1_200ms,,,
5,22,11.9710397172069,265,12.2643034669356,1672.74339622642,1103.10943396226,NaN,NaN,NaN,NaN,NaN,NaN,NaN,NaN,NaN,NaN,NaN,NaN,NaN,NaN,NaN,248.64497861194,0.999212982264295,22.9458010114137,12.8024788125736,10.5515013931082,3.17994607803677,0.00194784971943433,0.000853314324111583,1,1.00002368584155,2006.41897154749,0,16443.3622641509,1,1,1,17,2018-10-31T14:52:11.351,20181031_ecoli_ARA_M3_10K,2000,-0,164.25,DIA_100X_EMPTY_1x1_200ms,,,
6,22,10.9101361771961,240,29.8659264753599,1995.29166666667,1028.22083333333,NaN,NaN,NaN,NaN,NaN,NaN,NaN,NaN,NaN,NaN,NaN,NaN,NaN,NaN,NaN,231.253043660748,0.999878021510017,21.6613999843854,12.8230706927228,10.2688911536135,3.35904542038293,0.00170213885611496,0.000865144685501791,0,1.00002474731191,1794.00440148176,0,16601.325,1,1,1,17,2018-10-31T14:52:11.351,20181031_ecoli_ARA_M3_10K,2000,-0,164.25,DIA_100X_EMPTY_1x1_200ms,,,
1,33,8.94786296162865,296,-24.1934349575841,336.304054054054,684.635135135135,NaN,NaN,NaN,NaN,NaN,NaN,NaN,NaN,NaN,NaN,NaN,NaN,NaN,NaN,NaN,329.798321223581,0.884942107925766,35.5607077379863,11.0184221722075,9.00642445538272,2.23969652413576,0.0445397133675863,0.0197996270258615,0,1.03496511321953,2265.505382446,1,28607.8885135135,1,1,1,18,2018-10-31T14:52:13.674,20181031_ecoli_ARA_M3_10K,1500,866,164.25,DIA_100X_EMPTY_1x1_200ms,,,
2,30,9.85258272407872,297,-49.9880931886025,353.20202020202,703.929292929293,NaN,NaN,NaN,NaN,NaN,NaN,NaN,NaN,NaN,NaN,NaN,NaN,NaN,NaN,NaN,409.428472937822,0.709486905876064,NaN,NaN,NaN,NaN,NaN,NaN,NaN,NaN,NaN,1,29277.6565656566,1,1,1,18,2018-10-31T14:52:13.674,20181031_ecoli_ARA_M3_10K,1500,866,164.25,DIA_100X_EMPTY_1x1_200ms,,,
1,23,11.441945125739,264,22.6835219250833,489.018939393939,1165.19318181818,NaN,NaN,NaN,NaN,NaN,NaN,NaN,NaN,NaN,NaN,NaN,NaN,NaN,NaN,NaN,249.505951116263,0.998502658533608,22.9725355659895,12.745313626129,10.425565624382,3.28057110909104,0.00644379449262471,0.00345852472140579,1,1.00010984516472,1961.09244493533,0,16277.3484848485,1,1,1,19,2018-10-31T14:52:15.996,20181031_ecoli_ARA_M3_10K,1000,1732,164.25,DIA_100X_EMPTY_1x1_200ms,,,
2,24,12.2085684024975,293,28.4332765215166,635.733788395904,1362.0409556314,NaN,NaN,NaN,NaN,NaN,NaN,NaN,NaN,NaN,NaN,NaN,NaN,NaN,NaN,NaN,262.707848183046,0.999783064272267,22.7575374234977,13.6166562519487,11.1823254482542,3.47719533233175,0.00732391783714013,0.00374651566035814,1,1.00048489622613,2235.00964895561,0,15648.6587030717,1,1,1,19,2018-10-31T14:52:15.996,20181031_ecoli_ARA_M3_10K,1000,1732,164.25,DIA_100X_EMPTY_1x1_200ms,,,
3,20,11.4218341047139,229,-17.7431567871394,1113.66812227074,1985.85589519651,NaN,NaN,NaN,NaN,NaN,NaN,NaN,NaN,NaN,NaN,NaN,NaN,NaN,NaN,NaN,215.643907949679,0.999737070678169,19.558420863514,13.3063304641738,10.5395348805504,3.56503712466463,0.00714926969438687,0.00341900925490236,1,1.00031265436691,1706.34388133396,0,15977.8558951965,1,1,1,19,2018-10-31T14:52:15.996,20181031_ecoli_ARA_M3_10K,1000,1732,164.25,DIA_100X_EMPTY_1x1_200ms,,,
4,34,11.8501466473422,403,47.8303210235598,1127.79404466501,967.7841191067,NaN,NaN,NaN,NaN,NaN,NaN,NaN,NaN,NaN,NaN,NaN,NaN,NaN,NaN,NaN,373.850743560141,0.97400643153513,34.1483719061757,12.5387213535536,10.6757296931589,2.6932541038709,0.00465240902223552,0.0024560202247173,1,1.00046652607503,3056.71552012231,0,15764.0818858561,1,1,1,19,2018-10-31T14:52:15.996,20181031_ecoli_ARA_M3_10K,1000,1732,164.25,DIA_100X_EMPTY_1x1_200ms,,,
5,21,12.2913161841052,259,-18.0232326592091,1381.59845559846,2009.75675675676,NaN,NaN,NaN,NaN,NaN,NaN,NaN,NaN,NaN,NaN,NaN,NaN,NaN,NaN,NaN,236.387961001076,0.999873471158755,20.7236818670528,13.876147112491,10.7558001722046,3.95496423209863,0.00633831860126522,0.00320516341887152,1,1.00030714549002,1882.96500271062,0,15589.5135135135,1,1,1,19,2018-10-31T14:52:15.996,20181031_ecoli_ARA_M3_10K,1000,1732,164.25,DIA_100X_EMPTY_1x1_200ms,,,
6,21,12.1142423076767,256,10.6287553841347,1694.8828125,1602.85546875,NaN,NaN,NaN,NaN,NaN,NaN,NaN,NaN,NaN,NaN,NaN,NaN,NaN,NaN,NaN,235.461151448306,0.999662257159517,20.9889322609975,13.2709335637244,10.9057393975531,3.34109597294573,0.000253928023428033,9.85137303942232e-05,2,1.0000002234468,1960.60659210438,0,15788.546875,1,1,1,19,2018-10-31T14:52:15.996,20181031_ecoli_ARA_M3_10K,1000,1732,164.25,DIA_100X_EMPTY_1x1_200ms,,,
7,31,10.6941572989188,332,42.9521918921541,1832.4156626506,11.0120481927711,NaN,NaN,NaN,NaN,NaN,NaN,NaN,NaN,NaN,NaN,NaN,NaN,NaN,NaN,NaN,NaN,NaN,NaN,NaN,NaN,NaN,NaN,NaN,NaN,NaN,NaN,0,16312.6084337349,1,1,1,19,2018-10-31T14:52:15.996,20181031_ecoli_ARA_M3_10K,1000,1732,164.25,DIA_100X_EMPTY_1x1_200ms,,,
1,32,11.4690988515382,367,48.3291472714364,687.514986376022,1277.68119891008,NaN,NaN,NaN,NaN,NaN,NaN,NaN,NaN,NaN,NaN,NaN,NaN,NaN,NaN,NaN,336.703586993192,0.974927958196074,32.3579665738311,11.9777396288239,10.1906078851728,2.52310536566034,0.00377512789618303,0.00153688817678619,1,1.00008062000095,2639.1938201603,0,16454.1580381471,1,1,1,23,2018-10-31T14:52:25.320,20181031_ecoli_ARA_M3_10K,2500,-866,164.25,DIA_100X_EMPTY_1x1_200ms,,,
2,22,11.8093027854937,260,15.9196674662486,980.380769230769,1400.88846153846,NaN,NaN,NaN,NaN,NaN,NaN,NaN,NaN,NaN,NaN,NaN,NaN,NaN,NaN,NaN,236.753534619255,0.999773380852545,20.7401596608312,13.7934115239847,11.0090929219568,3.60265913781074,0.00503704073967711,0.00266535408506191,1,1.00020619917664,1974.26320486694,0,15967.8615384615,1,1,1,23,2018-10-31T14:52:25.320,20181031_ecoli_ARA_M3_10K,2500,-866,164.25,DIA_100X_EMPTY_1x1_200ms,,,
3,19,11.5659099213644,221,-37.4653274037409,1042.39819004525,1040.19457013575,NaN,NaN,NaN,NaN,NaN,NaN,NaN,NaN,NaN,NaN,NaN,NaN,NaN,NaN,NaN,209.002776533652,0.999839471660872,18.4316102599788,14.0564358253971,10.9609336027982,3.7030769000896,0.00479979324731349,0.00266856516546664,0,1.00015821830755,1739.19490269272,0,15881.0271493213,1,1,1,23,2018-10-31T14:52:25.320,20181031_ecoli_ARA_M3_10K,2500,-866,164.25,DIA_100X_EMPTY_1x1_200ms,,,
4,30,12.0247516387085,361,48.1658203032565,1164.27977839335,1766.39889196676,NaN,NaN,NaN,NaN,NaN,NaN,NaN,NaN,NaN,NaN,NaN,NaN,NaN,NaN,NaN,333.249482658855,0.978320892113114,30.2410609252783,12.7757305285309,10.7537063410413,2.85491338155234,0.0098263151741763,0.00406149939220052,2,1.00089870683407,2746.64954626265,0,15452.5346260388,1,1,1,23,2018-10-31T14:52:25.320,20181031_ecoli_ARA_M3_10K,2500,-866,164.25,DIA_100X_EMPTY_1x1_200ms,,,
5,25,11.1881252012357,280,45.0947535846088,1680.30357142857,1321.97142857143,NaN,NaN,NaN,NaN,NaN,NaN,NaN,NaN,NaN,NaN,NaN,NaN,NaN,NaN,NaN,267.009117600887,0.994318761234035,25.5217657688524,12.0280422489301,9.89411615805741,3.30134803515991,0.0271531125804739,0.00224497938964601,1,1.00007735486976,1962.25122709937,0,16592.0821428571,1,1,1,23,2018-10-31T14:52:25.320,20181031_ecoli_ARA_M3_10K,2500,-866,164.25,DIA_100X_EMPTY_1x1_200ms,,,
6,28,12.3128748276122,345,44.5930960731676,1802.95362318841,917.794202898551,NaN,NaN,NaN,NaN,NaN,NaN,NaN,NaN,NaN,NaN,NaN,NaN,NaN,NaN,NaN,316.6482884571,0.990144279561201,28.0463666401242,13.0733916503461,10.9624358561149,3.05745834813323,0.0194743278370622,0.0115622390965963,0,1.00685827342027,2647.16260352836,0,16386.0260869565,1,1,1,23,2018-10-31T14:52:25.320,20181031_ecoli_ARA_M3_10K,2500,-866,164.25,DIA_100X_EMPTY_1x1_200ms,,,
7,20,11.1329875762024,223,-27.6074701083349,1853.84304932735,1434.63228699552,NaN,NaN,NaN,NaN,NaN,NaN,NaN,NaN,NaN,NaN,NaN,NaN,NaN,NaN,NaN,221.219447905724,0.99987808975126,20.7674396179772,12.8948115815651,10.2973556599419,3.33849802596452,0.00849921026973843,0.00472205761987284,0,1.00064634872535,1729.51472504968,0,16699.4349775785,1,1,1,23,2018-10-31T14:52:25.320,20181031_ecoli_ARA_M3_10K,2500,-866,164.25,DIA_100X_EMPTY_1x1_200ms,,,
8,27,12.1996640399576,330,45.063137049049,1970.30303030303,223.166666666667,NaN,NaN,NaN,NaN,NaN,NaN,NaN,NaN,NaN,NaN,NaN,NaN,NaN,NaN,NaN,299.760781295506,0.988201908790224,26.7707800250149,12.8928591993323,10.8963020685544,2.97317797459339,0.0103735441211909,0.00588244273387963,0,1.00161060257051,2496.37126815222,0,16132.0060606061,1,1,1,23,2018-10-31T14:52:25.320,20181031_ecoli_ARA_M3_10K,2500,-866,164.25,DIA_100X_EMPTY_1x1_200ms,,,
1,25,11.6509041828001,292,44.9361660441849,69.5102739726027,1523.56164383562,NaN,NaN,NaN,NaN,NaN,NaN,NaN,NaN,NaN,NaN,NaN,NaN,NaN,NaN,NaN,277.195438326739,0.997737207816649,24.1564289614869,13.2984796909021,10.950957022265,3.50791261078935,0.0116019274240056,0.00536320980326348,1,1.00045553089682,2275.23763860615,0,15932.7260273973,1,1,1,28,2018-10-31T14:52:37.075,20181031_ecoli_ARA_M3_10K,-1500,-2598,164.25,DIA_100X_EMPTY_1x1_200ms,,,
2,25,11.5047998903209,288,44.50860876911,563.916666666667,414.149305555556,NaN,NaN,NaN,NaN,NaN,NaN,NaN,NaN,NaN,NaN,NaN,NaN,NaN,NaN,NaN,272.299969439327,0.997997236965906,24.9777712789065,12.8820450301958,10.4807585581318,3.26994523266711,0.010756251748817,0.00490448591513978,1,1.00103239733182,2154.90931571107,0,16655.46875,1,1,1,28,2018-10-31T14:52:37.075,20181031_ecoli_ARA_M3_10K,-1500,-2598,164.25,DIA_100X_EMPTY_1x1_200ms,,,
3,33,11.6917832682734,386,48.5874821475666,654.028497409326,714.531088082902,NaN,NaN,NaN,NaN,NaN,NaN,NaN,NaN,NaN,NaN,NaN,NaN,NaN,NaN,NaN,355.562286976948,0.962200359916571,32.366987928498,12.8753735840282,10.5009809766095,3.07862166538544,0.0239742275977193,0.0117899201529873,1,1.01051776320092,2803.18596876928,0,15851.5906735751,1,1,1,28,2018-10-31T14:52:37.075,20181031_ecoli_ARA_M3_10K,-1500,-2598,164.25,DIA_100X_EMPTY_1x1_200ms,,,
4,22,11.6121125364708,256,25.4152332699631,735.65625,1072.6953125,NaN,NaN,NaN,NaN,NaN,NaN,NaN,NaN,NaN,NaN,NaN,NaN,NaN,NaN,NaN,242.631097653893,0.999939697654198,22.062779362776,13.2098719995225,10.5520132006385,3.50115671300027,0.00501041391795337,0.00275852094574731,0,1.0002535295238,1929.3932505591,0,16117.09375,1,1,1,28,2018-10-31T14:52:37.075,20181031_ecoli_ARA_M3_10K,-1500,-2598,164.25,DIA_100X_EMPTY_1x1_200ms,,,
5,38,11.6961559114216,444,49.5826019679337,883.747747747748,829.315315315315,NaN,NaN,NaN,NaN,NaN,NaN,NaN,NaN,NaN,NaN,NaN,NaN,NaN,NaN,NaN,398.797447053627,0.952303878318269,37.2281879364102,12.2994279264719,10.4970073813251,2.40916939640957,0.0129684877695123,0.00461025042333038,2,1.00170977057216,3221.75702536003,0,16206.5540540541,1,1,1,28,2018-10-31T14:52:37.075,20181031_ecoli_ARA_M3_10K,-1500,-2598,164.25,DIA_100X_EMPTY_1x1_200ms,,,
6,34,11.8988315942911,405,48.0298218382945,1054.47407407407,93.7037037037037,NaN,NaN,NaN,NaN,NaN,NaN,NaN,NaN,NaN,NaN,NaN,NaN,NaN,NaN,NaN,366.298863153411,0.968180108442296,34.1734685126868,12.4165394382918,10.4683735499217,2.58731698722385,0.00765908949623748,0.0026091863713894,2,1.00063298572003,2941.28673979954,0,16761.3530864198,1,1,1,28,2018-10-31T14:52:37.075,20181031_ecoli_ARA_M3_10K,-1500,-2598,164.25,DIA_100X_EMPTY_1x1_200ms,,,
7,27,8.62738076895173,234,34.7917197156926,1831.89316239316,312.24358974359,NaN,NaN,NaN,NaN,NaN,NaN,NaN,NaN,NaN,NaN,NaN,NaN,NaN,NaN,NaN,241.593611929418,0.990987439439441,27.1969886010763,10.6091354390785,8.64148568537154,2.44572540651365,0.0153044175445499,0.00651105832519921,1,1.00214980843381,1595.09858713445,0,16789.188034188,1,1,1,28,2018-10-31T14:52:37.075,20181031_ecoli_ARA_M3_10K,-1500,-2598,164.25,DIA_100X_EMPTY_1x1_200ms,,,
8,19,10.9186293289622,209,-44.2437032751888,1839.16746411483,1096.31578947368,NaN,NaN,NaN,NaN,NaN,NaN,NaN,NaN,NaN,NaN,NaN,NaN,NaN,NaN,NaN,207.390333917154,0.9998561294556,19.7339874112011,12.7020399595156,9.90213642549237,3.59029487971164,0.0108629184751662,0.00611478423713226,0,1.00100581819624,1519.71636137258,0,17038.1291866029,1,1,1,28,2018-10-31T14:52:37.075,20181031_ecoli_ARA_M3_10K,-1500,-2598,164.25,DIA_100X_EMPTY_1x1_200ms,,,
9,30,12.7993581756305,385,46.7907290965318,2026.12207792208,1030.81038961039,NaN,NaN,NaN,NaN,NaN,NaN,NaN,NaN,NaN,NaN,NaN,NaN,NaN,NaN,NaN,344.306730529725,0.991258215863116,30.2010278955183,12.9075723070935,11.1088315944974,2.94453573295107,0.00854873897369701,0.00507716330719071,0,1.00143590726553,2927.17287469963,0,15386.987012987,1,1,1,28,2018-10-31T14:52:37.075,20181031_ecoli_ARA_M3_10K,-1500,-2598,164.25,DIA_100X_EMPTY_1x1_200ms,,,
10,23,13.2717695346673,310,-1.03322177729576,2036.22258064516,400.161290322581,NaN,NaN,NaN,NaN,NaN,NaN,NaN,NaN,NaN,NaN,NaN,NaN,NaN,NaN,NaN,277.541467941543,0.999932335007526,22.8850321605966,14.5267036422909,11.6455025704308,3.81198307198883,0.0116793133010955,0.00515955813124154,1,1.00056970729627,2437.57439684381,0,16111.3774193548,1,1,1,28,2018-10-31T14:52:37.075,20181031_ecoli_ARA_M3_10K,-1500,-2598,164.25,DIA_100X_EMPTY_1x1_200ms,,,
1,19,11.2317569645676,214,-40.8651539468589,931.439252336449,1939.95327102804,NaN,NaN,NaN,NaN,NaN,NaN,NaN,NaN,NaN,NaN,NaN,NaN,NaN,NaN,NaN,199.663022451365,0.999801309997857,18.3168341057888,13.4690904719811,10.4911915302431,3.59738749716067,0.00115235620170471,0.000620526729848545,1,1.00000230896936,1583.39739039869,0,16148.523364486,1,1,1,31,2018-10-31T14:52:44.101,20181031_ecoli_ARA_M3_10K,-3000,-0,164.25,DIA_100X_EMPTY_1x1_200ms,,,
2,28,10.9697885084035,308,46.8688012978162,1062.4512987013,1659.42532467532,NaN,NaN,NaN,NaN,NaN,NaN,NaN,NaN,NaN,NaN,NaN,NaN,NaN,NaN,NaN,290.942005196357,0.981251906676413,27.8538417859812,12.4388096486706,10.1963093285475,2.75777922552147,0.00965432423524246,0.00505045106136812,0,1.00138317824934,2274.36933094049,0,16017.8279220779,1,1,1,31,2018-10-31T14:52:44.101,20181031_ecoli_ARA_M3_10K,-3000,-0,164.25,DIA_100X_EMPTY_1x1_200ms,,,
3,35,12.5697510455716,440,48.6209789610242,1103.21590909091,1189.55,NaN,NaN,NaN,NaN,NaN,NaN,NaN,NaN,NaN,NaN,NaN,NaN,NaN,NaN,NaN,392.182159481505,0.961405927610298,34.691556035985,12.9151349694895,11.0680530698784,2.68277627387549,0.0221064161161824,0.00902373334397637,1,1.00434975388221,3337.76784869946,0,15840.3,1,1,1,31,2018-10-31T14:52:44.101,20181031_ecoli_ARA_M3_10K,-3000,-0,164.25,DIA_100X_EMPTY_1x1_200ms,,,
4,33,12.365494636488,408,49.3273877204485,1267.87745098039,1906.55392156863,NaN,NaN,NaN,NaN,NaN,NaN,NaN,NaN,NaN,NaN,NaN,NaN,NaN,NaN,NaN,365.444784192412,0.984325335447501,32.5110883977206,12.8694173037947,10.9612339790617,2.80771412669287,0.0227348093925702,0.00941780299828439,1,1.00238844222701,3067.89355415799,0,15084.9142156863,1,1,1,31,2018-10-31T14:52:44.101,20181031_ecoli_ARA_M3_10K,-3000,-0,164.25,DIA_100X_EMPTY_1x1_200ms,,,
5,32,11.8502245575343,380,48.254118279439,1283.80789473684,864.165789473684,NaN,NaN,NaN,NaN,NaN,NaN,NaN,NaN,NaN,NaN,NaN,NaN,NaN,NaN,NaN,345.519793580771,0.959970370950142,31.6972393313027,12.5398037011844,10.6548848441365,2.65687711593565,0.0216310635274002,0.00966277315007139,1,1.00547325156586,2826.23871340947,0,15809.5052631579,1,1,1,31,2018-10-31T14:52:44.101,20181031_ecoli_ARA_M3_10K,-3000,-0,164.25,DIA_100X_EMPTY_1x1_200ms,,,
6,27,12.9977440248731,351,37.7191239267424,1304.78632478632,1526.37321937322,NaN,NaN,NaN,NaN,NaN,NaN,NaN,NaN,NaN,NaN,NaN,NaN,NaN,NaN,NaN,312.085259737065,0.987286841789734,26.7198697876063,13.4653586748333,11.2285555903382,3.34888179709165,0.0286339890514131,0.0156107222139553,0,1.01213208522996,2645.89134474691,0,15604.547008547,1,1,1,31,2018-10-31T14:52:44.101,20181031_ecoli_ARA_M3_10K,-3000,-0,164.25,DIA_100X_EMPTY_1x1_200ms,,,
7,25,11.9914165232593,301,38.2456212135778,1414.89036544851,642.126245847176,NaN,NaN,NaN,NaN,NaN,NaN,NaN,NaN,NaN,NaN,NaN,NaN,NaN,NaN,NaN,282.309769494869,0.992096900001427,24.9803319398015,13.200952225384,10.6870972467773,3.49892120729122,0.0136102923663492,0.0066556948682551,1,1.00190906830449,2240.82328583533,0,16221.3986710963,1,1,1,31,2018-10-31T14:52:44.101,20181031_ecoli_ARA_M3_10K,-3000,-0,164.25,DIA_100X_EMPTY_1x1_200ms,,,
8,18,11.817905716765,214,-45.9150692627409,1685.52336448598,325.906542056075,NaN,NaN,NaN,NaN,NaN,NaN,NaN,NaN,NaN,NaN,NaN,NaN,NaN,NaN,NaN,200.332483589493,0.999843084816651,18.2740426246563,13.6242421227932,10.5378994924972,3.64456117037872,0.00461762066918486,0.00223943973244695,1,1.00011452414218,1593.79558374723,0,16543.4859813084,1,1,1,31,2018-10-31T14:52:44.101,20181031_ecoli_ARA_M3_10K,-3000,-0,164.25,DIA_100X_EMPTY_1x1_200ms,,,
9,24,10.4055406636674,250,45.8381961735061,1750.456,747.56,NaN,NaN,NaN,NaN,NaN,NaN,NaN,NaN,NaN,NaN,NaN,NaN,NaN,NaN,NaN,244.464113373991,0.998484350137393,23.1600513548265,12.4357740769131,10.2077769009888,3.07415516191114,0.00918816599533177,0.00375421604679359,1,1.00048474767163,1895.36012100421,0,16397.224,1,1,1,31,2018-10-31T14:52:44.101,20181031_ecoli_ARA_M3_10K,-3000,-0,164.25,DIA_100X_EMPTY_1x1_200ms,,,
1,30,12.2077532369121,367,45.1071602142497,609.607629427793,1356.44686648501,NaN,NaN,NaN,NaN,NaN,NaN,NaN,NaN,NaN,NaN,NaN,NaN,NaN,NaN,NaN,338.702094353191,0.981170177280735,29.9840457785943,12.7803159461987,10.9725861590624,2.88735028553217,0.0179482494824478,0.0108106405352763,0,1.0065946787036,2835.29409273496,0,15713.7220708447,1,1,1,37,2018-10-31T14:52:58.067,20181031_ecoli_ARA_M3_10K,1500,2598,164.25,DIA_100X_EMPTY_1x1_200ms,,,
2,23,11.5395946162032,266,36.2990446382963,726.12030075188,1502.57894736842,NaN,NaN,NaN,NaN,NaN,NaN,NaN,NaN,NaN,NaN,NaN,NaN,NaN,NaN,NaN,246.29945075106,0.999482517345701,22.207032641816,13.0434715180116,10.4903200309828,3.65531099641374,0.00644398186350729,0.00318108251727546,1,1.00034303444552,1919.36639775104,0,15794.977443609,1,1,1,37,2018-10-31T14:52:58.067,20181031_ecoli_ARA_M3_10K,1500,2598,164.25,DIA_100X_EMPTY_1x1_200ms,,,
3,21,12.6925485286893,267,-30.6066103071298,980.475655430712,1681.67415730337,NaN,NaN,NaN,NaN,NaN,NaN,NaN,NaN,NaN,NaN,NaN,NaN,NaN,NaN,NaN,241.11868804401,0.9998617489106,19.6375696424251,15.27607214701,11.5229912122212,4.39246314343267,0.0395865369412656,0.00709175622704134,0,1.00105353878901,2047.8968639851,0,15667.9925093633,1,1,1,37,2018-10-31T14:52:58.067,20181031_ecoli_ARA_M3_10K,1500,2598,164.25,DIA_100X_EMPTY_1x1_200ms,,,
4,26,11.5482066656336,301,43.2912228335815,1105.02657807309,1567.38205980066,NaN,NaN,NaN,NaN,NaN,NaN,NaN,NaN,NaN,NaN,NaN,NaN,NaN,NaN,NaN,286.323752974765,0.994073280482365,26.3007177545958,12.6778115233235,10.5932303466036,3.00816170146636,0.00609303312476433,0.00313025162422276,0,1.00046985767045,2318.00470969315,0,15830.9734219269,1,1,1,37,2018-10-31T14:52:58.067,20181031_ecoli_ARA_M3_10K,1500,2598,164.25,DIA_100X_EMPTY_1x1_200ms,,,
5,21,10.0412238617119,211,13.44117547731,1507.55450236967,1579.02843601896,NaN,NaN,NaN,NaN,NaN,NaN,NaN,NaN,NaN,NaN,NaN,NaN,NaN,NaN,NaN,214.257461624241,0.999712640465747,20.9047559641508,12.2831715782228,9.94299547448782,3.13471996254492,0.00339037332318071,0.0014563399088618,1,1.00003338386196,1623.19040545412,0,16622.5071090047,1,1,1,37,2018-10-31T14:52:58.067,20181031_ecoli_ARA_M3_10K,1500,2598,164.25,DIA_100X_EMPTY_1x1_200ms,,,
6,24,12.1240515789709,292,29.3576487559217,1622.68150684932,908.191780821918,NaN,NaN,NaN,NaN,NaN,NaN,NaN,NaN,NaN,NaN,NaN,NaN,NaN,NaN,NaN,267.032627926216,0.999709492482882,23.7496594234638,13.0793665868272,10.8850010735061,3.27191700201277,0.00400261224438403,0.00228334573724219,0,1.00019575996762,2210.06079163516,0,15598.2979452055,1,1,1,37,2018-10-31T14:52:58.067,20181031_ecoli_ARA_M3_10K,1500,2598,164.25,DIA_100X_EMPTY_1x1_200ms,,,
7,26,11.7262450303571,305,41.5037294661929,1891.95409836066,1420.05245901639,NaN,NaN,NaN,NaN,NaN,NaN,NaN,NaN,NaN,NaN,NaN,NaN,NaN,NaN,NaN,278.680711482485,0.998703667057947,24.8118736924091,13.150761309312,10.9233841000592,3.16393929666724,0.00950358281596803,0.00483366980296137,1,1.0009339590406,2325.21894714803,0,15746.1016393443,1,1,1,37,2018-10-31T14:52:58.067,20181031_ecoli_ARA_M3_10K,1500,2598,164.25,DIA_100X_EMPTY_1x1_200ms,,,
8,21,11.205697721347,235,-13.3645886608685,1959.45106382979,412.442553191489,NaN,NaN,NaN,NaN,NaN,NaN,NaN,NaN,NaN,NaN,NaN,NaN,NaN,NaN,NaN,221.709746971008,0.999789286902434,20.3656374547531,13.2089812146044,10.3475132425686,3.65137638030763,0.184482825251208,0.0119175738509175,0,1.00159550400659,1712.61550437847,0,16588.3021276596,1,1,1,37,2018-10-31T14:52:58.067,20181031_ecoli_ARA_M3_10K,1500,2598,164.25,DIA_100X_EMPTY_1x1_200ms,,,
9,36,11.0535474062017,398,44.7488459687872,2033.55025125628,1909.91457286432,NaN,NaN,NaN,NaN,NaN,NaN,NaN,NaN,NaN,NaN,NaN,NaN,NaN,NaN,NaN,NaN,NaN,NaN,NaN,NaN,NaN,NaN,NaN,NaN,NaN,NaN,0,16071.41959799,1,1,1,37,2018-10-31T14:52:58.067,20181031_ecoli_ARA_M3_10K,1500,2598,164.25,DIA_100X_EMPTY_1x1_200ms,,,
1,30,11.3276850434228,340,47.7677705102978,19.3529411764706,327.047058823529,NaN,NaN,NaN,NaN,NaN,NaN,NaN,NaN,NaN,NaN,NaN,NaN,NaN,NaN,NaN,318.275806573059,0.956358648034658,30.1247408560349,12.424413464271,10.2816374437316,2.71398223157507,0.0144220054539858,0.00817460142702642,0,1.00414438818829,2501.13867639386,0,16623.7058823529,1,1,1,50,2018-10-31T14:53:28.362,20181031_ecoli_ARA_M3_10K,-1000,-3464,164.25,DIA_100X_EMPTY_1x1_200ms,,,
2,75,11.804473103027,885,43.8626692644062,99.871186440678,468.697175141243,NaN,NaN,NaN,NaN,NaN,NaN,NaN,NaN,NaN,NaN,NaN,NaN,NaN,NaN,NaN,781.618994874569,0.813108280827364,74.8682120235402,11.9689849669305,10.2899690124099,1.84082520348236,0.0160028712201326,0.0059332432025693,4,1.01219494934303,6226.09118313372,0,16940.4293785311,1,1,1,50,2018-10-31T14:53:28.362,20181031_ecoli_ARA_M3_10K,-1000,-3464,164.25,DIA_100X_EMPTY_1x1_200ms,,,
3,20,11.081033591734,222,-29.6144980898752,85.9234234234234,2019.52702702703,NaN,NaN,NaN,NaN,NaN,NaN,NaN,NaN,NaN,NaN,NaN,NaN,NaN,NaN,NaN,214.270123005085,0.999943241436948,19.8060384708882,13.2232522622367,10.4435021078972,3.45768415130804,0.00509165220606619,0.00297676134721308,0,1.00022753127222,1696.60138466618,0,16589.8198198198,1,1,1,50,2018-10-31T14:53:28.362,20181031_ecoli_ARA_M3_10K,-1000,-3464,164.25,DIA_100X_EMPTY_1x1_200ms,,,
4,33,11.9009368893757,393,45.8730543882062,92.5165394402036,950.017811704835,NaN,NaN,NaN,NaN,NaN,NaN,NaN,NaN,NaN,NaN,NaN,NaN,NaN,NaN,NaN,358.593311693447,0.908843984226137,33.4447362745691,12.6883415175147,10.4411946442421,2.67680047908186,0.0243635759592681,0.0153063267227402,1,1.01734796130979,2863.63749984874,0,16713.5394402036,1,1,1,50,2018-10-31T14:53:28.362,20181031_ecoli_ARA_M3_10K,-1000,-3464,164.25,DIA_100X_EMPTY_1x1_200ms,,,
5,18,11.5473982059857,208,-44.619264415027,141.264423076923,1646.46153846154,NaN,NaN,NaN,NaN,NaN,NaN,NaN,NaN,NaN,NaN,NaN,NaN,NaN,NaN,NaN,204.730284294982,0.999904758941233,17.6758375324416,14.5217435207571,10.7994645789222,4.30448821251912,0.0249017227529151,0.0047064092788119,0,1.00035958157921,1619.10245454622,0,16841.2451923077,1,1,1,50,2018-10-31T14:53:28.362,20181031_ecoli_ARA_M3_10K,-1000,-3464,164.25,DIA_100X_EMPTY_1x1_200ms,,,
6,33,12.4552430598796,412,48.5347136840942,171.128640776699,1532.45388349515,NaN,NaN,NaN,NaN,NaN,NaN,NaN,NaN,NaN,NaN,NaN,NaN,NaN,NaN,NaN,370.995478075439,0.968773739376856,34.1535330335478,12.7150852570036,10.4817739790883,2.81056519545095,0.141412644037126,0.00972068007555862,1,1.00129556502232,2947.10153694183,0,16097.3252427184,1,1,1,50,2018-10-31T14:53:28.362,20181031_ecoli_ARA_M3_10K,-1000,-3464,164.25,DIA_100X_EMPTY_1x1_200ms,,,
7,28,11.1895506436609,314,48.041759927297,213.101910828025,63.3757961783439,NaN,NaN,NaN,NaN,NaN,NaN,NaN,NaN,NaN,NaN,NaN,NaN,NaN,NaN,NaN,295.036701486874,0.98038541943735,27.9671523741592,12.1113788975241,10.1591747839993,2.91202915954546,0.00325072699147356,0.00128770571370052,1,1.00008826898789,2267.0181357472,0,16826.8757961783,1,1,1,50,2018-10-31T14:53:28.362,20181031_ecoli_ARA_M3_10K,-1000,-3464,164.25,DIA_100X_EMPTY_1x1_200ms,,,
8,28,10.4528115607152,293,47.6888456104772,242.194539249147,1477.8566552901,NaN,NaN,NaN,NaN,NaN,NaN,NaN,NaN,NaN,NaN,NaN,NaN,NaN,NaN,NaN,294.800021725783,0.988308492213539,27.9610731349183,12.2321920980149,10.0307236700098,3.19545593218167,0.0132167675418105,0.00571265406441714,1,1.00068633717062,2209.57246771955,1,16678.0204778157,1,1,1,50,2018-10-31T14:53:28.362,20181031_ecoli_ARA_M3_10K,-1000,-3464,164.25,DIA_100X_EMPTY_1x1_200ms,,,
9,25,12.4352473899013,312,40.0790253728841,255.830128205128,1481.63461538462,NaN,NaN,NaN,NaN,NaN,NaN,NaN,NaN,NaN,NaN,NaN,NaN,NaN,NaN,NaN,292.17433089699,0.989029614938437,25.6270877880135,13.9741699027258,10.9401613072207,3.44281919644877,0.0268173944814966,0.013703830213551,0,1.00850618746184,2408.99882950534,1,16786.2980769231,1,1,1,50,2018-10-31T14:53:28.362,20181031_ecoli_ARA_M3_10K,-1000,-3464,164.25,DIA_100X_EMPTY_1x1_200ms,,,
10,29,11.6502131419041,338,47.6929984492938,272.872781065089,1619.09171597633,NaN,NaN,NaN,NaN,NaN,NaN,NaN,NaN,NaN,NaN,NaN,NaN,NaN,NaN,NaN,311.346010937162,0.992173294831168,28.5501314149659,12.9626027699437,10.5451526120167,3.06705780842465,0.00123462839771931,0.000599419642232957,2,1.00001006997092,2493.4676130584,0,15897.3609467456,1,1,1,50,2018-10-31T14:53:28.362,20181031_ecoli_ARA_M3_10K,-1000,-3464,164.25,DIA_100X_EMPTY_1x1_200ms,,,
11,27,12.115223218943,327,45.5655406707733,316.639143730887,1149.28440366972,NaN,NaN,NaN,NaN,NaN,NaN,NaN,NaN,NaN,NaN,NaN,NaN,NaN,NaN,NaN,300.990012187712,0.98591716080649,26.5257303096322,12.9892245239617,10.9492072297461,3.1355760092214,0.00984873469110038,0.00487117549856079,0,1.00113190825721,2497.59825425874,0,15917.2874617737,1,1,1,50,2018-10-31T14:53:28.362,20181031_ecoli_ARA_M3_10K,-1000,-3464,164.25,DIA_100X_EMPTY_1x1_200ms,,,
12,31,11.7906249049935,367,47.8153449130544,364.885558583106,1201.45776566757,NaN,NaN,NaN,NaN,NaN,NaN,NaN,NaN,NaN,NaN,NaN,NaN,NaN,NaN,NaN,334.121734413818,0.978798628405271,30.8631535293889,12.7454716662836,10.5905327477931,2.66001733544502,0.00231087008069564,0.00128812439133876,1,1.00010784894407,2718.72822268824,0,16233.2261580381,1,1,1,50,2018-10-31T14:53:28.362,20181031_ecoli_ARA_M3_10K,-1000,-3464,164.25,DIA_100X_EMPTY_1x1_200ms,,,
13,28,12.6691340736817,355,46.0823216993732,563.971830985916,1649.29577464789,NaN,NaN,NaN,NaN,NaN,NaN,NaN,NaN,NaN,NaN,NaN,NaN,NaN,NaN,NaN,317.263591385394,0.988549980837129,27.911404723032,13.2024979446897,10.9275069406002,3.26315865328176,0.0127777188646129,0.00364750192647064,0,1.00059875223992,2617.66313954806,0,15598.3830985916,1,1,1,50,2018-10-31T14:53:28.362,20181031_ecoli_ARA_M3_10K,-1000,-3464,164.25,DIA_100X_EMPTY_1x1_200ms,,,
14,27,10.2136330325186,276,44.8232253560065,604.989130434783,28.6231884057971,NaN,NaN,NaN,NaN,NaN,NaN,NaN,NaN,NaN,NaN,NaN,NaN,NaN,NaN,NaN,264.192877706714,0.984895296742225,26.6923413302331,11.6526617205685,9.61301437057903,2.67270061813806,0.0117941282964994,0.0059337070192585,0,1.0017722605261,1937.29489583852,0,17228.6702898551,1,1,1,50,2018-10-31T14:53:28.362,20181031_ecoli_ARA_M3_10K,-1000,-3464,164.25,DIA_100X_EMPTY_1x1_200ms,,,
15,28,12.4618497779235,349,47.8557412002541,645.736389684814,1894.12320916905,NaN,NaN,NaN,NaN,NaN,NaN,NaN,NaN,NaN,NaN,NaN,NaN,NaN,NaN,NaN,310.908126717665,0.993733730472834,26.5453011551793,13.6035186677269,11.3431110975473,3.25939247900776,0.014972598475017,0.00907838335806155,0,1.00383339283354,2682.51345834136,0,15371.7736389685,1,1,1,50,2018-10-31T14:53:28.362,20181031_ecoli_ARA_M3_10K,-1000,-3464,164.25,DIA_100X_EMPTY_1x1_200ms,,,
16,22,12.0557738225318,266,18.7258022565805,658.259398496241,167.248120300752,NaN,NaN,NaN,NaN,NaN,NaN,NaN,NaN,NaN,NaN,NaN,NaN,NaN,NaN,NaN,237.993767303145,0.99989053228155,21.949429741619,13.1859774182761,10.1399676701332,3.79988295371935,0.0125677600065222,0.00319159748293222,1,1.00028330806517,1772.50008019248,0,16775.2894736842,1,1,1,50,2018-10-31T14:53:28.362,20181031_ecoli_ARA_M3_10K,-1000,-3464,164.25,DIA_100X_EMPTY_1x1_200ms,,,
17,30,12.8958398636794,388,45.8737417583026,694.829896907216,1896.70618556701,NaN,NaN,NaN,NaN,NaN,NaN,NaN,NaN,NaN,NaN,NaN,NaN,NaN,NaN,NaN,348.156788591364,0.986450366164592,30.1119796944029,13.3032662479156,11.091361121099,3.28479575071685,0.0158189865708855,0.0088056367896302,0,1.00424800509612,2909.3694989025,0,15259.7190721649,1,1,1,50,2018-10-31T14:53:28.362,20181031_ecoli_ARA_M3_10K,-1000,-3464,164.25,DIA_100X_EMPTY_1x1_200ms,,,
18,37,12.1622404274155,460,47.0805900391,739.252173913044,1014.49130434783,NaN,NaN,NaN,NaN,NaN,NaN,NaN,NaN,NaN,NaN,NaN,NaN,NaN,NaN,NaN,413.359600866917,0.911510836294395,37.9113812097942,12.5431925110333,10.6329106614842,2.58334644375059,0.0345348785909573,0.0166107384953174,1,1.03002576976062,3366.38527427311,0,16243.9891304348,1,1,1,50,2018-10-31T14:53:28.362,20181031_ecoli_ARA_M3_10K,-1000,-3464,164.25,DIA_100X_EMPTY_1x1_200ms,,,
19,22,12.0970026179341,267,20.608217313957,1033.83895131086,718.479400749064,NaN,NaN,NaN,NaN,NaN,NaN,NaN,NaN,NaN,NaN,NaN,NaN,NaN,NaN,NaN,244.282730777333,0.999416012825182,22.1420943601681,13.000501598886,10.6234360255028,3.35954142794256,0.00788977484636842,0.00378051518729759,1,1.00049551224114,1962.63072028726,0,16152.1498127341,1,1,1,50,2018-10-31T14:53:28.362,20181031_ecoli_ARA_M3_10K,-1000,-3464,164.25,DIA_100X_EMPTY_1x1_200ms,,,
20,18,11.9947092499848,217,-44.3482779068942,1557.36866359447,1936.68202764977,NaN,NaN,NaN,NaN,NaN,NaN,NaN,NaN,NaN,NaN,NaN,NaN,NaN,NaN,NaN,201.557377174487,0.999830375659391,17.7423750865165,14.1931088623688,10.895500709736,3.8404574161533,0.00607752455869981,0.00310997533966866,0,1.00020917777022,1654.23050157876,0,16306.4285714286,1,1,1,50,2018-10-31T14:53:28.362,20181031_ecoli_ARA_M3_10K,-1000,-3464,164.25,DIA_100X_EMPTY_1x1_200ms,,,
21,28,11.2067369500919,314,48.1619729311596,1645.58917197452,559.203821656051,NaN,NaN,NaN,NaN,NaN,NaN,NaN,NaN,NaN,NaN,NaN,NaN,NaN,NaN,NaN,288.891396752534,0.993238942926526,27.2970419385931,12.4467341877509,10.1343385372578,3.12026844992878,0.201965613639016,0.00671543805914087,1,1.00039129260583,2201.8933707965,0,16380.5700636943,1,1,1,50,2018-10-31T14:53:28.362,20181031_ecoli_ARA_M3_10K,-1000,-3464,164.25,DIA_100X_EMPTY_1x1_200ms,,,
22,38,11.8896198195888,452,45.9862042578844,1706.71902654867,246.980088495575,NaN,NaN,NaN,NaN,NaN,NaN,NaN,NaN,NaN,NaN,NaN,NaN,NaN,NaN,NaN,410.577405189749,0.920600214610518,38.2753689938382,12.9875035049515,10.4235500060822,2.70587796507695,0.0147521458324784,0.00690116865736327,2,1.0036488858133,3266.18346625024,0,16428.1548672566,1,1,1,50,2018-10-31T14:53:28.362,20181031_ecoli_ARA_M3_10K,-1000,-3464,164.25,DIA_100X_EMPTY_1x1_200ms,,,
1,31,10.9599153375192,340,48.9629258759682,55.1382352941176,1608,NaN,NaN,NaN,NaN,NaN,NaN,NaN,NaN,NaN,NaN,NaN,NaN,NaN,NaN,NaN,322.323390585156,0.973328250949221,30.5909237639934,11.9727241336057,10.103684620478,2.88160345126266,0.0165748754503886,0.00878094439780559,0,1.00471367706622,2452.68647479975,0,16687.6882352941,1,1,1,52,2018-10-31T14:53:33.043,20181031_ecoli_ARA_M3_10K,1000,-3464,164.25,DIA_100X_EMPTY_1x1_200ms,,,
2,21,10.729440183765,225,25.3727026348555,84.2622222222222,1520.63111111111,NaN,NaN,NaN,NaN,NaN,NaN,NaN,NaN,NaN,NaN,NaN,NaN,NaN,NaN,NaN,219.897455121266,0.999691526487951,20.4960553509302,12.9559063585126,10.2345102792903,3.42185341571408,0.00480929563612806,0.00228058601766118,1,1.00015088358044,1686.14259530766,0,17043.4311111111,1,1,1,52,2018-10-31T14:53:33.043,20181031_ecoli_ARA_M3_10K,1000,-3464,164.25,DIA_100X_EMPTY_1x1_200ms,,,
3,45,12.1612469582512,550,46.8398349202996,121.898181818182,1626.39454545455,NaN,NaN,NaN,NaN,NaN,NaN,NaN,NaN,NaN,NaN,NaN,NaN,NaN,NaN,NaN,494.921395799865,0.884005146679621,46.2000150743833,12.8558345976405,10.5403262371081,2.42428853253001,0.0210921669975566,0.010349152855886,1,1.01474923879093,4031.25346043221,0,16662.6872727273,1,1,1,52,2018-10-31T14:53:33.043,20181031_ecoli_ARA_M3_10K,1000,-3464,164.25,DIA_100X_EMPTY_1x1_200ms,,,
4,43,11.1770647219511,481,3.69771407048994,136,1591.22869022869,NaN,NaN,NaN,NaN,NaN,NaN,NaN,NaN,NaN,NaN,NaN,NaN,NaN,NaN,NaN,461.950393065841,0.837691554919617,43.4363158526666,14.4027447535396,10.4225916508432,3.07205759108101,0.0222723716620665,0.0102515257855665,2,1.00943848587675,3705.90523313351,0,17331.4137214137,1,1,1,52,2018-10-31T14:53:33.043,20181031_ecoli_ARA_M3_10K,1000,-3464,164.25,DIA_100X_EMPTY_1x1_200ms,,,
5,37,12.5666333684196,465,49.5637556567895,247.387096774194,1466.81505376344,NaN,NaN,NaN,NaN,NaN,NaN,NaN,NaN,NaN,NaN,NaN,NaN,NaN,NaN,NaN,417.422911737679,0.964275343538174,36.7920017120355,13.1434342338448,10.9963503412852,2.83586343923098,0.015417257841449,0.00800203953165983,1,1.0021412412101,3494.14106255901,0,16693.1483870968,1,1,1,52,2018-10-31T14:53:33.043,20181031_ecoli_ARA_M3_10K,1000,-3464,164.25,DIA_100X_EMPTY_1x1_200ms,,,
6,29,12.4327713816446,361,46.9932483626178,523.038781163435,2014.01662049861,NaN,NaN,NaN,NaN,NaN,NaN,NaN,NaN,NaN,NaN,NaN,NaN,NaN,NaN,NaN,323.734449109581,0.986323484051804,28.4079284968056,13.1443754158153,11.1483167067687,2.92686603087842,0.00449373918443265,0.00282937146683576,1,1.00039332853414,2772.98833888085,0,15516.836565097,1,1,1,52,2018-10-31T14:53:33.043,20181031_ecoli_ARA_M3_10K,1000,-3464,164.25,DIA_100X_EMPTY_1x1_200ms,,,
7,22,12.1437914913119,268,17.6217330825378,847.809701492537,84.7238805970149,NaN,NaN,NaN,NaN,NaN,NaN,NaN,NaN,NaN,NaN,NaN,NaN,NaN,NaN,NaN,242.193935231157,0.999746953084062,21.7648791459303,13.4662022994744,10.7731795836567,3.47132635415853,0.00489509227402206,0.00273186204255013,1,1.00006071189638,1983.9646976568,0,16700.776119403,1,1,1,52,2018-10-31T14:53:33.043,20181031_ecoli_ARA_M3_10K,1000,-3464,164.25,DIA_100X_EMPTY_1x1_200ms,,,
8,30,13.107077482245,394,48.0321332756105,1878.71319796954,42.2741116751269,NaN,NaN,NaN,NaN,NaN,NaN,NaN,NaN,NaN,NaN,NaN,NaN,NaN,NaN,NaN,347.149960008074,0.990818319092958,29.3845278375446,13.6211265789231,11.401338472115,3.34445400352342,0.019600456825176,0.010332373415054,1,1.00628972195478,2999.9932366741,0,15789.307106599,1,1,1,52,2018-10-31T14:53:33.043,20181031_ecoli_ARA_M3_10K,1000,-3464,164.25,DIA_100X_EMPTY_1x1_200ms,,,
9,32,11.7810275619136,377,48.2491947270941,1943.33421750663,1493.44562334218,NaN,NaN,NaN,NaN,NaN,NaN,NaN,NaN,NaN,NaN,NaN,NaN,NaN,NaN,NaN,340.603157371825,0.976017348110805,31.3978649542074,12.495382938998,10.5036207809351,2.7784359369818,0.016559240908995,0.0062197394532557,1,1.0024741903855,2720.62112566337,0,15970.2413793103,1,1,1,52,2018-10-31T14:53:33.043,20181031_ecoli_ARA_M3_10K,1000,-3464,164.25,DIA_100X_EMPTY_1x1_200ms,,,
1,26,10.9994174699295,286,47.330134588843,264.115384615385,1317.04195804196,NaN,NaN,NaN,NaN,NaN,NaN,NaN,NaN,NaN,NaN,NaN,NaN,NaN,NaN,NaN,269.230537275851,0.988881095244764,25.3596456122318,12.3732729203754,10.1669042837821,3.13220758588182,0.0140342110854841,0.00760800291347962,0,1.00259503669114,2058.78280051911,0,16600.3006993007,1,1,1,53,2018-10-31T14:53:35.364,20181031_ecoli_ARA_M3_10K,2000,-3464,164.25,DIA_100X_EMPTY_1x1_200ms,,,
2,32,11.7190939692506,375,46.591973268081,442.824,1644.61333333333,NaN,NaN,NaN,NaN,NaN,NaN,NaN,NaN,NaN,NaN,NaN,NaN,NaN,NaN,NaN,339.983196708507,0.980821678511985,31.1728218567701,12.8887895427678,10.6208558148446,2.84354491058619,0.00610909941455803,0.00234925561975617,1,1.00037231895614,2761.75421270201,0,15694.0933333333,1,1,1,53,2018-10-31T14:53:35.364,20181031_ecoli_ARA_M3_10K,2000,-3464,164.25,DIA_100X_EMPTY_1x1_200ms,,,
3,17,12.0955334388804,207,-49.3956969712001,482.724637681159,467.502415458937,NaN,NaN,NaN,NaN,NaN,NaN,NaN,NaN,NaN,NaN,NaN,NaN,NaN,NaN,NaN,197.140951263629,0.999802122339908,17.0645571943513,14.3892921485974,10.9423445100041,4.05163089459338,0.00181811958773824,0.000984502013826169,0,1.00001948174658,1604.74367550243,0,16668.4251207729,1,1,1,53,2018-10-31T14:53:35.364,20181031_ecoli_ARA_M3_10K,2000,-3464,164.25,DIA_100X_EMPTY_1x1_200ms,,,
4,34,11.7828308370833,401,49.137389801216,597.361596009975,68.1471321695761,NaN,NaN,NaN,NaN,NaN,NaN,NaN,NaN,NaN,NaN,NaN,NaN,NaN,NaN,NaN,355.686043064639,0.979381295576158,32.7564690867533,12.7049347718347,10.6101095516149,2.66174884242994,0.00252625255566914,0.00148689220544991,1,1.0000476265306,2896.18766382421,0,16589.4413965087,1,1,1,53,2018-10-31T14:53:35.364,20181031_ecoli_ARA_M3_10K,2000,-3464,164.25,DIA_100X_EMPTY_1x1_200ms,,,
5,25,11.8361555109322,297,44.6780806785334,831.427609427609,1811.31986531987,NaN,NaN,NaN,NaN,NaN,NaN,NaN,NaN,NaN,NaN,NaN,NaN,NaN,NaN,NaN,277.810791865373,0.994431591483767,25.3603001848434,12.7848931249764,10.6678385079156,2.99730482412175,0.00314568703780957,0.00181409078399541,0,1.0001368069777,2266.71613744047,0,16405.4646464646,1,1,1,53,2018-10-31T14:53:35.364,20181031_ecoli_ARA_M3_10K,2000,-3464,164.25,DIA_100X_EMPTY_1x1_200ms,,,
6,24,11.9864933268701,288,40.8577853474757,860.177083333333,387.225694444444,NaN,NaN,NaN,NaN,NaN,NaN,NaN,NaN,NaN,NaN,NaN,NaN,NaN,NaN,NaN,259.730401171938,0.999705990206793,23.1174113904483,13.0858624770778,10.8207638510402,3.36315879786623,0.00118835194152751,0.000468105168102196,2,1.00000693882612,2125.91022849319,0,15678.8611111111,1,1,1,53,2018-10-31T14:53:35.364,20181031_ecoli_ARA_M3_10K,2000,-3464,164.25,DIA_100X_EMPTY_1x1_200ms,,,
7,30,11.477041225195,346,46.2426143723151,1037.09826589595,1177.6936416185,NaN,NaN,NaN,NaN,NaN,NaN,NaN,NaN,NaN,NaN,NaN,NaN,NaN,NaN,NaN,327.264218619367,0.971149871053427,30.9060810653337,12.0512339617028,10.2292456104213,2.83703429150587,0.0139772993841823,0.00568839953770965,1,1.00129908204835,2539.92582351852,0,16039.7572254335,1,1,1,53,2018-10-31T14:53:35.364,20181031_ecoli_ARA_M3_10K,2000,-3464,164.25,DIA_100X_EMPTY_1x1_200ms,,,
8,24,12.0445247434171,290,37.7192810846724,1085.86896551724,1909.33793103448,NaN,NaN,NaN,NaN,NaN,NaN,NaN,NaN,NaN,NaN,NaN,NaN,NaN,NaN,NaN,265.810771531644,0.998350836408227,24.0660030229194,12.9741725257458,10.626207435138,3.27419979229898,0.00382671311855755,0.00158884595603155,1,1.00009693349309,2134.27524636462,0,16197.0310344828,1,1,1,53,2018-10-31T14:53:35.364,20181031_ecoli_ARA_M3_10K,2000,-3464,164.25,DIA_100X_EMPTY_1x1_200ms,,,
9,23,11.5997509629053,268,27.5040094832004,1269.76492537313,2026.10447761194,NaN,NaN,NaN,NaN,NaN,NaN,NaN,NaN,NaN,NaN,NaN,NaN,NaN,NaN,NaN,252.480709854296,0.996886746376183,23.417044428638,12.4919416206625,10.3566840020977,3.21119701496901,0.00785006740943929,0.00370570009333642,1,1.00027350186216,1972.71075466785,0,16587.447761194,1,1,1,53,2018-10-31T14:53:35.364,20181031_ecoli_ARA_M3_10K,2000,-3464,164.25,DIA_100X_EMPTY_1x1_200ms,,,
10,24,11.1567014948279,268,41.7656066946128,1874.95149253731,1383.27985074627,NaN,NaN,NaN,NaN,NaN,NaN,NaN,NaN,NaN,NaN,NaN,NaN,NaN,NaN,NaN,255.969428792424,0.998293400673687,23.5137830209182,12.7556451387489,10.4404906432881,3.34318012843903,0.00464285880821981,0.00193013782661046,1,1.00013809438636,2013.04834379216,0,16852.0223880597,1,1,1,53,2018-10-31T14:53:35.364,20181031_ecoli_ARA_M3_10K,2000,-3464,164.25,DIA_100X_EMPTY_1x1_200ms,,,
11,31,10.9572470224496,340,49.1416696116564,1964.01176470588,148.838235294118,NaN,NaN,NaN,NaN,NaN,NaN,NaN,NaN,NaN,NaN,NaN,NaN,NaN,NaN,NaN,320.053627239505,0.98595474110301,30.4321270145159,12.1408354100509,10.165926638649,2.83154473888317,0.0063133196083758,0.00396831490816359,0,1.00083276133259,2470.10907881186,0,16811.3147058824,1,1,1,53,2018-10-31T14:53:35.364,20181031_ecoli_ARA_M3_10K,2000,-3464,164.25,DIA_100X_EMPTY_1x1_200ms,,,
1,37,18.4106648064158,682,48.0254775990238,336.046920821114,1295.59090909091,NaN,NaN,NaN,NaN,NaN,NaN,NaN,NaN,NaN,NaN,NaN,NaN,NaN,NaN,NaN,450.046415819501,0.984392766672531,32.4941844065221,16.5758765445998,13.4509985945569,3.70294532175335,0.0111485749038417,0.00513609576178514,1,1.0020776964031,4617.47525545042,0,21081.504398827,1,1,1,59,2018-10-31T14:53:49.501,20181031_ecoli_ARA_M3_10K,3000,1732,164.25,DIA_100X_EMPTY_1x1_200ms,,,
2,32,17.617283795964,565,31.3224604132697,378.566371681416,1324.78053097345,NaN,NaN,NaN,NaN,NaN,NaN,NaN,NaN,NaN,NaN,NaN,NaN,NaN,NaN,NaN,369.166370157511,0.998122173780262,27.8089077333496,15.7215381102603,12.8169929625411,3.93458927792063,0.0255071904279657,0.0117275103029597,1,1.00727250793707,3587.94770290143,0,21861.782300885,1,1,1,59,2018-10-31T14:53:49.501,20181031_ecoli_ARA_M3_10K,3000,1732,164.25,DIA_100X_EMPTY_1x1_200ms,,,
3,4,1.10148128946207,9,-49.7269071158375,575.222222222222,1169.11111111111,NaN,NaN,NaN,NaN,NaN,NaN,NaN,NaN,NaN,NaN,NaN,NaN,NaN,NaN,NaN,NaN,NaN,NaN,NaN,NaN,NaN,NaN,NaN,NaN,NaN,NaN,1,30371.5555555556,1,1,1,59,2018-10-31T14:53:49.501,20181031_ecoli_ARA_M3_10K,3000,1732,164.25,DIA_100X_EMPTY_1x1_200ms,,,
4,22,10.7353851396977,237,-49.3569475712873,589.962025316456,1148.27848101266,NaN,NaN,NaN,NaN,NaN,NaN,NaN,NaN,NaN,NaN,NaN,NaN,NaN,NaN,NaN,200.113073875483,0.987851131852714,20.0158311794702,12.4460280323217,9.37904179069304,3.20388433170636,0.0740271242959297,0.0391823911370238,0,1.04311741779046,1382.8671264351,1,23799.2953586498,1,1,1,59,2018-10-31T14:53:49.501,20181031_ecoli_ARA_M3_10K,3000,1732,164.25,DIA_100X_EMPTY_1x1_200ms,,,
5,5,1.50711780615839,8,-49.7888406639354,582,1166.375,NaN,NaN,NaN,NaN,NaN,NaN,NaN,NaN,NaN,NaN,NaN,NaN,NaN,NaN,NaN,104.609017872638,0.999810085176757,NaN,NaN,NaN,NaN,NaN,NaN,NaN,NaN,NaN,2,30444.875,1,1,1,59,2018-10-31T14:53:49.501,20181031_ecoli_ARA_M3_10K,3000,1732,164.25,DIA_100X_EMPTY_1x1_200ms,,,
6,39,18.4487451406394,720,42.4407219718561,612.794444444444,767.956944444444,NaN,NaN,NaN,NaN,NaN,NaN,NaN,NaN,NaN,NaN,NaN,NaN,NaN,NaN,NaN,486.855934657707,0.985846125559091,35.8850128563224,15.3517459235429,13.2085889140644,3.41438143734941,0.0213029854890054,0.00900273992104001,1,1.00269947262965,4917.17693193715,0,21510.3458333333,1,1,1,59,2018-10-31T14:53:49.501,20181031_ecoli_ARA_M3_10K,3000,1732,164.25,DIA_100X_EMPTY_1x1_200ms,,,
7,9,1.48427183710888,14,-49.9986640823439,780.214285714286,189.5,NaN,NaN,NaN,NaN,NaN,NaN,NaN,NaN,NaN,NaN,NaN,NaN,NaN,NaN,NaN,120.552349200153,0.999669047944617,NaN,NaN,NaN,NaN,NaN,NaN,NaN,NaN,NaN,0,30209.5714285714,1,1,1,59,2018-10-31T14:53:49.501,20181031_ecoli_ARA_M3_10K,3000,1732,164.25,DIA_100X_EMPTY_1x1_200ms,,,
8,23,10.7791902984835,248,-49.9891327309568,800.790322580645,184.008064516129,NaN,NaN,NaN,NaN,NaN,NaN,NaN,NaN,NaN,NaN,NaN,NaN,NaN,NaN,NaN,198.798675869007,0.986481931392834,20.6971307730031,11.9603856153317,9.02751258875789,3.06103582049671,0.0696266374529351,0.0381342583080597,0,1.0430354145358,1324.75702296578,1,24942.0403225806,1,1,1,59,2018-10-31T14:53:49.501,20181031_ecoli_ARA_M3_10K,3000,1732,164.25,DIA_100X_EMPTY_1x1_200ms,,,
9,12,1.30769564837508,17,-49.9999734269303,793.529411764706,203.647058823529,NaN,NaN,NaN,NaN,NaN,NaN,NaN,NaN,NaN,NaN,NaN,NaN,NaN,NaN,NaN,147.078121622981,0.998290207485968,NaN,NaN,NaN,NaN,NaN,NaN,NaN,NaN,NaN,1,30041.3529411765,1,1,1,59,2018-10-31T14:53:49.501,20181031_ecoli_ARA_M3_10K,3000,1732,164.25,DIA_100X_EMPTY_1x1_200ms,,,
10,47,18.9393327367251,891,-4.33709126425744,1195.52861952862,378.582491582492,NaN,NaN,NaN,NaN,NaN,NaN,NaN,NaN,NaN,NaN,NaN,NaN,NaN,NaN,NaN,574.712822070315,0.857359062198072,44.092383906023,16.5707468942344,12.6341749352516,3.55742123124894,0.0400737817063996,0.0220345027519456,1,1.06480513243858,5527.73523621152,0,22034.1459034792,1,1,1,59,2018-10-31T14:53:49.501,20181031_ecoli_ARA_M3_10K,3000,1732,164.25,DIA_100X_EMPTY_1x1_200ms,,,
11,39,18.522933596939,723,47.9940290201452,1892.52420470263,660.549100968188,NaN,NaN,NaN,NaN,NaN,NaN,NaN,NaN,NaN,NaN,NaN,NaN,NaN,NaN,NaN,474.528013882696,0.979058225830648,34.5955114702058,15.7824422249031,13.3823073807663,3.54269614367917,0.0136662915343637,0.00450167186655557,0,1.0015049960538,4865.99478544906,0,21538.4993084371,1,1,1,59,2018-10-31T14:53:49.501,20181031_ecoli_ARA_M3_10K,3000,1732,164.25,DIA_100X_EMPTY_1x1_200ms,,,
