CellID,LongAxis,ShortAxis,Area,RegionScore,XPosition,YPosition,Fluor1Sum,Fluor1Mean,Fluor1Background,Fluor1BgStd,Fluor1FociNumber,Fluor2Sum,Fluor2Mean,Fluor2Background,Fluor2BgStd,Fluor2FociNumber,Fluor3Sum,Fluor3Mean,Fluor3Background,Fluor3BgStd,Fluor3FociNumber,MeshArea,MeshSolidity,MeshAxisLength,MeshRibsLengthMax,MeshRibsLengthMean,MeshRibsLengthStd,MeshCurvatureMax,MeshCurvatureMean,MeshCurvatureInflection,MeshSinuosity,MeshVolume,NumOfNeighbors,RegionGrayVal,TimeFrames,AgeFrames,RelativeAge,xyFolder,DateTime,Folder,StageXposition,StageYposition,StageZposition,PhaseConfig,Fluo1Config,Fluo2Config,Fluo3Config
1,19,11.6341161888509,222,-36.9632482834031,90.7252252252252,57.7747747747748,NaN,NaN,NaN,NaN,NaN,NaN,NaN,NaN,NaN,NaN,NaN,NaN,NaN,NaN,NaN,203.0048492277,0.999735557036549,18.3562994183403,13.4901651229407,10.4117033674513,3.86497728354941,0.00722484545552801,0.00383500250332591,1,1.00033970249109,1562.85464295608,0,18434.8738738739,1,1,1,1,2018-10-30T17:46:05.183,20181030_ecoli_ARA_M6_2K,-0,-0,165.425,DIA_100X_EMPTY_1x1_200ms,,,
2,26,11.808191482735,308,43.2370653256674,365.775974025974,356.055194805195,NaN,NaN,NaN,NaN,NaN,NaN,NaN,NaN,NaN,NaN,NaN,NaN,NaN,NaN,NaN,273.114732529954,0.99456677783288,25.1810888066598,12.508888039104,10.5218396601545,3.01095661063923,0.0101132759204267,0.00450660042963349,1,1.00051141443882,2189.51409258661,0,17949.211038961,1,1,1,1,2018-10-30T17:46:05.183,20181030_ecoli_ARA_M6_2K,-0,-0,165.425,DIA_100X_EMPTY_1x1_200ms,,,
3,22,12.1337329578972,267,-11.5930659699821,498.063670411985,399.217228464419,NaN,NaN,NaN,NaN,NaN,NaN,NaN,NaN,NaN,NaN,NaN,NaN,NaN,NaN,NaN,238.642876166825,0.99990807625614,20.9305517745383,13.7936005226591,10.6249376322285,4.0485684383398,0.97700429720426,0.0290770595586235,0,1.00127489101029,1855.76653010579,0,18193.7303370787,1,1,1,1,2018-10-30T17:46:05.183,20181030_ecoli_ARA_M6_2K,-0,-0,165.425,DIA_100X_EMPTY_1x1_200ms,,,
4,61,18.2066573693663,1112,-49.9999523396307,631.506294964029,1937.35071942446,NaN,NaN,NaN,NaN,NaN,NaN,NaN,NaN,NaN,NaN,NaN,NaN,NaN,NaN,NaN,1116.2076819923,0.77854268313402,67.4380767017899,24.0304929391017,16.0542568196793,4.42214152907701,0.098803149583463,0.0370596728807172,3,1.10487104070765,13651.3458524407,0,17928.279676259,1,1,1,1,2018-10-30T17:46:05.183,20181030_ecoli_ARA_M6_2K,-0,-0,165.425,DIA_100X_EMPTY_1x1_200ms,,,
5,30,11.800639187144,354,48.1477481577267,1029.74011299435,1629.60734463277,NaN,NaN,NaN,NaN,NaN,NaN,NaN,NaN,NaN,NaN,NaN,NaN,NaN,NaN,NaN,319.213800911367,0.955078991370646,29.6379442638389,12.5409539260427,10.5151926916179,2.71508577063952,0.0314025971924718,0.0160865281167366,1,1.01553545110999,2573.78597193386,0,18602.7146892655,1,1,1,1,2018-10-30T17:46:05.183,20181030_ecoli_ARA_M6_2K,-0,-0,165.425,DIA_100X_EMPTY_1x1_200ms,,,
6,39,22.8885691141861,893,-49.9999988802067,1172.97424412094,602.502799552072,NaN,NaN,NaN,NaN,NaN,NaN,NaN,NaN,NaN,NaN,NaN,NaN,NaN,NaN,NaN,NaN,NaN,NaN,NaN,NaN,NaN,NaN,NaN,NaN,NaN,NaN,0,20451.1791713326,1,1,1,1,2018-10-30T17:46:05.183,20181030_ecoli_ARA_M6_2K,-0,-0,165.425,DIA_100X_EMPTY_1x1_200ms,,,
7,49,29.3572637374786,1439,-49.9999999995711,1450.66851980542,1042.31341209173,NaN,NaN,NaN,NaN,NaN,NaN,NaN,NaN,NaN,NaN,NaN,NaN,NaN,NaN,NaN,NaN,NaN,NaN,NaN,NaN,NaN,NaN,NaN,NaN,NaN,NaN,0,21452.4635163308,1,1,1,1,2018-10-30T17:46:05.183,20181030_ecoli_ARA_M6_2K,-0,-0,165.425,DIA_100X_EMPTY_1x1_200ms,,,
8,39,19.9493017846663,779,-49.9999629394371,1591.00256739409,1968.81771501926,NaN,NaN,NaN,NaN,NaN,NaN,NaN,NaN,NaN,NaN,NaN,NaN,NaN,NaN,NaN,644.530611463234,0.755537676677697,NaN,NaN,NaN,NaN,NaN,NaN,NaN,NaN,NaN,0,19990.5994865212,1,1,1,1,2018-10-30T17:46:05.183,20181030_ecoli_ARA_M6_2K,-0,-0,165.425,DIA_100X_EMPTY_1x1_200ms,,,
9,30,11.3997141117278,342,46.2071690801813,1640.22807017544,1194.34502923977,NaN,NaN,NaN,NaN,NaN,NaN,NaN,NaN,NaN,NaN,NaN,NaN,NaN,NaN,NaN,304.093429097082,0.923695609529376,28.9211077908188,12.9094348499707,10.0371879151637,3.05527826175642,0.0224533701497745,0.0123894952929252,0,1.00845302673744,2288.38406832076,0,19275.1520467836,1,1,1,1,2018-10-30T17:46:05.183,20181030_ecoli_ARA_M6_2K,-0,-0,165.425,DIA_100X_EMPTY_1x1_200ms,,,
10,40,18.1040397642131,724,-49.3128713277528,1682.41850828729,161.174033149171,NaN,NaN,NaN,NaN,NaN,NaN,NaN,NaN,NaN,NaN,NaN,NaN,NaN,NaN,NaN,NaN,NaN,NaN,NaN,NaN,NaN,NaN,NaN,NaN,NaN,NaN,0,20137.1754143646,1,1,1,1,2018-10-30T17:46:05.183,20181030_ecoli_ARA_M6_2K,-0,-0,165.425,DIA_100X_EMPTY_1x1_200ms,,,
11,36,11.3802429308279,410,49.6256574775153,1891.03902439024,1321.11219512195,NaN,NaN,NaN,NaN,NaN,NaN,NaN,NaN,NaN,NaN,NaN,NaN,NaN,NaN,NaN,360.446870662382,0.983569971892151,35.4408064524581,11.4545355203639,9.85920870322746,2.61612005615506,0.0265280090577781,0.00113119688840059,1,1.00003845718172,2705.68726197773,0,18448.6829268293,1,1,1,1,2018-10-30T17:46:05.183,20181030_ecoli_ARA_M6_2K,-0,-0,165.425,DIA_100X_EMPTY_1x1_200ms,,,
1,32,15.4157024723476,493,-49.9928291520069,173.74645030426,862.959432048681,NaN,NaN,NaN,NaN,NaN,NaN,NaN,NaN,NaN,NaN,NaN,NaN,NaN,NaN,NaN,436.398251186224,0.848371818202176,34.7104860253922,16.1417589139654,11.3030458033839,3.41479704174893,0.183521414305896,0.0656675504333901,3,1.09510146541909,3482.90437778386,0,19307.6855983773,1,1,1,4,2018-10-30T17:46:12.478,20181030_ecoli_ARA_M6_2K,-500,-866,165.425,DIA_100X_EMPTY_1x1_200ms,,,
2,21,12.347357223889,260,-1.77652006225545,200.446153846154,265.223076923077,NaN,NaN,NaN,NaN,NaN,NaN,NaN,NaN,NaN,NaN,NaN,NaN,NaN,NaN,NaN,234.549699367156,0.999780089897339,20.5958279962714,13.7869296828814,10.7625830122483,3.82112410607305,0.0163839865404268,0.00836436566963267,1,1.00201451701537,1873.70909984639,0,17680.1038461538,1,1,1,4,2018-10-30T17:46:12.478,20181030_ecoli_ARA_M6_2K,-500,-866,165.425,DIA_100X_EMPTY_1x1_200ms,,,
3,26,11.5019716123057,299,45.208495105874,289.538461538462,52.9030100334448,NaN,NaN,NaN,NaN,NaN,NaN,NaN,NaN,NaN,NaN,NaN,NaN,NaN,NaN,NaN,266.116480412845,0.995053593846731,24.759118899346,12.3525172904341,10.2303847630535,3.34371326579986,0.0485273219655951,0.00302447663107224,1,1.00019541333743,2035.2089429416,0,17879.4247491639,1,1,1,4,2018-10-30T17:46:12.478,20181030_ecoli_ARA_M6_2K,-500,-866,165.425,DIA_100X_EMPTY_1x1_200ms,,,
4,41,16.5352288177278,679,-47.1320463503274,317.774668630339,1506.31958762887,NaN,NaN,NaN,NaN,NaN,NaN,NaN,NaN,NaN,NaN,NaN,NaN,NaN,NaN,NaN,601.333309017485,0.804416384676853,41.4902776583192,20.4902965205777,14.0396913464236,3.74964441674902,0.10971743959081,0.0270967225842649,2,1.0242810908837,6423.19849261645,0,18668.6715758468,1,1,1,4,2018-10-30T17:46:12.478,20181030_ecoli_ARA_M6_2K,-500,-866,165.425,DIA_100X_EMPTY_1x1_200ms,,,
5,18,11.9202605257182,215,-49.4182235906645,460.33023255814,118.758139534884,NaN,NaN,NaN,NaN,NaN,NaN,NaN,NaN,NaN,NaN,NaN,NaN,NaN,NaN,NaN,203.965709513953,0.999900885099715,18.0109701075098,14.2233371382483,10.7188861321829,4.04753381018749,0.00462855125356704,0.00257278527313997,0,1.00014789888609,1625.2729286152,0,18583.4697674419,1,1,1,4,2018-10-30T17:46:12.478,20181030_ecoli_ARA_M6_2K,-500,-866,165.425,DIA_100X_EMPTY_1x1_200ms,,,
6,20,10.6329925273004,213,-12.6580091951767,471.192488262911,389.084507042254,NaN,NaN,NaN,NaN,NaN,NaN,NaN,NaN,NaN,NaN,NaN,NaN,NaN,NaN,NaN,202.448736115321,0.999770915652456,19.3225857278263,12.9764919785314,10.1158402122637,3.43205452701114,0.00372992876255122,0.00167849142983887,1,1.00006680416247,1552.95562292786,0,19044.117370892,1,1,1,4,2018-10-30T17:46:12.478,20181030_ecoli_ARA_M6_2K,-500,-866,165.425,DIA_100X_EMPTY_1x1_200ms,,,
7,30,16.3160435529958,490,-49.9999932775444,517.618367346939,1203.5387755102,NaN,NaN,NaN,NaN,NaN,NaN,NaN,NaN,NaN,NaN,NaN,NaN,NaN,NaN,NaN,454.260677966122,0.781464134352424,30.1348477701804,17.471098659911,9.79087728925947,3.78755737436255,0.0560783528942609,0.016392010614582,2,1.00808651739834,2268.83074307789,0,19301.8653061225,1,1,1,4,2018-10-30T17:46:12.478,20181030_ecoli_ARA_M6_2K,-500,-866,165.425,DIA_100X_EMPTY_1x1_200ms,,,
8,18,11.6835647888236,211,-45.7448380038757,600.739336492891,1321.98104265403,NaN,NaN,NaN,NaN,NaN,NaN,NaN,NaN,NaN,NaN,NaN,NaN,NaN,NaN,NaN,199.603383101787,0.999823789610445,17.2053125448844,14.4426255267166,11.0845775894152,3.94995005907484,0.00143392643973988,0.000707366324153156,0,1.00000970869989,1660.31596139103,0,18785.9478672986,1,1,1,4,2018-10-30T17:46:12.478,20181030_ecoli_ARA_M6_2K,-500,-866,165.425,DIA_100X_EMPTY_1x1_200ms,,,
9,24,11.6039559159423,279,40.7127277858422,690.10752688172,63.2724014336918,NaN,NaN,NaN,NaN,NaN,NaN,NaN,NaN,NaN,NaN,NaN,NaN,NaN,NaN,NaN,260.117512197284,0.999139513629206,23.6141290282168,13.0869169209779,10.6366144672015,3.33555170487481,0.00993067269947686,0.00429228671806464,1,1.00070797257187,2098.30516478374,0,18309.1362007168,1,1,1,4,2018-10-30T17:46:12.478,20181030_ecoli_ARA_M6_2K,-500,-866,165.425,DIA_100X_EMPTY_1x1_200ms,,,
10,20,10.5812153638935,212,-10.0056776835629,773.981132075472,1119.10377358491,NaN,NaN,NaN,NaN,NaN,NaN,NaN,NaN,NaN,NaN,NaN,NaN,NaN,NaN,NaN,212.790980660762,0.999790134952849,20.4094028082811,12.6211324489205,9.90295687781487,3.51233839490948,0.00987601798864295,0.00498298461047952,1,1.00070590977102,1571.99063486788,0,18768.8962264151,1,1,1,4,2018-10-30T17:46:12.478,20181030_ecoli_ARA_M6_2K,-500,-866,165.425,DIA_100X_EMPTY_1x1_200ms,,,
11,19,11.1492276077315,212,-40.9504205487259,848.504716981132,583.122641509434,NaN,NaN,NaN,NaN,NaN,NaN,NaN,NaN,NaN,NaN,NaN,NaN,NaN,NaN,NaN,202.228493447253,0.999830673536503,18.1859551625102,13.8874820537689,10.6758542883645,3.76054433379499,0.00473950018010931,0.00212397817300387,1,1.00008771054763,1627.91330451055,0,17743.5801886792,1,1,1,4,2018-10-30T17:46:12.478,20181030_ecoli_ARA_M6_2K,-500,-866,165.425,DIA_100X_EMPTY_1x1_200ms,,,
12,18,11.3430108950666,205,-47.8234527837794,889.317073170732,394.346341463415,NaN,NaN,NaN,NaN,NaN,NaN,NaN,NaN,NaN,NaN,NaN,NaN,NaN,NaN,NaN,197.829202092051,0.999820813915392,17.8824331799362,13.7422989652849,10.6637028449067,3.66057254341285,0.00543894381868767,0.00294095411484741,0,1.0001841555984,1597.101660836,0,18792.356097561,1,1,1,4,2018-10-30T17:46:12.478,20181030_ecoli_ARA_M6_2K,-500,-866,165.425,DIA_100X_EMPTY_1x1_200ms,,,
13,19,10.7181857862706,204,-39.0698812720368,1147.38235294118,1749.99019607843,NaN,NaN,NaN,NaN,NaN,NaN,NaN,NaN,NaN,NaN,NaN,NaN,NaN,NaN,NaN,204.574061743127,0.99988897706898,18.9072029266412,13.50160724659,10.4705393352634,3.55692253376524,0.00704553753709218,0.00401432950657523,0,1.00037852378121,1628.00326716163,0,19222.9460784314,1,1,1,4,2018-10-30T17:46:12.478,20181030_ecoli_ARA_M6_2K,-500,-866,165.425,DIA_100X_EMPTY_1x1_200ms,,,
14,25,11.3869184866045,285,44.4341804522514,1212.85263157895,1897.77543859649,NaN,NaN,NaN,NaN,NaN,NaN,NaN,NaN,NaN,NaN,NaN,NaN,NaN,NaN,NaN,264.946415356462,0.994025618016955,24.7458940384798,12.2780453340328,10.3835901166378,3.00750234322622,0.00504425638233683,0.0029670614466404,0,1.00035701416636,2095.50211303862,0,18840.0280701754,1,1,1,4,2018-10-30T17:46:12.478,20181030_ecoli_ARA_M6_2K,-500,-866,165.425,DIA_100X_EMPTY_1x1_200ms,,,
15,18,12.6707500003398,228,-48.7857517307833,1411.0701754386,1840.11842105263,NaN,NaN,NaN,NaN,NaN,NaN,NaN,NaN,NaN,NaN,NaN,NaN,NaN,NaN,NaN,209.261978872949,0.999924057967951,17.1693803337929,15.376154086757,11.6281765353839,4.27263629293023,0.0041754897904557,0.00227370448351279,0,1.00010277159397,1823.3403188882,0,17950.2105263158,1,1,1,4,2018-10-30T17:46:12.478,20181030_ecoli_ARA_M6_2K,-500,-866,165.425,DIA_100X_EMPTY_1x1_200ms,,,
16,28,12.3630723870764,347,46.0102573370061,1588.81556195965,1589.25360230548,NaN,NaN,NaN,NaN,NaN,NaN,NaN,NaN,NaN,NaN,NaN,NaN,NaN,NaN,NaN,312.70755584008,0.991256310949809,28.1478966017847,12.6631617810154,10.7936056165975,3.02123876413173,0.0111963963518076,0.00416485286617171,2,1.00087304689555,2575.54367812533,0,18034.818443804,1,1,1,4,2018-10-30T17:46:12.478,20181030_ecoli_ARA_M6_2K,-500,-866,165.425,DIA_100X_EMPTY_1x1_200ms,,,
17,32,11.5844757773589,371,48.1540400483279,2008.49056603774,1648.21832884097,NaN,NaN,NaN,NaN,NaN,NaN,NaN,NaN,NaN,NaN,NaN,NaN,NaN,NaN,NaN,330.644618381012,0.943763372261077,31.6530419337978,12.129562838343,10.1880805102403,2.57461799855386,0.0204187086350077,0.0108170804791954,0,1.00826727422312,2580.41804940165,0,18994.9110512129,1,1,1,4,2018-10-30T17:46:12.478,20181030_ecoli_ARA_M6_2K,-500,-866,165.425,DIA_100X_EMPTY_1x1_200ms,,,
18,38,9.78882937947344,372,-43.9083906398888,2031.87096774194,816.91935483871,NaN,NaN,NaN,NaN,NaN,NaN,NaN,NaN,NaN,NaN,NaN,NaN,NaN,NaN,NaN,NaN,NaN,NaN,NaN,NaN,NaN,NaN,NaN,NaN,NaN,NaN,0,20180.935483871,1,1,1,4,2018-10-30T17:46:12.478,20181030_ecoli_ARA_M6_2K,-500,-866,165.425,DIA_100X_EMPTY_1x1_200ms,,,
1,34,12.3420042056712,420,-49.656090553139,157.585714285714,2016.63095238095,NaN,NaN,NaN,NaN,NaN,NaN,NaN,NaN,NaN,NaN,NaN,NaN,NaN,NaN,NaN,379.767687836414,0.813689238187768,35.6309264014555,14.7087409548339,10.0171880118189,3.07361313856678,0.12105787246983,0.0379900162382849,3,1.05396767762057,2808.07462898567,0,19217.9714285714,1,1,1,5,2018-10-30T17:46:14.799,20181030_ecoli_ARA_M6_2K,500,-866,165.425,DIA_100X_EMPTY_1x1_200ms,,,
2,48,13.8908483528594,667,-49.9940690752824,166.101949025487,1806.9940029985,NaN,NaN,NaN,NaN,NaN,NaN,NaN,NaN,NaN,NaN,NaN,NaN,NaN,NaN,NaN,600.274211001469,0.699201589632027,NaN,NaN,NaN,NaN,NaN,NaN,NaN,NaN,NaN,1,19525.6101949025,1,1,1,5,2018-10-30T17:46:14.799,20181030_ecoli_ARA_M6_2K,500,-866,165.425,DIA_100X_EMPTY_1x1_200ms,,,
3,16,10.6973924574917,172,-49.8253059598188,175.296511627907,1795.5,NaN,NaN,NaN,NaN,NaN,NaN,NaN,NaN,NaN,NaN,NaN,NaN,NaN,NaN,NaN,175.886685193895,0.999805197668345,16.1285043742939,13.9351830988478,10.3981459493107,3.8730567526704,0.00453114387772531,0.00214275488058287,1,1.00006820469044,1369.60645939047,1,20056.9593023256,1,1,1,5,2018-10-30T17:46:14.799,20181030_ecoli_ARA_M6_2K,500,-866,165.425,DIA_100X_EMPTY_1x1_200ms,,,
4,38,18.7937473316216,714,-49.9999999440974,198.372549019608,212.960784313725,NaN,NaN,NaN,NaN,NaN,NaN,NaN,NaN,NaN,NaN,NaN,NaN,NaN,NaN,NaN,NaN,NaN,NaN,NaN,NaN,NaN,NaN,NaN,NaN,NaN,NaN,0,19069.2324929972,1,1,1,5,2018-10-30T17:46:14.799,20181030_ecoli_ARA_M6_2K,500,-866,165.425,DIA_100X_EMPTY_1x1_200ms,,,
5,20,11.7225500702608,235,-17.4900952606673,389.089361702128,383.025531914894,NaN,NaN,NaN,NaN,NaN,NaN,NaN,NaN,NaN,NaN,NaN,NaN,NaN,NaN,NaN,215.386555019939,0.99978373633971,19.324243034057,13.5902806893159,10.7554846449944,3.56772790091832,0.00197526411344766,0.00103720508778629,0,1.00002723292474,1755.708215584,0,17344.514893617,1,1,1,5,2018-10-30T17:46:14.799,20181030_ecoli_ARA_M6_2K,500,-866,165.425,DIA_100X_EMPTY_1x1_200ms,,,
6,18,11.1858146643651,202,-49.0340343665782,569.366336633663,1766.89603960396,NaN,NaN,NaN,NaN,NaN,NaN,NaN,NaN,NaN,NaN,NaN,NaN,NaN,NaN,NaN,196.305574091821,0.999847133816155,18.491952388433,13.2383151688253,10.0860682504507,3.67298273244232,0.0060796986283302,0.00334736643139689,0,1.00026289064919,1477.4624539869,0,18321.8910891089,1,1,1,5,2018-10-30T17:46:14.799,20181030_ecoli_ARA_M6_2K,500,-866,165.425,DIA_100X_EMPTY_1x1_200ms,,,
7,19,11.8370900854834,226,-49.3748111386254,588.269911504425,776.433628318584,NaN,NaN,NaN,NaN,NaN,NaN,NaN,NaN,NaN,NaN,NaN,NaN,NaN,NaN,NaN,216.552346981244,0.999867363645257,18.8147812629081,14.3714142799362,11.0961716794909,3.82635418939524,0.00350822102509889,0.00164275461536676,1,1.0000646357196,1819.43016193915,0,17538.482300885,1,1,1,5,2018-10-30T17:46:14.799,20181030_ecoli_ARA_M6_2K,500,-866,165.425,DIA_100X_EMPTY_1x1_200ms,,,
8,26,12.1306319880214,316,43.8317235690895,710.73417721519,2033.11075949367,NaN,NaN,NaN,NaN,NaN,NaN,NaN,NaN,NaN,NaN,NaN,NaN,NaN,NaN,NaN,277.611416509738,0.99604284435632,25.6100014883503,12.9479467712066,10.2934138444733,3.41467847332246,0.00881505378250581,0.00414700423027239,1,1.00079502350784,2131.17126944984,0,18310.7658227848,1,1,1,5,2018-10-30T17:46:14.799,20181030_ecoli_ARA_M6_2K,500,-866,165.425,DIA_100X_EMPTY_1x1_200ms,,,
9,32,11.599574548624,372,48.7543510199278,796.438172043011,203.400537634409,NaN,NaN,NaN,NaN,NaN,NaN,NaN,NaN,NaN,NaN,NaN,NaN,NaN,NaN,NaN,330.005873677601,0.973508066769202,31.8176877392265,11.755505711367,10.1525899049815,2.58943374320065,0.0171053380566645,0.0101186868605333,1,1.00683583084298,2575.80027206357,0,18338.6102150538,1,1,1,5,2018-10-30T17:46:14.799,20181030_ecoli_ARA_M6_2K,500,-866,165.425,DIA_100X_EMPTY_1x1_200ms,,,
10,19,11.7716253589822,224,-49.9952640448972,1392.91071428571,894.321428571429,NaN,NaN,NaN,NaN,NaN,NaN,NaN,NaN,NaN,NaN,NaN,NaN,NaN,NaN,NaN,236.072226396319,0.950346623460172,21.3402481673241,15.1137128993299,10.1976902640888,3.4796225263586,0.110613046624749,0.0445421726130144,2,1.07385051333758,1742.98231583103,0,23215.2857142857,1,1,1,5,2018-10-30T17:46:14.799,20181030_ecoli_ARA_M6_2K,500,-866,165.425,DIA_100X_EMPTY_1x1_200ms,,,
11,26,14.3071188173019,372,14.6755348196313,1501.93010752688,1384.62903225806,NaN,NaN,NaN,NaN,NaN,NaN,NaN,NaN,NaN,NaN,NaN,NaN,NaN,NaN,NaN,348.255488385591,0.996319934522629,25.2503551379054,19.104568900699,13.0613068917121,5.45310406248039,0.0227164980506458,0.00852807130237457,1,1.00358311789517,3383.223118503,0,21675.6182795699,1,1,1,5,2018-10-30T17:46:14.799,20181030_ecoli_ARA_M6_2K,500,-866,165.425,DIA_100X_EMPTY_1x1_200ms,,,
12,34,11.1491068852724,379,26.5514129012145,1538.98680738786,1046.0765171504,NaN,NaN,NaN,NaN,NaN,NaN,NaN,NaN,NaN,NaN,NaN,NaN,NaN,NaN,NaN,352.773630150514,0.859445819430637,33.3295973232052,14.1894100348132,10.1276604299699,3.17945721923407,0.0746907609238208,0.0228219463914695,1,1.03107589584204,2684.96241699584,0,19094.0263852243,1,1,1,5,2018-10-30T17:46:14.799,20181030_ecoli_ARA_M6_2K,500,-866,165.425,DIA_100X_EMPTY_1x1_200ms,,,
1,21,10.3634478155614,218,10.2970663964049,113.816513761468,987.243119266055,NaN,NaN,NaN,NaN,NaN,NaN,NaN,NaN,NaN,NaN,NaN,NaN,NaN,NaN,NaN,211.026783050235,0.999831395341358,20.3642032510178,12.6411771858236,10.0337435537571,3.28302888440408,0.0051425565834536,0.00288514013793817,0,1.00022640046255,1610.21288771774,0,18785.0275229358,1,1,1,12,2018-10-30T17:46:31.040,20181030_ecoli_ARA_M6_2K,-1500,-866,165.425,DIA_100X_EMPTY_1x1_200ms,,,
2,27,15.6923560288399,424,-49.5817222850649,214.627358490566,431.393867924528,NaN,NaN,NaN,NaN,NaN,NaN,NaN,NaN,NaN,NaN,NaN,NaN,NaN,NaN,NaN,387.872160314278,0.855550209642975,31.4311374412661,17.6883801705249,11.1370279696689,4.13746541486685,0.204008835934553,0.0578085568420664,2,1.26178580598069,3061.88305829046,0,19283.7570754717,1,1,1,12,2018-10-30T17:46:31.040,20181030_ecoli_ARA_M6_2K,-1500,-866,165.425,DIA_100X_EMPTY_1x1_200ms,,,
3,27,11.8402683256133,320,41.7000173752652,331.68125,1315.221875,NaN,NaN,NaN,NaN,NaN,NaN,NaN,NaN,NaN,NaN,NaN,NaN,NaN,NaN,NaN,290.237427629144,0.990157643275056,26.8524294760968,12.2547669712442,10.453805118459,2.88114370927818,0.0201741032772792,0.00846653051812099,1,1.00181520101624,2304.74173010165,0,18450.725,1,1,1,12,2018-10-30T17:46:31.040,20181030_ecoli_ARA_M6_2K,-1500,-866,165.425,DIA_100X_EMPTY_1x1_200ms,,,
4,50,11.8049293119733,592,-31.623005175488,357.949324324324,664.949324324324,NaN,NaN,NaN,NaN,NaN,NaN,NaN,NaN,NaN,NaN,NaN,NaN,NaN,NaN,NaN,535.265288289982,0.808202747933652,51.4206905137985,12.7236635211918,10.1611496367182,2.57567484680536,0.0523311079101723,0.0170376266554605,2,1.01516112498105,4169.78324285443,0,18346.1621621622,1,1,1,12,2018-10-30T17:46:31.040,20181030_ecoli_ARA_M6_2K,-1500,-866,165.425,DIA_100X_EMPTY_1x1_200ms,,,
5,22,11.2935694583013,249,26.5901583083368,446.983935742972,1022.46586345382,NaN,NaN,NaN,NaN,NaN,NaN,NaN,NaN,NaN,NaN,NaN,NaN,NaN,NaN,NaN,234.608695910033,0.998802227684416,21.6766037781562,12.5994435826562,10.4309840682684,3.26300803342234,0.0036927705496466,0.00165083855750581,1,1.00007679125202,1852.38683100206,0,18796.686746988,1,1,1,12,2018-10-30T17:46:31.040,20181030_ecoli_ARA_M6_2K,-1500,-866,165.425,DIA_100X_EMPTY_1x1_200ms,,,
6,21,10.4676408350639,222,-0.325319369126609,499.824324324324,1427.82432432432,NaN,NaN,NaN,NaN,NaN,NaN,NaN,NaN,NaN,NaN,NaN,NaN,NaN,NaN,NaN,223.462422566323,0.99988023977892,21.5899808298416,12.4088082323681,9.92170314460654,3.3063730062158,0.00115122322157505,0.000585029026118203,1,1.0000035185235,1669.22390590098,0,18957.9324324324,1,1,1,12,2018-10-30T17:46:31.040,20181030_ecoli_ARA_M6_2K,-1500,-866,165.425,DIA_100X_EMPTY_1x1_200ms,,,
7,35,20.2309542926655,708,-49.9999214726704,800.032485875706,80.5918079096045,NaN,NaN,NaN,NaN,NaN,NaN,NaN,NaN,NaN,NaN,NaN,NaN,NaN,NaN,NaN,582.015002040933,0.745813483751379,NaN,NaN,NaN,NaN,NaN,NaN,NaN,NaN,NaN,0,19410.6638418079,1,1,1,12,2018-10-30T17:46:31.040,20181030_ecoli_ARA_M6_2K,-1500,-866,165.425,DIA_100X_EMPTY_1x1_200ms,,,
8,37,14.5905973807267,540,-49.9838054769701,802.025925925926,446.105555555556,NaN,NaN,NaN,NaN,NaN,NaN,NaN,NaN,NaN,NaN,NaN,NaN,NaN,NaN,NaN,476.767780218467,0.791624930114789,42.411527546643,15.7840898967695,10.6301608239281,2.91680924131715,0.162805847775343,0.0508319295535233,2,1.3901808076807,3764.03338076627,0,18701.4037037037,1,1,1,12,2018-10-30T17:46:31.040,20181030_ecoli_ARA_M6_2K,-1500,-866,165.425,DIA_100X_EMPTY_1x1_200ms,,,
9,20,10.7100323188816,215,3.60939411083068,1130.57209302326,365.353488372093,NaN,NaN,NaN,NaN,NaN,NaN,NaN,NaN,NaN,NaN,NaN,NaN,NaN,NaN,NaN,201.20011725952,0.999774055503104,19.5379645427131,12.4636211416322,9.59193787549043,3.62008751278705,0.0227612139914432,0.00413103698323746,0,1.00034879415661,1411.82839754021,0,19253.9441860465,1,1,1,12,2018-10-30T17:46:31.040,20181030_ecoli_ARA_M6_2K,-1500,-866,165.425,DIA_100X_EMPTY_1x1_200ms,,,
10,36,11.2872225768734,407,-0.724006097722157,1180.35626535627,246.60687960688,NaN,NaN,NaN,NaN,NaN,NaN,NaN,NaN,NaN,NaN,NaN,NaN,NaN,NaN,NaN,374.872164153061,0.843737221679109,36.726206291041,13.0522640398271,9.82204176349596,3.10616810270927,0.0330368559783964,0.0163566653038212,2,1.0260811124426,2782.71996247686,0,19490.8476658477,1,1,1,12,2018-10-30T17:46:31.040,20181030_ecoli_ARA_M6_2K,-1500,-866,165.425,DIA_100X_EMPTY_1x1_200ms,,,
11,31,14.407248495522,447,-49.2838630276913,1234.69127516779,900.61744966443,NaN,NaN,NaN,NaN,NaN,NaN,NaN,NaN,NaN,NaN,NaN,NaN,NaN,NaN,NaN,390.98547975443,0.833216344860219,34.0441480686825,14.613600933287,10.5491516042314,3.00761230758621,0.153430985363098,0.0546471169496467,2,1.10883232442575,2975.55114523332,0,19291.7337807606,1,1,1,12,2018-10-30T17:46:31.040,20181030_ecoli_ARA_M6_2K,-1500,-866,165.425,DIA_100X_EMPTY_1x1_200ms,,,
12,19,11.413370612848,217,-45.8476939978972,1300.35483870968,229.331797235023,NaN,NaN,NaN,NaN,NaN,NaN,NaN,NaN,NaN,NaN,NaN,NaN,NaN,NaN,NaN,198.179118564736,0.999866555323904,18.1022980581292,13.6357117061087,10.4302864798146,3.7636118667388,0.0046738999257727,0.00235478218576178,1,1.00012607606352,1546.73554746516,0,19220.6082949309,1,1,1,12,2018-10-30T17:46:31.040,20181030_ecoli_ARA_M6_2K,-1500,-866,165.425,DIA_100X_EMPTY_1x1_200ms,,,
13,30,12.9430885555831,389,-49.8587933962927,1445.45758354756,1367.67095115681,NaN,NaN,NaN,NaN,NaN,NaN,NaN,NaN,NaN,NaN,NaN,NaN,NaN,NaN,NaN,352.233172577086,0.850037197974852,32.002935482612,13.60068948389,10.385529478934,2.79094982179171,0.134137376441751,0.0410264944069659,2,1.14171766418363,2711.04660155696,0,19399.3573264781,1,1,1,12,2018-10-30T17:46:31.040,20181030_ecoli_ARA_M6_2K,-1500,-866,165.425,DIA_100X_EMPTY_1x1_200ms,,,
14,22,12.1668699366699,269,10.8898321477843,1610.5092936803,886.799256505576,NaN,NaN,NaN,NaN,NaN,NaN,NaN,NaN,NaN,NaN,NaN,NaN,NaN,NaN,NaN,243.145048785986,0.998696136855,22.4491331961504,12.6828807457302,10.4026469653669,3.30261280333574,0.0165052941292542,0.00806409365695486,1,1.00227155735016,1907.99476269279,0,18674.1858736059,1,1,1,12,2018-10-30T17:46:31.040,20181030_ecoli_ARA_M6_2K,-1500,-866,165.425,DIA_100X_EMPTY_1x1_200ms,,,
15,19,12.7775245427231,243,-46.0077089924738,1620.62962962963,1429.18518518519,NaN,NaN,NaN,NaN,NaN,NaN,NaN,NaN,NaN,NaN,NaN,NaN,NaN,NaN,NaN,218.014214039737,0.999786303050345,18.362030541755,14.6516613873641,11.3648699026836,3.88748796763582,0.0272737332507837,0.0154884699725584,0,1.00538447411203,1862.68545762514,0,17910.4526748971,1,1,1,12,2018-10-30T17:46:31.040,20181030_ecoli_ARA_M6_2K,-1500,-866,165.425,DIA_100X_EMPTY_1x1_200ms,,,
16,27,10.6184653775256,287,47.3822780607182,1762.04529616725,183.878048780488,NaN,NaN,NaN,NaN,NaN,NaN,NaN,NaN,NaN,NaN,NaN,NaN,NaN,NaN,NaN,254.442993059228,0.995515084228825,25.7335294073813,11.4734165479941,9.60803035545459,2.76572412370114,0.0119156056873201,0.00674980423392707,0,1.00203101695763,1865.76941293532,0,19858.9477351916,1,1,1,12,2018-10-30T17:46:31.040,20181030_ecoli_ARA_M6_2K,-1500,-866,165.425,DIA_100X_EMPTY_1x1_200ms,,,
17,28,15.8253478205884,444,-26.0841195782993,2012.44369369369,1541.68018018018,NaN,NaN,NaN,NaN,NaN,NaN,NaN,NaN,NaN,NaN,NaN,NaN,NaN,NaN,NaN,379.367921989506,0.878600048345545,29.0048388755785,16.7212607088052,12.248218098213,3.58388658604383,0.136026703486989,0.0416229089566781,2,1.11249762790054,3417.48140904509,0,19216.0653153153,1,1,1,12,2018-10-30T17:46:31.040,20181030_ecoli_ARA_M6_2K,-1500,-866,165.425,DIA_100X_EMPTY_1x1_200ms,,,
18,23,9.26596787094201,214,-13.3391371438475,2039.36448598131,393.172897196262,NaN,NaN,NaN,NaN,NaN,NaN,NaN,NaN,NaN,NaN,NaN,NaN,NaN,NaN,NaN,NaN,NaN,NaN,NaN,NaN,NaN,NaN,NaN,NaN,NaN,NaN,0,20161.8504672897,1,1,1,12,2018-10-30T17:46:31.040,20181030_ecoli_ARA_M6_2K,-1500,-866,165.425,DIA_100X_EMPTY_1x1_200ms,,,
1,33,14.2720734147862,471,-48.8201211458143,220.309978768578,437.808917197452,NaN,NaN,NaN,NaN,NaN,NaN,NaN,NaN,NaN,NaN,NaN,NaN,NaN,NaN,NaN,417.664773842356,0.835219458578667,35.3306029196424,16.3837540021784,11.0854781726428,3.49072595437366,0.14913086264073,0.03992084796994,2,1.1479419123651,3409.96398767731,0,18065.4692144374,1,1,1,13,2018-10-30T17:46:33.362,20181030_ecoli_ARA_M6_2K,-1000,-1732,165.425,DIA_100X_EMPTY_1x1_200ms,,,
2,18,11.6491400226558,210,-48.3388362905836,293.628571428571,248.380952380952,NaN,NaN,NaN,NaN,NaN,NaN,NaN,NaN,NaN,NaN,NaN,NaN,NaN,NaN,NaN,197.949757809054,0.999855471439734,16.9617311992312,15.0886346153478,11.2670936988259,4.12548462312724,0.00303206439302165,0.00152984474767226,1,1.00004512701659,1691.15677504445,0,18356.6142857143,1,1,1,13,2018-10-30T17:46:33.362,20181030_ecoli_ARA_M6_2K,-1000,-1732,165.425,DIA_100X_EMPTY_1x1_200ms,,,
3,33,11.2366201352919,371,49.3497130703018,401.11320754717,1552.99730458221,NaN,NaN,NaN,NaN,NaN,NaN,NaN,NaN,NaN,NaN,NaN,NaN,NaN,NaN,NaN,338.806070103305,0.968155650985865,32.585214357841,11.957012266099,10.1177367458375,2.57063665072182,0.0139424802784999,0.00648622818806353,0,1.00326879094863,2619.85475233216,0,18767.8059299191,1,1,1,13,2018-10-30T17:46:33.362,20181030_ecoli_ARA_M6_2K,-1000,-1732,165.425,DIA_100X_EMPTY_1x1_200ms,,,
4,28,11.362014323015,319,44.6133469847217,416.633228840125,359.416927899687,NaN,NaN,NaN,NaN,NaN,NaN,NaN,NaN,NaN,NaN,NaN,NaN,NaN,NaN,NaN,297.466809671284,0.960227018309443,28.0888095420687,12.1395327237772,10.2984771007148,2.67861086026994,0.0258767110319326,0.013128365971262,0,1.00953361710372,2339.74878283069,1,18688.6739811912,1,1,1,13,2018-10-30T17:46:33.362,20181030_ecoli_ARA_M6_2K,-1000,-1732,165.425,DIA_100X_EMPTY_1x1_200ms,,,
5,20,10.6503284923352,213,-37.7712411443261,418.868544600939,1144.65258215962,NaN,NaN,NaN,NaN,NaN,NaN,NaN,NaN,NaN,NaN,NaN,NaN,NaN,NaN,NaN,205.33754994356,0.999937340068286,18.8134625808704,13.622743022256,10.5158583166323,3.63257974468693,0.00375222959626126,0.00204763674733851,0,1.00009942145669,1633.98500796466,0,18945.6948356808,1,1,1,13,2018-10-30T17:46:33.362,20181030_ecoli_ARA_M6_2K,-1000,-1732,165.425,DIA_100X_EMPTY_1x1_200ms,,,
6,28,10.190919289843,286,47.8094945529593,437.178321678322,381.003496503496,NaN,NaN,NaN,NaN,NaN,NaN,NaN,NaN,NaN,NaN,NaN,NaN,NaN,NaN,NaN,273.909190756793,0.983026788762619,27.2089437667268,11.8072730201554,9.79456782712741,2.65123995705821,0.0126611682991531,0.00568339383373848,1,1.00146828052103,2050.08619218201,2,19675.2062937063,1,1,1,13,2018-10-30T17:46:33.362,20181030_ecoli_ARA_M6_2K,-1000,-1732,165.425,DIA_100X_EMPTY_1x1_200ms,,,
7,22,9.95427811026725,219,33.2600675672786,439.963470319635,362.200913242009,NaN,NaN,NaN,NaN,NaN,NaN,NaN,NaN,NaN,NaN,NaN,NaN,NaN,NaN,NaN,227.107715172235,0.999738362792885,22.9437224086646,11.7710345055868,9.47589775080058,3.04685656550973,0.0107195391916552,0.00511213701665494,1,1.00094880042879,1618.05951860797,1,20115.1826484018,1,1,1,13,2018-10-30T17:46:33.362,20181030_ecoli_ARA_M6_2K,-1000,-1732,165.425,DIA_100X_EMPTY_1x1_200ms,,,
8,27,11.1601420298374,304,38.9706231754897,455.115131578947,307.963815789474,NaN,NaN,NaN,NaN,NaN,NaN,NaN,NaN,NaN,NaN,NaN,NaN,NaN,NaN,NaN,291.367909547709,0.981751699515387,27.977290972353,12.0438618414172,10.0470835303137,2.87492604568123,0.00714842978064785,0.00324960049959586,1,1.00029908305725,2218.07162930918,1,19202.4605263158,1,1,1,13,2018-10-30T17:46:33.362,20181030_ecoli_ARA_M6_2K,-1000,-1732,165.425,DIA_100X_EMPTY_1x1_200ms,,,
9,32,13.1122850229169,420,-46.5528561135877,469.792857142857,317.528571428571,NaN,NaN,NaN,NaN,NaN,NaN,NaN,NaN,NaN,NaN,NaN,NaN,NaN,NaN,NaN,378.772905673359,0.823194782348416,33.9256063173152,14.6042440758611,10.5411937174926,3.29412470213224,0.114446878567797,0.0473816492918234,2,1.1919586933046,2960.7183030735,1,19758.3071428571,1,1,1,13,2018-10-30T17:46:33.362,20181030_ecoli_ARA_M6_2K,-1000,-1732,165.425,DIA_100X_EMPTY_1x1_200ms,,,
10,18,11.5262683557047,208,-49.5848057481558,549.153846153846,450.211538461538,NaN,NaN,NaN,NaN,NaN,NaN,NaN,NaN,NaN,NaN,NaN,NaN,NaN,NaN,NaN,198.012539472126,0.999870733318179,18.1214375427296,13.651785921984,10.1603411183097,4.0483848694722,0.0127088591184674,0.00127151346032015,1,1.00002153662697,1469.26152445944,0,18908.2355769231,1,1,1,13,2018-10-30T17:46:33.362,20181030_ecoli_ARA_M6_2K,-1000,-1732,165.425,DIA_100X_EMPTY_1x1_200ms,,,
11,23,11.5269385434563,266,36.8221401248957,653.462406015038,167.184210526316,NaN,NaN,NaN,NaN,NaN,NaN,NaN,NaN,NaN,NaN,NaN,NaN,NaN,NaN,NaN,250.15749778395,0.999807063060469,23.2440015763823,12.7158936622267,10.4164418735079,3.19013156602883,0.00150433155535288,0.000824516880913347,0,1.00002523135787,1980.79516397656,0,18724.9360902256,1,1,1,13,2018-10-30T17:46:33.362,20181030_ecoli_ARA_M6_2K,-1000,-1732,165.425,DIA_100X_EMPTY_1x1_200ms,,,
12,27,10.8629316102109,294,45.4978357005821,669.925170068027,189.105442176871,NaN,NaN,NaN,NaN,NaN,NaN,NaN,NaN,NaN,NaN,NaN,NaN,NaN,NaN,NaN,277.531301038757,0.991121463064077,27.2986394436179,11.7394021993292,9.90788346451613,2.71189320995132,0.00551448240786975,0.00247500908015192,1,1.00033408230569,2104.71193348512,0,19228.693877551,1,1,1,13,2018-10-30T17:46:33.362,20181030_ecoli_ARA_M6_2K,-1000,-1732,165.425,DIA_100X_EMPTY_1x1_200ms,,,
13,20,11.1350413856668,223,-10.5930674974636,703.004484304933,182.345291479821,NaN,NaN,NaN,NaN,NaN,NaN,NaN,NaN,NaN,NaN,NaN,NaN,NaN,NaN,NaN,201.963926891183,0.999789969879465,18.7849346637947,13.0736308751678,10.3505976465765,3.43885087559901,0.00303451721356726,0.00143632721100183,1,1.00002400875335,1580.63074016032,0,19312.3811659193,1,1,1,13,2018-10-30T17:46:33.362,20181030_ecoli_ARA_M6_2K,-1000,-1732,165.425,DIA_100X_EMPTY_1x1_200ms,,,
14,37,16.56742023294,613,-47.7423845866134,733.931484502447,1338.35399673736,NaN,NaN,NaN,NaN,NaN,NaN,NaN,NaN,NaN,NaN,NaN,NaN,NaN,NaN,NaN,534.068254700312,0.837526217320259,43.6362994173468,16.1523073752281,11.2256417027994,4.03862411208718,0.415892054272953,0.0843776786563723,5,1.22793052963863,4318.77070929104,0,19265.2577487765,1,1,1,13,2018-10-30T17:46:33.362,20181030_ecoli_ARA_M6_2K,-1000,-1732,165.425,DIA_100X_EMPTY_1x1_200ms,,,
15,20,11.2708801437901,226,-15.8940927692571,1203.55752212389,1723.04424778761,NaN,NaN,NaN,NaN,NaN,NaN,NaN,NaN,NaN,NaN,NaN,NaN,NaN,NaN,NaN,213.693092617596,0.99987066696489,19.7609060607178,13.3424340788997,10.2580749158185,3.65182666737697,0.00791735308110995,0.00354284545354545,1,1.0003087533152,1633.15899744324,0,19047.982300885,1,1,1,13,2018-10-30T17:46:33.362,20181030_ecoli_ARA_M6_2K,-1000,-1732,165.425,DIA_100X_EMPTY_1x1_200ms,,,
16,32,18.5230755446186,593,-49.9999999998433,1243.74704890388,1593.0370994941,NaN,NaN,NaN,NaN,NaN,NaN,NaN,NaN,NaN,NaN,NaN,NaN,NaN,NaN,NaN,522.267832856588,0.828454127750317,NaN,NaN,NaN,NaN,NaN,NaN,NaN,NaN,NaN,0,18516.3035413153,1,1,1,13,2018-10-30T17:46:33.362,20181030_ecoli_ARA_M6_2K,-1000,-1732,165.425,DIA_100X_EMPTY_1x1_200ms,,,
17,29,9.62545204306806,280,47.879838555943,1547.55357142857,982.332142857143,NaN,NaN,NaN,NaN,NaN,NaN,NaN,NaN,NaN,NaN,NaN,NaN,NaN,NaN,NaN,279.305638957111,0.982141455428337,29.058556236166,10.9283777332765,9.19164146915331,2.72598638112758,0.0197554736361938,0.0109971657889494,0,1.00645860893325,1928.19106375268,2,19782.9678571429,1,1,1,13,2018-10-30T17:46:33.362,20181030_ecoli_ARA_M6_2K,-1000,-1732,165.425,DIA_100X_EMPTY_1x1_200ms,,,
18,20,10.5234703357547,211,-9.40055379102086,1559.22748815166,989.42654028436,NaN,NaN,NaN,NaN,NaN,NaN,NaN,NaN,NaN,NaN,NaN,NaN,NaN,NaN,NaN,207.108461566649,0.999818462414415,19.1367636672837,13.2134401427314,10.1060824045271,3.86392779268542,0.0251274775096675,0.00203085314932872,1,1.00005115028712,1535.05536960833,2,19103.981042654,1,1,1,13,2018-10-30T17:46:33.362,20181030_ecoli_ARA_M6_2K,-1000,-1732,165.425,DIA_100X_EMPTY_1x1_200ms,,,
19,28,15.5767622138496,437,-49.9999934859452,1575.13272311213,974.794050343249,NaN,NaN,NaN,NaN,NaN,NaN,NaN,NaN,NaN,NaN,NaN,NaN,NaN,NaN,NaN,401.331706361077,0.808439960777274,21.8040584024905,16.7279873627383,9.60357101086241,3.30761003932699,0.0138382884905585,0.00667846100172504,2,1.00036155023848,1579.40213944912,2,20114.5652173913,1,1,1,13,2018-10-30T17:46:33.362,20181030_ecoli_ARA_M6_2K,-1000,-1732,165.425,DIA_100X_EMPTY_1x1_200ms,,,
1,49,17.0246526027364,834,49.7681079093009,233.07793764988,1536.7242206235,NaN,NaN,NaN,NaN,NaN,NaN,NaN,NaN,NaN,NaN,NaN,NaN,NaN,NaN,NaN,544.727219033002,0.914428361005049,44.6049613758992,14.5025591297616,11.9915729814852,2.690773228558,0.0230357994181526,0.00703623509377838,1,1.00790939561173,5037.6194709065,0,24531.2697841727,1,1,1,15,2018-10-30T17:46:38.006,20181030_ecoli_ARA_M6_2K,1000,-1732,165.425,DIA_100X_EMPTY_1x1_200ms,,,
2,31,18.3473975438157,570,38.9266853160237,681.077192982456,602.115789473684,NaN,NaN,NaN,NaN,NaN,NaN,NaN,NaN,NaN,NaN,NaN,NaN,NaN,NaN,NaN,354.442771768296,0.996766220352547,26.2881490938032,15.9817601063265,12.9086251301514,3.97521331697417,0.0425516429866942,0.0181898229294453,1,1.01601181110044,3440.40736333871,0,24234.7807017544,1,1,1,15,2018-10-30T17:46:38.006,20181030_ecoli_ARA_M6_2K,1000,-1732,165.425,DIA_100X_EMPTY_1x1_200ms,,,
3,31,15.6641975872938,488,-47.2985373844748,710.811475409836,1310.07991803279,NaN,NaN,NaN,NaN,NaN,NaN,NaN,NaN,NaN,NaN,NaN,NaN,NaN,NaN,NaN,287.210577338669,0.999885405785329,22.0559498884683,16.4623406433019,12.5215827689834,4.51905932138136,0.0078202523875859,0.00407585193477271,1,1.00055428199192,2716.02713736306,0,25387.3790983607,1,1,1,15,2018-10-30T17:46:38.006,20181030_ecoli_ARA_M6_2K,1000,-1732,165.425,DIA_100X_EMPTY_1x1_200ms,,,
4,57,18.5301714439699,1056,-49.9999634154277,865.784090909091,352.494318181818,NaN,NaN,NaN,NaN,NaN,NaN,NaN,NaN,NaN,NaN,NaN,NaN,NaN,NaN,NaN,633.470961503629,0.794613836322499,51.4094701106771,15.91536909189,11.6395483938984,3.346843520342,0.166623640322238,0.0423994360254288,3,1.12081105548506,5470.22600183996,0,25431.7320075758,1,1,1,15,2018-10-30T17:46:38.006,20181030_ecoli_ARA_M6_2K,1000,-1732,165.425,DIA_100X_EMPTY_1x1_200ms,,,
5,39,22.7238619282137,887,-49.9999387157268,986.487034949267,1644.5670800451,NaN,NaN,NaN,NaN,NaN,NaN,NaN,NaN,NaN,NaN,NaN,NaN,NaN,NaN,NaN,597.718151705753,0.858122352864325,39.9272797845716,24.9249978922484,15.6020875750839,4.6212915964543,0.233441010219823,0.0550205751335059,2,1.29599432027075,7633.52314953714,0,23777.174746336,1,1,1,15,2018-10-30T17:46:38.006,20181030_ecoli_ARA_M6_2K,1000,-1732,165.425,DIA_100X_EMPTY_1x1_200ms,,,
6,29,17.5928871983477,511,37.0568236129992,1084.87084148728,1734.94520547945,NaN,NaN,NaN,NaN,NaN,NaN,NaN,NaN,NaN,NaN,NaN,NaN,NaN,NaN,NaN,314.051449048245,0.999755924506452,23.7592968557039,15.8721104932098,12.4720255902677,4.36785550678859,0.0255657470511079,0.0115033022004356,1,1.00545269930972,2902.66857843986,1,24757.9119373777,1,1,1,15,2018-10-30T17:46:38.006,20181030_ecoli_ARA_M6_2K,1000,-1732,165.425,DIA_100X_EMPTY_1x1_200ms,,,
7,14,5.06513783123419,72,-49.9993946453931,1082.06944444444,1752.04166666667,NaN,NaN,NaN,NaN,NaN,NaN,NaN,NaN,NaN,NaN,NaN,NaN,NaN,NaN,NaN,143.971360255389,0.999790663676875,NaN,NaN,NaN,NaN,NaN,NaN,NaN,NaN,NaN,1,31487.6666666667,1,1,1,15,2018-10-30T17:46:38.006,20181030_ecoli_ARA_M6_2K,1000,-1732,165.425,DIA_100X_EMPTY_1x1_200ms,,,
8,23,9.62973082172153,222,-49.9999917567404,1130.63063063063,1626.2972972973,NaN,NaN,NaN,NaN,NaN,NaN,NaN,NaN,NaN,NaN,NaN,NaN,NaN,NaN,NaN,255.13038142294,0.903056754853405,26.6982787057371,11.9043285633933,9.02707170006368,2.86227558910996,0.0957420721721463,0.0422545093404224,1,1.09932477359953,1708.70436045892,0,29313.7387387387,1,1,1,15,2018-10-30T17:46:38.006,20181030_ecoli_ARA_M6_2K,1000,-1732,165.425,DIA_100X_EMPTY_1x1_200ms,,,
9,65,25.770021048307,1675,-49.9999990275599,1345.04776119403,964.945074626866,NaN,NaN,NaN,NaN,NaN,NaN,NaN,NaN,NaN,NaN,NaN,NaN,NaN,NaN,NaN,1152.17763013187,0.668867355829506,82.1378632370733,26.9042691613354,14.6569492417332,5.28686169853621,0.226597668660475,0.0570113456460845,4,2.34370129351651,13858.6347801294,0,24493.4991044776,1,1,1,15,2018-10-30T17:46:38.006,20181030_ecoli_ARA_M6_2K,1000,-1732,165.425,DIA_100X_EMPTY_1x1_200ms,,,
10,38,15.8040881103879,601,46.2680656290117,1552.43926788686,1362.60732113145,NaN,NaN,NaN,NaN,NaN,NaN,NaN,NaN,NaN,NaN,NaN,NaN,NaN,NaN,NaN,392.850697056665,0.984667038458885,34.0364265237505,15.7224470459919,11.1271099029137,3.92959698025842,0.0271651993322048,0.0145618440370713,1,1.01724471931871,3309.7759349632,0,23527.9633943428,1,1,1,15,2018-10-30T17:46:38.006,20181030_ecoli_ARA_M6_2K,1000,-1732,165.425,DIA_100X_EMPTY_1x1_200ms,,,
11,26,16.1899074383434,422,11.5643820135426,1577.95497630332,1415.64928909953,NaN,NaN,NaN,NaN,NaN,NaN,NaN,NaN,NaN,NaN,NaN,NaN,NaN,NaN,NaN,293.232929516355,0.999876450416768,22.6294725949638,16.3451117255927,12.3400401212682,4.47141390782029,0.0181121194345198,0.00782206355225225,1,1.00225988299046,2706.43410260865,1,25359.3862559242,1,1,1,15,2018-10-30T17:46:38.006,20181030_ecoli_ARA_M6_2K,1000,-1732,165.425,DIA_100X_EMPTY_1x1_200ms,,,
12,40,14.383452102221,576,28.3740302401867,1599.81597222222,1386.48611111111,NaN,NaN,NaN,NaN,NaN,NaN,NaN,NaN,NaN,NaN,NaN,NaN,NaN,NaN,NaN,461.185591866275,0.878392048790484,36.8687858282892,15.5256095781931,12.0037744616171,3.57130824051976,0.0452628737109831,0.0206738028460742,2,1.01599273630439,4172.38495466265,2,24570.25,1,1,1,15,2018-10-30T17:46:38.006,20181030_ecoli_ARA_M6_2K,1000,-1732,165.425,DIA_100X_EMPTY_1x1_200ms,,,
13,27,11.4243691412685,309,45.7882815985775,1595.37216828479,1402.10355987055,NaN,NaN,NaN,NaN,NaN,NaN,NaN,NaN,NaN,NaN,NaN,NaN,NaN,NaN,NaN,293.013798884376,0.99400567409139,26.2781839511141,12.9562030302691,10.8478466152984,3.17370222466839,0.00381671814738997,0.00208281775370966,1,1.00005688712165,2428.6912121701,3,24494.6472491909,1,1,1,15,2018-10-30T17:46:38.006,20181030_ecoli_ARA_M6_2K,1000,-1732,165.425,DIA_100X_EMPTY_1x1_200ms,,,
14,38,17.9048702863432,681,46.9225512975503,1613.68869309838,89.6240822320117,NaN,NaN,NaN,NaN,NaN,NaN,NaN,NaN,NaN,NaN,NaN,NaN,NaN,NaN,NaN,399.850507879697,0.965575589339137,32.5992385147042,15.0884752883837,11.8701779100992,3.54303275084113,0.0371452990107234,0.0177042793064069,1,1.02512914660547,3607.54530032216,0,23121.3641703377,1,1,1,15,2018-10-30T17:46:38.006,20181030_ecoli_ARA_M6_2K,1000,-1732,165.425,DIA_100X_EMPTY_1x1_200ms,,,
15,40,17.4141379393487,697,21.7033034367872,1612.06886657102,1415.21951219512,NaN,NaN,NaN,NaN,NaN,NaN,NaN,NaN,NaN,NaN,NaN,NaN,NaN,NaN,NaN,547.513875096967,0.879968256472636,37.2289826880068,19.0892997898259,13.8026653438652,4.10275649849028,0.142420047815387,0.0475080505723025,2,1.08664544217188,5570.53576511177,3,23815.8407460545,1,1,1,15,2018-10-30T17:46:38.006,20181030_ecoli_ARA_M6_2K,1000,-1732,165.425,DIA_100X_EMPTY_1x1_200ms,,,
16,27,16.7596711120542,453,-37.7093645331756,1637.74613686534,1418.77924944812,NaN,NaN,NaN,NaN,NaN,NaN,NaN,NaN,NaN,NaN,NaN,NaN,NaN,NaN,NaN,337.416596275974,0.999852494752754,25.1845064027541,16.4444243049863,12.795141739151,4.31072857320738,0.0158380666172392,0.00669824031020513,1,1.0016800150516,3238.27350966376,1,25438.4812362031,1,1,1,15,2018-10-30T17:46:38.006,20181030_ecoli_ARA_M6_2K,1000,-1732,165.425,DIA_100X_EMPTY_1x1_200ms,,,
17,42,18.7991850845996,791,2.33078050705919,1653.0417193426,210.011378002528,NaN,NaN,NaN,NaN,NaN,NaN,NaN,NaN,NaN,NaN,NaN,NaN,NaN,NaN,NaN,414.747872685173,0.984637737138744,32.0452778861327,15.2060606811265,12.6421620946529,3.34351115573302,0.0201241996278945,0.0123255057911558,0,1.00867057383973,4022.50536720494,0,26039.4083438685,1,1,1,15,2018-10-30T17:46:38.006,20181030_ecoli_ARA_M6_2K,1000,-1732,165.425,DIA_100X_EMPTY_1x1_200ms,,,
1,23,11.4208685428846,263,7.35789695942906,263.262357414449,1528.56273764259,NaN,NaN,NaN,NaN,NaN,NaN,NaN,NaN,NaN,NaN,NaN,NaN,NaN,NaN,NaN,249.46569411903,0.999673159044262,22.6175775109567,13.3881014446348,10.4573944777537,3.63458836026875,0.0148621295396313,0.00638883197721455,1,1.00138372633406,1942.59805956371,0,19089.5817490494,1,1,1,16,2018-10-30T17:46:40.324,20181030_ecoli_ARA_M6_2K,1500,-866,165.425,DIA_100X_EMPTY_1x1_200ms,,,
2,20,11.2588522332324,225,-29.1103599799041,670.844444444444,748.426666666667,NaN,NaN,NaN,NaN,NaN,NaN,NaN,NaN,NaN,NaN,NaN,NaN,NaN,NaN,NaN,213.802326965368,0.999778227250528,18.899170516371,13.7820927784598,10.7217969147498,3.83260482688633,0.00703116625369721,0.00323680903671039,1,1.00026507857713,1706.34867077955,0,18912.6088888889,1,1,1,16,2018-10-30T17:46:40.324,20181030_ecoli_ARA_M6_2K,1500,-866,165.425,DIA_100X_EMPTY_1x1_200ms,,,
3,53,29.708510043493,1575,-49.9999999999987,777.764444444444,865.520634920635,NaN,NaN,NaN,NaN,NaN,NaN,NaN,NaN,NaN,NaN,NaN,NaN,NaN,NaN,NaN,NaN,NaN,NaN,NaN,NaN,NaN,NaN,NaN,NaN,NaN,NaN,0,21922.56,1,1,1,16,2018-10-30T17:46:40.324,20181030_ecoli_ARA_M6_2K,1500,-866,165.425,DIA_100X_EMPTY_1x1_200ms,,,
4,68,15.4836936946109,1053,-49.9999600674558,1048.29534662868,785.50522317189,NaN,NaN,NaN,NaN,NaN,NaN,NaN,NaN,NaN,NaN,NaN,NaN,NaN,NaN,NaN,NaN,NaN,NaN,NaN,NaN,NaN,NaN,NaN,NaN,NaN,NaN,0,20574.7388414055,1,1,1,16,2018-10-30T17:46:40.324,20181030_ecoli_ARA_M6_2K,1500,-866,165.425,DIA_100X_EMPTY_1x1_200ms,,,
5,39,14.6859329787444,574,-49.9887704588285,1055.70034843206,1540.79616724739,NaN,NaN,NaN,NaN,NaN,NaN,NaN,NaN,NaN,NaN,NaN,NaN,NaN,NaN,NaN,506.091974029237,0.771142601881976,37.591923640154,24.0617968776117,12.226982586794,5.83335224053913,0.0244108151732824,0.00760623606882707,2,1.00088314034845,4413.90537559765,0,19827.0975609756,1,1,1,16,2018-10-30T17:46:40.324,20181030_ecoli_ARA_M6_2K,1500,-866,165.425,DIA_100X_EMPTY_1x1_200ms,,,
6,21,11.2152571502786,239,-29.7866087970563,1054.08786610879,670.602510460251,NaN,NaN,NaN,NaN,NaN,NaN,NaN,NaN,NaN,NaN,NaN,NaN,NaN,NaN,NaN,220.184296541799,0.999920183563732,20.9090938414731,12.7554602579607,10.2185204430192,3.29028255311699,0.000572476468636665,0.000360927337832473,0,1.0000031783251,1714.75125489955,0,19760.079497908,1,1,1,16,2018-10-30T17:46:40.324,20181030_ecoli_ARA_M6_2K,1500,-866,165.425,DIA_100X_EMPTY_1x1_200ms,,,
7,28,12.3477903020365,346,46.2183250169162,1350,1875.84104046243,NaN,NaN,NaN,NaN,NaN,NaN,NaN,NaN,NaN,NaN,NaN,NaN,NaN,NaN,NaN,309.437830829115,0.989124084957823,27.2899907180818,13.3399914213816,10.8775090541663,3.26977476072666,0.0151797594456305,0.00858517190256496,1,1.00371951415143,2536.01709205606,0,18451.4710982659,1,1,1,16,2018-10-30T17:46:40.324,20181030_ecoli_ARA_M6_2K,1500,-866,165.425,DIA_100X_EMPTY_1x1_200ms,,,
8,27,19.7315473963905,533,-49.9759013553111,1440.095684803,775.96435272045,NaN,NaN,NaN,NaN,NaN,NaN,NaN,NaN,NaN,NaN,NaN,NaN,NaN,NaN,NaN,453.376999056485,0.882089854226197,24.4679584134165,23.265152916557,17.4636755184208,5.01601789307676,0.0123523228676161,0.00597009281690306,2,1.00153903433303,5860.82726772738,0,19582.7842401501,1,1,1,16,2018-10-30T17:46:40.324,20181030_ecoli_ARA_M6_2K,1500,-866,165.425,DIA_100X_EMPTY_1x1_200ms,,,
9,38,14.226904773868,541,-49.980123753755,1770.60443622921,257.49168207024,NaN,NaN,NaN,NaN,NaN,NaN,NaN,NaN,NaN,NaN,NaN,NaN,NaN,NaN,NaN,449.004210029021,0.78406689797855,42.0950893903992,14.2395799922242,10.0694499129515,2.63909695090205,0.129047428134069,0.0513347223309672,2,1.39939446049372,3352.22228951869,0,20640.5083179298,1,1,1,16,2018-10-30T17:46:40.324,20181030_ecoli_ARA_M6_2K,1500,-866,165.425,DIA_100X_EMPTY_1x1_200ms,,,
10,32,10.9499530981696,351,-49.9296200908425,2037.64102564103,1903.31339031339,NaN,NaN,NaN,NaN,NaN,NaN,NaN,NaN,NaN,NaN,NaN,NaN,NaN,NaN,NaN,NaN,NaN,NaN,NaN,NaN,NaN,NaN,NaN,NaN,NaN,NaN,0,24786.7150997151,1,1,1,16,2018-10-30T17:46:40.324,20181030_ecoli_ARA_M6_2K,1500,-866,165.425,DIA_100X_EMPTY_1x1_200ms,,,
1,19,10.5779927399835,201,-42.7969744832082,75.7512437810945,1482.41791044776,NaN,NaN,NaN,NaN,NaN,NaN,NaN,NaN,NaN,NaN,NaN,NaN,NaN,NaN,NaN,188.120884170686,0.999753543756651,17.4186156308069,13.3710729677896,10.1970850861051,3.76291335606255,0.0017273439922956,0.000825921884901705,1,1.00001473135093,1422.51090214647,0,19126.144278607,1,1,1,17,2018-10-30T17:46:42.650,20181030_ecoli_ARA_M6_2K,2000,-0,165.425,DIA_100X_EMPTY_1x1_200ms,,,
2,21,11.6127836934685,244,-16.3058395994643,81.1311475409836,294.47131147541,NaN,NaN,NaN,NaN,NaN,NaN,NaN,NaN,NaN,NaN,NaN,NaN,NaN,NaN,NaN,217.665264859845,0.999825972341826,19.687462096238,13.6030312166531,10.3631435219716,3.94112535618468,0.0977423282544259,0.00310703219929365,1,1.00000537578031,1660.59085568364,0,17616.5983606557,1,1,1,17,2018-10-30T17:46:42.650,20181030_ecoli_ARA_M6_2K,2000,-0,165.425,DIA_100X_EMPTY_1x1_200ms,,,
3,30,11.5301872358395,346,47.8035143329148,88.650289017341,1388.58959537572,NaN,NaN,NaN,NaN,NaN,NaN,NaN,NaN,NaN,NaN,NaN,NaN,NaN,NaN,NaN,308.436405828218,0.982609683582404,29.763098914547,12.1199892337312,10.1068735334629,2.69554372938874,0.00275805480337023,0.00102268815410809,2,1.00003687790513,2387.8205854303,0,18727.9913294798,1,1,1,17,2018-10-30T17:46:42.650,20181030_ecoli_ARA_M6_2K,2000,-0,165.425,DIA_100X_EMPTY_1x1_200ms,,,
4,20,11.3704629334839,228,-37.2926722047513,91.7324561403509,1941.4298245614,NaN,NaN,NaN,NaN,NaN,NaN,NaN,NaN,NaN,NaN,NaN,NaN,NaN,NaN,NaN,202.422414234616,0.999889401992322,18.9239113591806,13.2244407398808,10.3463648597026,3.4842411110095,0.0022702576677259,0.00111229293465255,1,1.00003091427785,1591.02266168941,0,18444.3552631579,1,1,1,17,2018-10-30T17:46:42.650,20181030_ecoli_ARA_M6_2K,2000,-0,165.425,DIA_100X_EMPTY_1x1_200ms,,,
5,28,11.1352240835539,312,43.9875968931569,131.891025641026,1693.84935897436,NaN,NaN,NaN,NaN,NaN,NaN,NaN,NaN,NaN,NaN,NaN,NaN,NaN,NaN,NaN,292.05736442295,0.966419437738666,27.1079899529612,12.6456594016873,10.4775709831138,2.8766775141391,0.0204027981972011,0.0120075042083892,0,1.00680903377478,2337.26750377321,1,18834.2884615385,1,1,1,17,2018-10-30T17:46:42.650,20181030_ecoli_ARA_M6_2K,2000,-0,165.425,DIA_100X_EMPTY_1x1_200ms,,,
6,26,11.0363801188732,287,44.0568465296837,131.965156794425,1707.82578397213,NaN,NaN,NaN,NaN,NaN,NaN,NaN,NaN,NaN,NaN,NaN,NaN,NaN,NaN,NaN,267.682792962995,0.99000469946104,24.8576579738364,12.4531734821802,10.3336969617677,3.20071170355697,0.013154851998154,0.00715399315934374,0,1.00207831221962,2084.78624345412,1,19300.8641114983,1,1,1,17,2018-10-30T17:46:42.650,20181030_ecoli_ARA_M6_2K,2000,-0,165.425,DIA_100X_EMPTY_1x1_200ms,,,
7,24,11.5078482302574,277,33.9486342993168,241.415162454874,832.667870036101,NaN,NaN,NaN,NaN,NaN,NaN,NaN,NaN,NaN,NaN,NaN,NaN,NaN,NaN,NaN,252.476805822041,0.993819354566817,23.9131605141304,12.6153418713022,10.1381327607993,3.12730687834454,0.00882233519473918,0.00385130389982106,1,1.00034665270053,1930.37999650351,0,18474.4909747292,1,1,1,17,2018-10-30T17:46:42.650,20181030_ecoli_ARA_M6_2K,2000,-0,165.425,DIA_100X_EMPTY_1x1_200ms,,,
8,20,11.398269071141,231,-35.2157080278915,456.458874458874,1310.51082251082,NaN,NaN,NaN,NaN,NaN,NaN,NaN,NaN,NaN,NaN,NaN,NaN,NaN,NaN,NaN,218.663615710183,0.999863371802689,20.8656871759309,12.6962856876682,10.1518962270246,3.26456071752475,0.00162955317194222,0.000976851139959746,1,1.00000646613886,1688.95046688019,0,18483.3939393939,1,1,1,17,2018-10-30T17:46:42.650,20181030_ecoli_ARA_M6_2K,2000,-0,165.425,DIA_100X_EMPTY_1x1_200ms,,,
9,19,11.8134674596341,228,-46.4014977330825,521.986842105263,1318.31140350877,NaN,NaN,NaN,NaN,NaN,NaN,NaN,NaN,NaN,NaN,NaN,NaN,NaN,NaN,NaN,211.699758615787,0.99992209772426,19.2904090009039,13.6092403218205,10.5757397055526,3.59145664506385,0.00513651768081284,0.00263594048327842,1,1.00017797844187,1694.54389679639,0,18334.3596491228,1,1,1,17,2018-10-30T17:46:42.650,20181030_ecoli_ARA_M6_2K,2000,-0,165.425,DIA_100X_EMPTY_1x1_200ms,,,
10,22,10.4153596939645,230,31.9458822214328,524.065217391304,653.3,NaN,NaN,NaN,NaN,NaN,NaN,NaN,NaN,NaN,NaN,NaN,NaN,NaN,NaN,NaN,228.680442314581,0.997924721272662,22.0757389968094,12.296741003305,9.94905872840736,3.15863191717722,0.00490748877653274,0.00242381663543132,1,1.00019556749624,1716.20483453613,1,19330.8782608696,1,1,1,17,2018-10-30T17:46:42.650,20181030_ecoli_ARA_M6_2K,2000,-0,165.425,DIA_100X_EMPTY_1x1_200ms,,,
11,29,10.9759481624828,319,46.8449933991979,532.17868338558,668.241379310345,NaN,NaN,NaN,NaN,NaN,NaN,NaN,NaN,NaN,NaN,NaN,NaN,NaN,NaN,NaN,301.753642086213,0.941406123277815,29.2700830555075,11.9422448749668,9.95065802560022,2.68248672876863,0.0275229749184272,0.0139494432226187,1,1.01209568125523,2276.23678952936,1,19620.7304075235,1,1,1,17,2018-10-30T17:46:42.650,20181030_ecoli_ARA_M6_2K,2000,-0,165.425,DIA_100X_EMPTY_1x1_200ms,,,
12,28,12.231719976272,343,45.2323450766316,558.833819241982,36.2507288629738,NaN,NaN,NaN,NaN,NaN,NaN,NaN,NaN,NaN,NaN,NaN,NaN,NaN,NaN,NaN,295.140874132828,0.992405501618693,27.6572742087256,12.379861070015,10.3631773823121,2.90570677733957,0.00521746351964257,0.00294215640641761,1,1.00010549285445,2332.84089868388,0,18666.9912536443,1,1,1,17,2018-10-30T17:46:42.650,20181030_ecoli_ARA_M6_2K,2000,-0,165.425,DIA_100X_EMPTY_1x1_200ms,,,
13,19,11.1942435860195,213,-41.5345223751431,789.535211267606,668.723004694836,NaN,NaN,NaN,NaN,NaN,NaN,NaN,NaN,NaN,NaN,NaN,NaN,NaN,NaN,NaN,201.169561294129,0.996468489852284,19.463608179359,13.0348402149972,9.77464363149884,3.30973248002734,0.050044460611139,0.0251524965603656,1,1.01695627784733,1460.5455300335,0,22189.6384976526,1,1,1,17,2018-10-30T17:46:42.650,20181030_ecoli_ARA_M6_2K,2000,-0,165.425,DIA_100X_EMPTY_1x1_200ms,,,
14,21,9.95349990878609,209,8.48727838928591,836.459330143541,1484.16746411483,NaN,NaN,NaN,NaN,NaN,NaN,NaN,NaN,NaN,NaN,NaN,NaN,NaN,NaN,NaN,213.965895988829,0.999703013912285,20.1901795238171,13.0958530363276,10.1950984181249,3.40337216903687,0.00352347409067676,0.00151418804175764,1,1.00006676056544,1648.21137509227,0,16357.0717703349,1,1,1,17,2018-10-30T17:46:42.650,20181030_ecoli_ARA_M6_2K,2000,-0,165.425,DIA_100X_EMPTY_1x1_200ms,,,
15,26,13.4713276481144,351,31.9864631385985,878.438746438746,1357.2905982906,NaN,NaN,NaN,NaN,NaN,NaN,NaN,NaN,NaN,NaN,NaN,NaN,NaN,NaN,NaN,299.729325811893,0.995626851423744,25.4431449664956,14.2430301826792,11.3839216106224,3.42015402059222,0.0128909209884321,0.00707980147812186,1,1.00053743973581,2589.67024520433,0,18858.9316239316,1,1,1,17,2018-10-30T17:46:42.650,20181030_ecoli_ARA_M6_2K,2000,-0,165.425,DIA_100X_EMPTY_1x1_200ms,,,
16,28,11.5002516674921,322,47.309927824538,906.748447204969,754.776397515528,NaN,NaN,NaN,NaN,NaN,NaN,NaN,NaN,NaN,NaN,NaN,NaN,NaN,NaN,NaN,290.05902623085,0.988266208606138,27.7665505358851,12.1575556336052,10.1774796948903,2.80645441459373,0.00836189353234915,0.00416480844702128,1,1.00096462773864,2258.87553019436,0,18540.2701863354,1,1,1,17,2018-10-30T17:46:42.650,20181030_ecoli_ARA_M6_2K,2000,-0,165.425,DIA_100X_EMPTY_1x1_200ms,,,
17,9,5.45426511660672,51,-49.9998541694059,936.843137254902,1254.41176470588,NaN,NaN,NaN,NaN,NaN,NaN,NaN,NaN,NaN,NaN,NaN,NaN,NaN,NaN,NaN,125.052115808157,0.999786150331469,NaN,NaN,NaN,NaN,NaN,NaN,NaN,NaN,NaN,2,23203.5098039216,1,1,1,17,2018-10-30T17:46:42.650,20181030_ecoli_ARA_M6_2K,2000,-0,165.425,DIA_100X_EMPTY_1x1_200ms,,,
18,42,15.1732024141101,638,-48.1100294194606,956.924764890282,1263.85579937304,NaN,NaN,NaN,NaN,NaN,NaN,NaN,NaN,NaN,NaN,NaN,NaN,NaN,NaN,NaN,648.369865936616,0.91701380516956,46.038360246136,20.9783577225335,13.5173606884201,5.47761206444923,0.0576681530006907,0.0222888058838345,3,1.01370933218684,6606.83609871388,2,18924.446708464,1,1,1,17,2018-10-30T17:46:42.650,20181030_ecoli_ARA_M6_2K,2000,-0,165.425,DIA_100X_EMPTY_1x1_200ms,,,
19,26,13.7944908721399,359,-35.0420766429886,951.233983286908,1245.87465181058,NaN,NaN,NaN,NaN,NaN,NaN,NaN,NaN,NaN,NaN,NaN,NaN,NaN,NaN,NaN,364.179520468856,0.984535454196469,26.1749598270776,17.7191363504555,13.3690221714998,4.43554579079849,0.0276672509802262,0.0148958802323501,2,1.01067247651221,3674.30490240441,2,17515.6267409471,1,1,1,17,2018-10-30T17:46:42.650,20181030_ecoli_ARA_M6_2K,2000,-0,165.425,DIA_100X_EMPTY_1x1_200ms,,,
20,44,11.9636035900665,527,-49.7687131331246,950.622390891841,1322.32068311195,NaN,NaN,NaN,NaN,NaN,NaN,NaN,NaN,NaN,NaN,NaN,NaN,NaN,NaN,NaN,473.30169618399,0.801806817802355,42.9179327640908,16.1221322614755,10.7033938556019,3.20294687220482,0.0521858972676489,0.0191717660726892,1,1.03294398214488,3861.63915685404,1,18519.1764705882,1,1,1,17,2018-10-30T17:46:42.650,20181030_ecoli_ARA_M6_2K,2000,-0,165.425,DIA_100X_EMPTY_1x1_200ms,,,
21,37,13.6476448028527,505,45.6066380216959,965.594059405941,1318.70891089109,NaN,NaN,NaN,NaN,NaN,NaN,NaN,NaN,NaN,NaN,NaN,NaN,NaN,NaN,NaN,425.700363737121,0.903855358274825,35.032436347722,15.0538586400893,11.6140104596504,3.48520308113816,0.0395783264935143,0.0160485902737851,2,1.01387293456634,3711.28792499663,1,16197.495049505,1,1,1,17,2018-10-30T17:46:42.650,20181030_ecoli_ARA_M6_2K,2000,-0,165.425,DIA_100X_EMPTY_1x1_200ms,,,
22,23,9.00697478692291,207,25.0304960612473,996.951690821256,1351.59903381643,NaN,NaN,NaN,NaN,NaN,NaN,NaN,NaN,NaN,NaN,NaN,NaN,NaN,NaN,NaN,231.853757331556,0.987269962255634,23.4849718930757,12.1429972538307,9.34556634063696,3.20783953398282,0.0149596133651798,0.00631536475535524,1,1.00111163222388,1610.98380883678,1,19059.9806763285,1,1,1,17,2018-10-30T17:46:42.650,20181030_ecoli_ARA_M6_2K,2000,-0,165.425,DIA_100X_EMPTY_1x1_200ms,,,
23,68,16.9417462155223,1152,-49.9863597387898,1017.02430555556,1351.5234375,NaN,NaN,NaN,NaN,NaN,NaN,NaN,NaN,NaN,NaN,NaN,NaN,NaN,NaN,NaN,965.711921188244,0.614074895750047,77.1774263777779,19.9007374125955,12.466364880343,3.29416189780765,0.269133162255786,0.0471844830311797,6,1.17264226093143,9420.19389384507,1,17934.4991319444,1,1,1,17,2018-10-30T17:46:42.650,20181030_ecoli_ARA_M6_2K,2000,-0,165.425,DIA_100X_EMPTY_1x1_200ms,,,
24,23,11.3943959484615,263,32.8765850694982,1130.77566539924,1780.05703422053,NaN,NaN,NaN,NaN,NaN,NaN,NaN,NaN,NaN,NaN,NaN,NaN,NaN,NaN,NaN,244.687233000628,0.996837947333854,22.8195851588054,12.256246917925,10.3994308420588,3.03149927844615,0.00616626457440826,0.00289824637712862,1,1.00029887740475,1938.28113417674,1,18504.9011406844,1,1,1,17,2018-10-30T17:46:42.650,20181030_ecoli_ARA_M6_2K,2000,-0,165.425,DIA_100X_EMPTY_1x1_200ms,,,
25,23,10.1766099545112,235,39.9916952692589,1152.22127659574,1775.79574468085,NaN,NaN,NaN,NaN,NaN,NaN,NaN,NaN,NaN,NaN,NaN,NaN,NaN,NaN,NaN,235.132532891077,0.99146383018338,23.5328212734358,11.7926991216207,9.53839748044742,2.95389591680899,0.0284473204460925,0.0124532445757559,1,1.0059101540929,1681.5690689422,1,19894.4978723404,1,1,1,17,2018-10-30T17:46:42.650,20181030_ecoli_ARA_M6_2K,2000,-0,165.425,DIA_100X_EMPTY_1x1_200ms,,,
26,20,10.7297462548004,222,-12.9214140674304,1155.70720720721,1671.29279279279,NaN,NaN,NaN,NaN,NaN,NaN,NaN,NaN,NaN,NaN,NaN,NaN,NaN,NaN,NaN,213.260559625647,0.999883031219057,20.8664560045304,12.2594665789253,9.90096881996701,3.14367140514204,0.00471785854452155,0.00230963496660685,1,1.00015412476707,1606.54894411995,0,19059.1216216216,1,1,1,17,2018-10-30T17:46:42.650,20181030_ecoli_ARA_M6_2K,2000,-0,165.425,DIA_100X_EMPTY_1x1_200ms,,,
27,24,11.9280184087239,287,33.7640332269329,1165.03832752613,1504.31358885017,NaN,NaN,NaN,NaN,NaN,NaN,NaN,NaN,NaN,NaN,NaN,NaN,NaN,NaN,NaN,290.187602526484,0.992982018983504,25.1188429808101,13.7905979385307,10.9947670047475,3.63444106810069,0.0426253331672545,0.00647124169704371,1,1.00134718569549,2384.85277322781,2,19881.3275261324,1,1,1,17,2018-10-30T17:46:42.650,20181030_ecoli_ARA_M6_2K,2000,-0,165.425,DIA_100X_EMPTY_1x1_200ms,,,
28,21,8.8034175159738,185,29.5542597735133,1168.96216216216,1472,NaN,NaN,NaN,NaN,NaN,NaN,NaN,NaN,NaN,NaN,NaN,NaN,NaN,NaN,NaN,211.601525882941,0.997468798547267,22.0154373917974,11.1448319216239,9.25911234074671,2.8721390642231,0.0125317535523974,0.00522539137287605,1,1.00066702178654,1482.36757394141,2,20346.8,1,1,1,17,2018-10-30T17:46:42.650,20181030_ecoli_ARA_M6_2K,2000,-0,165.425,DIA_100X_EMPTY_1x1_200ms,,,
29,17,9.77636459869802,167,-49.939339536236,1170.7125748503,1488.98203592814,NaN,NaN,NaN,NaN,NaN,NaN,NaN,NaN,NaN,NaN,NaN,NaN,NaN,NaN,NaN,196.960238471499,0.999882021638977,16.4878453091023,15.2873389396696,11.3327046154715,4.3166254212419,0.00372730633994059,0.00177716497755637,1,1.00006189150406,1663.109804296,4,20700.754491018,1,1,1,17,2018-10-30T17:46:42.650,20181030_ecoli_ARA_M6_2K,2000,-0,165.425,DIA_100X_EMPTY_1x1_200ms,,,
30,16,10.5647449680446,170,-49.9341615657442,1180.58823529412,1476.72352941176,NaN,NaN,NaN,NaN,NaN,NaN,NaN,NaN,NaN,NaN,NaN,NaN,NaN,NaN,NaN,184.535231219602,0.999878841821297,16.3972799382392,14.359797084458,10.5251577180547,4.24322612689586,0.0252695117533564,0.00161474519167041,1,1.00001441153688,1426.65485043542,2,19567.9235294118,1,1,1,17,2018-10-30T17:46:42.650,20181030_ecoli_ARA_M6_2K,2000,-0,165.425,DIA_100X_EMPTY_1x1_200ms,,,
31,32,9.65144926938948,309,43.0901822468131,1186.1715210356,1506.54368932039,NaN,NaN,NaN,NaN,NaN,NaN,NaN,NaN,NaN,NaN,NaN,NaN,NaN,NaN,NaN,335.411181135907,0.886816400155032,33.3265223875409,11.9216087982057,9.71742488182965,2.62418194892963,0.0434301972322679,0.0262325277719496,0,1.05308035905052,2471.62320015214,2,20739.8511326861,1,1,1,17,2018-10-30T17:46:42.650,20181030_ecoli_ARA_M6_2K,2000,-0,165.425,DIA_100X_EMPTY_1x1_200ms,,,
32,17,10.3169366837687,176,-48.3844947362553,1328.27272727273,992.596590909091,NaN,NaN,NaN,NaN,NaN,NaN,NaN,NaN,NaN,NaN,NaN,NaN,NaN,NaN,NaN,179.022114642215,0.999818259252948,17.2640806155959,13.0851581638616,9.70766772212188,3.83990690998303,0.00668986340764943,0.00368824247750544,0,1.0002792203105,1277.80075997941,1,19455.8920454545,1,1,1,17,2018-10-30T17:46:42.650,20181030_ecoli_ARA_M6_2K,2000,-0,165.425,DIA_100X_EMPTY_1x1_200ms,,,
33,30,11.0684371467542,333,46.0082717295894,1350.51651651652,1001.16216216216,NaN,NaN,NaN,NaN,NaN,NaN,NaN,NaN,NaN,NaN,NaN,NaN,NaN,NaN,NaN,302.223097774098,0.975561857859992,30.28912640344,11.3681861012176,9.74424085567099,2.53250692460765,0.00731480525768987,0.00321107690951825,1,1.00031507889931,2258.77332035059,1,19140.2912912913,1,1,1,17,2018-10-30T17:46:42.650,20181030_ecoli_ARA_M6_2K,2000,-0,165.425,DIA_100X_EMPTY_1x1_200ms,,,
34,15,10.4962747997922,161,-49.9916746067536,1482.50310559006,1357.12422360248,NaN,NaN,NaN,NaN,NaN,NaN,NaN,NaN,NaN,NaN,NaN,NaN,NaN,NaN,NaN,171.235797795349,0.999845306180027,15.5018604145822,14.0072163653131,10.3914529695549,4.06184147113676,0.00526856888894869,0.00299345349559578,0,1.00014483441983,1314.69876854193,1,19284.2236024845,1,1,1,17,2018-10-30T17:46:42.650,20181030_ecoli_ARA_M6_2K,2000,-0,165.425,DIA_100X_EMPTY_1x1_200ms,,,
35,19,10.0746187479715,192,-43.6279114347122,1496.29166666667,1358.90625,NaN,NaN,NaN,NaN,NaN,NaN,NaN,NaN,NaN,NaN,NaN,NaN,NaN,NaN,NaN,188.840438207674,0.999835316623758,17.9740718987474,13.1039333991316,9.93522938435846,3.72213675035946,0.00207412275458525,0.000959685382549285,1,1.00001016639177,1393.4524485789,2,18808.484375,1,1,1,17,2018-10-30T17:46:42.650,20181030_ecoli_ARA_M6_2K,2000,-0,165.425,DIA_100X_EMPTY_1x1_200ms,,,
36,22,10.1744300768273,224,32.3141892264769,1507.66071428571,1378.75892857143,NaN,NaN,NaN,NaN,NaN,NaN,NaN,NaN,NaN,NaN,NaN,NaN,NaN,NaN,NaN,209.542899708501,0.999657143507914,21.0576504644421,12.1210295110088,9.52978121479975,3.22591553699263,0.0014812844359191,0.000679704471201935,1,1.00000683621112,1501.98520350109,1,19286.1473214286,1,1,1,17,2018-10-30T17:46:42.650,20181030_ecoli_ARA_M6_2K,2000,-0,165.425,DIA_100X_EMPTY_1x1_200ms,,,
37,20,10.8744040880334,218,-20.6860915309903,1509.43119266055,390.885321100917,NaN,NaN,NaN,NaN,NaN,NaN,NaN,NaN,NaN,NaN,NaN,NaN,NaN,NaN,NaN,213.240687141962,0.999958816799237,20.5996223287963,12.7048329023357,9.94185177265853,3.37677660221318,0.00883356012622325,0.00461548720425017,1,1.00062849398564,1599.12976519776,2,19833.7385321101,1,1,1,17,2018-10-30T17:46:42.650,20181030_ecoli_ARA_M6_2K,2000,-0,165.425,DIA_100X_EMPTY_1x1_200ms,,,
38,20,12.352419551543,248,-44.4090564498906,1517.43951612903,407.177419354839,NaN,NaN,NaN,NaN,NaN,NaN,NaN,NaN,NaN,NaN,NaN,NaN,NaN,NaN,NaN,227.968387842166,0.995291647574974,20.0036722902806,13.5346631419717,10.8703766001761,3.39105683447357,0.0301561766498734,0.0158663578909146,1,1.00689185864702,1856.47366583077,2,20427.0887096774,1,1,1,17,2018-10-30T17:46:42.650,20181030_ecoli_ARA_M6_2K,2000,-0,165.425,DIA_100X_EMPTY_1x1_200ms,,,
39,19,10.7361419156556,204,-43.1231831656161,1522.79411764706,391.245098039216,NaN,NaN,NaN,NaN,NaN,NaN,NaN,NaN,NaN,NaN,NaN,NaN,NaN,NaN,NaN,198.607155045776,0.999879832566549,18.2110059332254,13.5851596061061,10.4501600062092,3.66241802399461,0.00256828809685111,0.00116171892159204,1,1.00002621031184,1561.95924331746,2,19143.2598039216,1,1,1,17,2018-10-30T17:46:42.650,20181030_ecoli_ARA_M6_2K,2000,-0,165.425,DIA_100X_EMPTY_1x1_200ms,,,
40,20,14.0498851905734,281,-49.7771790704147,1818.79003558719,356.779359430605,NaN,NaN,NaN,NaN,NaN,NaN,NaN,NaN,NaN,NaN,NaN,NaN,NaN,NaN,NaN,228.647564268703,0.99993449286846,18.0992596629324,15.8336611907023,11.9718283367838,4.34723860130287,0.0300188893089354,0.0162504299731803,0,1.00599821339176,2037.37819531909,0,18356.3202846975,1,1,1,17,2018-10-30T17:46:42.650,20181030_ecoli_ARA_M6_2K,2000,-0,165.425,DIA_100X_EMPTY_1x1_200ms,,,
41,21,11.1403121729068,234,2.73550725992915,1828.05128205128,1450.45726495726,NaN,NaN,NaN,NaN,NaN,NaN,NaN,NaN,NaN,NaN,NaN,NaN,NaN,NaN,NaN,214.661208506582,0.999651566270364,20.5674766252504,12.4864236131718,10.0004565036903,3.3078505890542,0.00685554387464669,0.00306413311606406,1,1.00027577599803,1615.51332417864,0,19689.6324786325,1,1,1,17,2018-10-30T17:46:42.650,20181030_ecoli_ARA_M6_2K,2000,-0,165.425,DIA_100X_EMPTY_1x1_200ms,,,
42,17,12.3586371890829,211,-49.7067031519068,1877.57345971564,1294.10426540284,NaN,NaN,NaN,NaN,NaN,NaN,NaN,NaN,NaN,NaN,NaN,NaN,NaN,NaN,NaN,185.927172488086,0.999803994242264,16.4526985544057,14.2149783622268,10.6506572157554,4.06195784214476,0.00938803744423926,0.00505315335619909,0,1.00047716704483,1465.81727918325,0,19276.9620853081,1,1,1,17,2018-10-30T17:46:42.650,20181030_ecoli_ARA_M6_2K,2000,-0,165.425,DIA_100X_EMPTY_1x1_200ms,,,
43,19,10.7331080045748,204,-37.2977926611256,1929.5931372549,1946.20098039216,NaN,NaN,NaN,NaN,NaN,NaN,NaN,NaN,NaN,NaN,NaN,NaN,NaN,NaN,NaN,197.787827610182,0.999790546908108,18.012019185042,13.9923579370993,10.4837308754667,3.85060408835506,0.0118583891002764,0.00612742680031953,1,1.0008423891608,1554.83393159598,1,19220.5098039216,1,1,1,17,2018-10-30T17:46:42.650,20181030_ecoli_ARA_M6_2K,2000,-0,165.425,DIA_100X_EMPTY_1x1_200ms,,,
44,17,9.16654940778985,156,-49.4532427998004,1936.29487179487,1933.75,NaN,NaN,NaN,NaN,NaN,NaN,NaN,NaN,NaN,NaN,NaN,NaN,NaN,NaN,NaN,171.458559295634,0.999789199368477,16.8554023863486,12.8132793156758,9.77718701295295,3.47630234247763,0.00408882059775483,0.00222431192649856,0,1.00009481037189,1265.48455964073,1,19019.6282051282,1,1,1,17,2018-10-30T17:46:42.650,20181030_ecoli_ARA_M6_2K,2000,-0,165.425,DIA_100X_EMPTY_1x1_200ms,,,
45,29,12.4011796624126,360,47.1985846064819,1966.44722222222,1000.69444444444,NaN,NaN,NaN,NaN,NaN,NaN,NaN,NaN,NaN,NaN,NaN,NaN,NaN,NaN,NaN,295.360523813357,0.996827476547145,27.4436331141993,12.433167272629,10.5262053858917,2.91401263505844,0.00529470732273346,0.00198967065502464,1,1.00021578909635,2388.22458859698,0,18780.3638888889,1,1,1,17,2018-10-30T17:46:42.650,20181030_ecoli_ARA_M6_2K,2000,-0,165.425,DIA_100X_EMPTY_1x1_200ms,,,
