CellID,LongAxis,ShortAxis,Area,RegionScore,XPosition,YPosition,Fluor1Sum,Fluor1Mean,Fluor1Background,Fluor1BgStd,Fluor1FociNumber,Fluor2Sum,Fluor2Mean,Fluor2Background,Fluor2BgStd,Fluor2FociNumber,Fluor3Sum,Fluor3Mean,Fluor3Background,Fluor3BgStd,Fluor3FociNumber,MeshArea,MeshSolidity,MeshAxisLength,MeshRibsLengthMax,MeshRibsLengthMean,MeshRibsLengthStd,MeshCurvatureMax,MeshCurvatureMean,MeshCurvatureInflection,MeshSinuosity,MeshVolume,NumOfNeighbors,RegionGrayVal,TimeFrames,AgeFrames,RelativeAge,xyFolder,DateTime,Folder,StageXposition,StageYposition,StageZposition,PhaseConfig,Fluo1Config,Fluo2Config,Fluo3Config
1,30,11.0451014169856,332,47.2304224274768,76.5,949.83734939759,NaN,NaN,NaN,NaN,NaN,NaN,NaN,NaN,NaN,NaN,NaN,NaN,NaN,NaN,NaN,308.778027257629,0.979078289639833,29.8891791763257,12.0598287651714,10.1139393735586,2.59802878933504,0.00876630094501817,0.0032071785664752,1,1.00050231996496,2401.28972119587,0,16831.9578313253,1,1,1,1,2018-10-31T15:10:21.674,20181031_ecoli_ARA_M1_50K,-0,-0,163.3,DIA_100X_EMPTY_1x1_200ms,,,
2,41,10.9484448801383,449,49.3661730404922,119.213808463252,1311.92427616927,NaN,NaN,NaN,NaN,NaN,NaN,NaN,NaN,NaN,NaN,NaN,NaN,NaN,NaN,NaN,423.812371892214,0.939588693714865,41.2889796301924,11.881908450248,9.98752354469347,2.37514633014976,0.0114142334932416,0.00466563291746048,2,1.0026033125293,3234.74212295087,0,17072.1603563474,1,1,1,1,2018-10-31T15:10:21.674,20181031_ecoli_ARA_M1_50K,-0,-0,163.3,DIA_100X_EMPTY_1x1_200ms,,,
3,36,12.0288886130119,434,49.0659129055207,572.34331797235,931.688940092166,NaN,NaN,NaN,NaN,NaN,NaN,NaN,NaN,NaN,NaN,NaN,NaN,NaN,NaN,NaN,393.940234302866,0.953103095264636,36.5804395479402,12.2499474072579,10.5153420722049,2.55852199485031,0.0126575404535785,0.00703379011823216,1,1.00431113861875,3176.76881919108,0,16368.5299539171,1,1,1,1,2018-10-31T15:10:21.674,20181031_ecoli_ARA_M1_50K,-0,-0,163.3,DIA_100X_EMPTY_1x1_200ms,,,
4,52,11.3382281678639,590,48.8746340782572,725.018644067797,131.305084745763,NaN,NaN,NaN,NaN,NaN,NaN,NaN,NaN,NaN,NaN,NaN,NaN,NaN,NaN,NaN,521.687645221702,0.924318838926629,51.7018991780973,11.7389787214505,9.84727725146608,2.1833241307193,0.00906960767129492,0.003092610189948,1,1.00079183177864,3937.57382340164,0,17699.9898305085,1,1,1,1,2018-10-31T15:10:21.674,20181031_ecoli_ARA_M1_50K,-0,-0,163.3,DIA_100X_EMPTY_1x1_200ms,,,
5,32,11.2658114536099,361,46.2379191652554,853.304709141274,817.18836565097,NaN,NaN,NaN,NaN,NaN,NaN,NaN,NaN,NaN,NaN,NaN,NaN,NaN,NaN,NaN,338.622565229166,0.961432755407116,32.677543362581,11.8472289755792,10.11460534882,2.5358271806816,0.00986712735690802,0.00485495343311221,1,1.00184548218495,2625.65200292595,0,17046.0110803324,1,1,1,1,2018-10-31T15:10:21.674,20181031_ecoli_ARA_M1_50K,-0,-0,163.3,DIA_100X_EMPTY_1x1_200ms,,,
6,34,12.3759191403619,421,48.7797203479876,865.33729216152,1736.13301662708,NaN,NaN,NaN,NaN,NaN,NaN,NaN,NaN,NaN,NaN,NaN,NaN,NaN,NaN,NaN,366.337001248079,0.958483510944382,33.4015504118736,12.5467784152395,10.6179311801845,2.82040825665589,0.0129358585189669,0.00528840801848817,2,1.00253516036961,2957.57876732404,0,16340.3800475059,1,1,1,1,2018-10-31T15:10:21.674,20181031_ecoli_ARA_M1_50K,-0,-0,163.3,DIA_100X_EMPTY_1x1_200ms,,,
7,29,10.9195262554826,317,46.6426865317968,1091.83596214511,1454.35331230284,NaN,NaN,NaN,NaN,NaN,NaN,NaN,NaN,NaN,NaN,NaN,NaN,NaN,NaN,NaN,301.713213112531,0.97442623028541,29.4419834697263,12.0505835496824,10.0368612821595,2.55665915054137,0.00560983304134546,0.00239437136149624,1,1.00036496893197,2329.44676345741,0,16373.810725552,1,1,1,1,2018-10-31T15:10:21.674,20181031_ecoli_ARA_M1_50K,-0,-0,163.3,DIA_100X_EMPTY_1x1_200ms,,,
8,36,12.7662449347101,460,-49.9994236981126,1144.92391304348,91.3391304347826,NaN,NaN,NaN,NaN,NaN,NaN,NaN,NaN,NaN,NaN,NaN,NaN,NaN,NaN,NaN,401.327977804599,0.906972423972655,34.348980585903,18.1539476879602,11.303097350242,4.6580673127816,0.0702732001667615,0.0239793537189063,2,1.04943334164299,3446.66179376611,0,15046.5369565217,1,1,1,1,2018-10-31T15:10:21.674,20181031_ecoli_ARA_M1_50K,-0,-0,163.3,DIA_100X_EMPTY_1x1_200ms,,,
9,46,10.6525875813389,490,49.004885767642,1231.8306122449,1787.77142857143,NaN,NaN,NaN,NaN,NaN,NaN,NaN,NaN,NaN,NaN,NaN,NaN,NaN,NaN,NaN,455.81163010976,0.912877188646902,45.6944426620844,11.8154260722205,9.80589007939019,2.06742265155416,0.0193633102811036,0.00834263399925581,1,1.00577750660271,3450.8597357466,0,17398.1142857143,1,1,1,1,2018-10-31T15:10:21.674,20181031_ecoli_ARA_M1_50K,-0,-0,163.3,DIA_100X_EMPTY_1x1_200ms,,,
10,28,10.7121408459664,300,47.6900918852849,1330.87,1776.36333333333,NaN,NaN,NaN,NaN,NaN,NaN,NaN,NaN,NaN,NaN,NaN,NaN,NaN,NaN,NaN,278.363747309499,0.979640636209398,27.3327901313456,11.6144664374351,9.92672978686655,2.63392071443136,0.00479981051239495,0.00231614015944077,1,1.00015566397281,2115.36954993737,0,17102.4533333333,1,1,1,1,2018-10-31T15:10:21.674,20181031_ecoli_ARA_M1_50K,-0,-0,163.3,DIA_100X_EMPTY_1x1_200ms,,,
11,39,11.511842492297,449,49.5049501356546,1455.85077951002,855.04008908686,NaN,NaN,NaN,NaN,NaN,NaN,NaN,NaN,NaN,NaN,NaN,NaN,NaN,NaN,NaN,408.724616304999,0.925196038823828,38.732797479053,12.0437420698887,10.2478819055596,2.54843893403102,0.0222378436683167,0.0106857600903528,1,1.01248234912679,3194.75067469371,0,16463.1692650334,1,1,1,1,2018-10-31T15:10:21.674,20181031_ecoli_ARA_M1_50K,-0,-0,163.3,DIA_100X_EMPTY_1x1_200ms,,,
12,44,11.4806159634512,506,49.4620155873233,1755.5790513834,881.705533596838,NaN,NaN,NaN,NaN,NaN,NaN,NaN,NaN,NaN,NaN,NaN,NaN,NaN,NaN,NaN,466.400221602622,0.945490394080301,44.3970414828649,11.9328643704113,10.24676053198,2.34768566523735,0.00719781811355612,0.00363041816366967,1,1.00042840595192,3661.14631662111,0,16909.4150197628,1,1,1,1,2018-10-31T15:10:21.674,20181031_ecoli_ARA_M1_50K,-0,-0,163.3,DIA_100X_EMPTY_1x1_200ms,,,
13,30,10.8999787466913,327,47.7655780250448,1760.21100917431,593.489296636086,NaN,NaN,NaN,NaN,NaN,NaN,NaN,NaN,NaN,NaN,NaN,NaN,NaN,NaN,NaN,301.448144970506,0.984366599985565,29.7267063323934,11.4634844230933,9.88125426743783,2.61098782588424,0.00244095433175751,0.00103213442066688,2,1.00001601147875,2279.61141932672,0,17385.5596330275,1,1,1,1,2018-10-31T15:10:21.674,20181031_ecoli_ARA_M1_50K,-0,-0,163.3,DIA_100X_EMPTY_1x1_200ms,,,
14,45,11.2172425159403,505,49.5781094271068,1875.38811881188,1520.3900990099,NaN,NaN,NaN,NaN,NaN,NaN,NaN,NaN,NaN,NaN,NaN,NaN,NaN,NaN,NaN,464.474849052056,0.934049851466894,44.6202641862526,12.1189583119027,10.2090589812734,2.22888396470837,0.00727151481107264,0.00316047164913471,2,1.00096981364824,3652.52707971927,0,16884.1643564356,1,1,1,1,2018-10-31T15:10:21.674,20181031_ecoli_ARA_M1_50K,-0,-0,163.3,DIA_100X_EMPTY_1x1_200ms,,,
15,29,11.4652705429425,333,48.1549047039431,1901.70570570571,887.372372372372,NaN,NaN,NaN,NaN,NaN,NaN,NaN,NaN,NaN,NaN,NaN,NaN,NaN,NaN,NaN,300.242911042216,0.986922190146231,28.5707426855753,12.3447325044045,10.0047763993434,3.14579135568627,0.00516180638240274,0.00293465872117295,0,1.00047135588423,2246.08498669988,0,16953.1651651652,1,1,1,1,2018-10-31T15:10:21.674,20181031_ecoli_ARA_M1_50K,-0,-0,163.3,DIA_100X_EMPTY_1x1_200ms,,,
16,50,11.4243509863496,572,48.952318127433,2004.03496503497,1924.74475524476,NaN,NaN,NaN,NaN,NaN,NaN,NaN,NaN,NaN,NaN,NaN,NaN,NaN,NaN,NaN,514.640196354659,0.907553831343701,50.552741816195,11.764117127137,9.99111525223022,2.12105644089804,0.0109701570097105,0.00464713839049299,1,1.0041889718885,3963.35098595833,0,17196.9353146853,1,1,1,1,2018-10-31T15:10:21.674,20181031_ecoli_ARA_M1_50K,-0,-0,163.3,DIA_100X_EMPTY_1x1_200ms,,,
1,41,10.3558580070905,425,49.7330783684786,14.8282352941176,1008.89176470588,NaN,NaN,NaN,NaN,NaN,NaN,NaN,NaN,NaN,NaN,NaN,NaN,NaN,NaN,NaN,NaN,NaN,NaN,NaN,NaN,NaN,NaN,NaN,NaN,NaN,NaN,0,16769.1035294118,1,1,1,10,2018-10-31T15:10:42.956,20181031_ecoli_ARA_M1_50K,-1500,866,163.3,DIA_100X_EMPTY_1x1_200ms,,,
2,51,11.0771235669218,565,49.3725251418085,30.1522123893805,376.421238938053,NaN,NaN,NaN,NaN,NaN,NaN,NaN,NaN,NaN,NaN,NaN,NaN,NaN,NaN,NaN,511.576296035929,0.910448252071633,50.9857981889805,11.6251734345645,9.74840172796426,2.23255793158383,0.0131960747431543,0.00675750094777439,1,1.00411159943921,3805.44929797014,0,17351.9150442478,1,1,1,10,2018-10-31T15:10:42.956,20181031_ecoli_ARA_M1_50K,-1500,866,163.3,DIA_100X_EMPTY_1x1_200ms,,,
3,49,10.8765039182876,533,49.5203137189809,111.825515947467,118.136960600375,NaN,NaN,NaN,NaN,NaN,NaN,NaN,NaN,NaN,NaN,NaN,NaN,NaN,NaN,NaN,477.297110220736,0.939133432866765,48.4394053149799,11.5220247987242,9.63578346613386,2.11170913586336,0.800251122937703,0.0108431866266789,1,1.00070455666352,3532.34202433596,0,18210.0975609756,1,1,1,10,2018-10-31T15:10:42.956,20181031_ecoli_ARA_M1_50K,-1500,866,163.3,DIA_100X_EMPTY_1x1_200ms,,,
4,35,10.7494786063688,377,49.0041252736098,153.689655172414,1545.35543766578,NaN,NaN,NaN,NaN,NaN,NaN,NaN,NaN,NaN,NaN,NaN,NaN,NaN,NaN,NaN,340.738912860608,0.968621372355152,34.508386324875,11.3553533167978,9.58621942789358,2.4721131806783,0.00282801155470831,0.00141134412994393,1,1.00014697230035,2490.63028259209,0,17237.2015915119,1,1,1,10,2018-10-31T15:10:42.956,20181031_ecoli_ARA_M1_50K,-1500,866,163.3,DIA_100X_EMPTY_1x1_200ms,,,
5,27,11.6007964472771,314,43.7070182438367,209.824840764331,586.407643312102,NaN,NaN,NaN,NaN,NaN,NaN,NaN,NaN,NaN,NaN,NaN,NaN,NaN,NaN,NaN,281.370672692671,0.990089616598408,26.7009053345253,12.1386004137566,10.0730704710941,3.08973519281024,0.0142447614496552,0.0072985449870656,1,1.00266270031237,2127.84315666347,0,16977.9076433121,1,1,1,10,2018-10-31T15:10:42.956,20181031_ecoli_ARA_M1_50K,-1500,866,163.3,DIA_100X_EMPTY_1x1_200ms,,,
6,30,11.2398534403471,338,48.6851330424072,528.038461538462,617.934911242604,NaN,NaN,NaN,NaN,NaN,NaN,NaN,NaN,NaN,NaN,NaN,NaN,NaN,NaN,NaN,308.689195631992,0.978750893582151,29.9841350413946,11.8140904790833,9.95945978634702,2.72740387506488,0.00720176725532922,0.00281617183280381,1,1.00054332565591,2335.89314030929,0,17215.8195266272,1,1,1,10,2018-10-31T15:10:42.956,20181031_ecoli_ARA_M1_50K,-1500,866,163.3,DIA_100X_EMPTY_1x1_200ms,,,
7,29,11.6344640291047,338,48.5707064992099,528.807692307692,987.609467455621,NaN,NaN,NaN,NaN,NaN,NaN,NaN,NaN,NaN,NaN,NaN,NaN,NaN,NaN,NaN,310.171634646548,0.981630768357576,28.6337295169049,12.5265470880879,10.5254229636583,2.83598201016505,0.0121654582967278,0.00471520533631377,1,1.00098701007455,2491.41981072896,0,16380.8017751479,1,1,1,10,2018-10-31T15:10:42.956,20181031_ecoli_ARA_M1_50K,-1500,866,163.3,DIA_100X_EMPTY_1x1_200ms,,,
8,27,11.1789961863146,303,46.1690351891904,566.003300330033,401.372937293729,NaN,NaN,NaN,NaN,NaN,NaN,NaN,NaN,NaN,NaN,NaN,NaN,NaN,NaN,NaN,271.198937302279,0.990494968192071,26.5740655292255,11.6555365047222,9.86622547543785,2.82145222641234,0.00324161968741964,0.00140579079467088,1,1.00008712225364,2031.65497290064,0,17573.7656765677,1,1,1,10,2018-10-31T15:10:42.956,20181031_ecoli_ARA_M1_50K,-1500,866,163.3,DIA_100X_EMPTY_1x1_200ms,,,
9,25,10.3775240582959,260,45.5696962043617,605.588461538462,183.130769230769,NaN,NaN,NaN,NaN,NaN,NaN,NaN,NaN,NaN,NaN,NaN,NaN,NaN,NaN,NaN,237.404951021036,0.99977147117156,23.8023203522255,11.9819072311566,9.67661456771709,2.97524041849971,0.00417868837343799,0.0023791585493674,0,1.00021508331743,1750.47560661131,0,18166.4230769231,1,1,1,10,2018-10-31T15:10:42.956,20181031_ecoli_ARA_M1_50K,-1500,866,163.3,DIA_100X_EMPTY_1x1_200ms,,,
10,29,11.8935788160378,346,47.4388177753808,790.028901734104,1571.92196531792,NaN,NaN,NaN,NaN,NaN,NaN,NaN,NaN,NaN,NaN,NaN,NaN,NaN,NaN,NaN,308.16718660597,0.978538938740296,28.8387648050107,12.5004305884365,10.4363734269594,2.73544200653304,0.00910213755607851,0.00440478731083525,1,1.00107596697095,2466.9807300662,0,16228.8554913295,1,1,1,10,2018-10-31T15:10:42.956,20181031_ecoli_ARA_M1_50K,-1500,866,163.3,DIA_100X_EMPTY_1x1_200ms,,,
11,58,11.2501280855648,654,48.209796782217,831.201834862385,450.974006116208,NaN,NaN,NaN,NaN,NaN,NaN,NaN,NaN,NaN,NaN,NaN,NaN,NaN,NaN,NaN,580.013241902702,0.922771072090286,58.7654836921902,11.2357263263439,9.67005735644843,1.95305458566791,0.011278636311278,0.00439163541933868,2,1.00089542009144,4315.88929824454,0,17407.4571865443,1,1,1,10,2018-10-31T15:10:42.956,20181031_ecoli_ARA_M1_50K,-1500,866,163.3,DIA_100X_EMPTY_1x1_200ms,,,
12,32,11.4281965619687,366,48.2933037115503,1009.0737704918,279.412568306011,NaN,NaN,NaN,NaN,NaN,NaN,NaN,NaN,NaN,NaN,NaN,NaN,NaN,NaN,NaN,319.904643455474,0.97831743240543,31.4491855739589,11.9066152340012,9.9788771959495,2.5125368608857,0.00346025043782868,0.00124424105077834,2,1.00004910406769,2459.58955832741,0,17265.1775956284,1,1,1,10,2018-10-31T15:10:42.956,20181031_ecoli_ARA_M1_50K,-1500,866,163.3,DIA_100X_EMPTY_1x1_200ms,,,
13,39,11.3543783752169,443,49.4511163025083,1005.45598194131,1702.79006772009,NaN,NaN,NaN,NaN,NaN,NaN,NaN,NaN,NaN,NaN,NaN,NaN,NaN,NaN,NaN,389.534882109534,0.939621401904601,38.5412250354033,11.7310298977702,9.87038004019298,2.32626567634729,0.0128049304874997,0.00565721160191901,2,1.00328713981985,2949.05685443122,0,16700.8781038375,1,1,1,10,2018-10-31T15:10:42.956,20181031_ecoli_ARA_M1_50K,-1500,866,163.3,DIA_100X_EMPTY_1x1_200ms,,,
14,55,9.98236488829801,549,-49.9999999947286,1039.60837887067,1225.34426229508,NaN,NaN,NaN,NaN,NaN,NaN,NaN,NaN,NaN,NaN,NaN,NaN,NaN,NaN,NaN,668.082505638924,0.520010371514142,NaN,NaN,NaN,NaN,NaN,NaN,NaN,NaN,NaN,0,18902.2167577413,1,1,1,10,2018-10-31T15:10:42.956,20181031_ecoli_ARA_M1_50K,-1500,866,163.3,DIA_100X_EMPTY_1x1_200ms,,,
15,29,11.6550671914665,338,47.2575142847901,1049.63905325444,786.278106508876,NaN,NaN,NaN,NaN,NaN,NaN,NaN,NaN,NaN,NaN,NaN,NaN,NaN,NaN,NaN,309.549604322601,0.979078978324024,28.2342805625941,12.4387278460213,10.6812181264165,2.79405110036442,0.0100809714522969,0.00412873414842942,1,1.00050790060802,2529.92808092776,0,16413.6183431953,1,1,1,10,2018-10-31T15:10:42.956,20181031_ecoli_ARA_M1_50K,-1500,866,163.3,DIA_100X_EMPTY_1x1_200ms,,,
16,28,10.9266580841519,307,42.4051950433516,1078.75244299674,215.736156351792,NaN,NaN,NaN,NaN,NaN,NaN,NaN,NaN,NaN,NaN,NaN,NaN,NaN,NaN,NaN,280.897855439389,0.989621808948364,28.4543751984939,11.5650960517602,9.66323215082379,2.56829897544757,0.00366562548702063,0.00151892072395834,1,1.00006576526388,2086.81409586695,0,17775.5276872964,1,1,1,10,2018-10-31T15:10:42.956,20181031_ecoli_ARA_M1_50K,-1500,866,163.3,DIA_100X_EMPTY_1x1_200ms,,,
17,43,11.2289228239939,483,49.6095558854447,1107.18219461698,1034.73706004141,NaN,NaN,NaN,NaN,NaN,NaN,NaN,NaN,NaN,NaN,NaN,NaN,NaN,NaN,NaN,438.638817585838,0.942932196677764,42.5723194179421,11.8874803418261,10.0916161018487,2.22121215445328,0.00968927368835788,0.00521576608436062,2,1.00146205101248,3405.16872096085,0,16925.314699793,1,1,1,10,2018-10-31T15:10:42.956,20181031_ecoli_ARA_M1_50K,-1500,866,163.3,DIA_100X_EMPTY_1x1_200ms,,,
18,39,11.7455853059863,459,49.7327101547143,1285.38997821351,1701.63180827887,NaN,NaN,NaN,NaN,NaN,NaN,NaN,NaN,NaN,NaN,NaN,NaN,NaN,NaN,NaN,409.651555847379,0.964508688228417,38.7476649306154,11.9093334608231,10.375643108754,2.3781145553306,0.00819938542736365,0.00393532972979195,2,1.00097780103705,3276.16273950041,1,16824.5642701525,1,1,1,10,2018-10-31T15:10:42.956,20181031_ecoli_ARA_M1_50K,-1500,866,163.3,DIA_100X_EMPTY_1x1_200ms,,,
19,26,9.33949774707147,243,46.5963447189419,1284.20987654321,1688.13580246914,NaN,NaN,NaN,NaN,NaN,NaN,NaN,NaN,NaN,NaN,NaN,NaN,NaN,NaN,NaN,250.952737505477,0.992440499208018,25.4571506759799,11.3735743571243,9.46601014386584,2.90165411838693,0.00901886097547499,0.00469136132447183,1,1.00097148714716,1791.56927379158,1,17911.4362139918,1,1,1,10,2018-10-31T15:10:42.956,20181031_ecoli_ARA_M1_50K,-1500,866,163.3,DIA_100X_EMPTY_1x1_200ms,,,
20,24,10.9920705827277,265,41.669540056366,1419.99245283019,644.109433962264,NaN,NaN,NaN,NaN,NaN,NaN,NaN,NaN,NaN,NaN,NaN,NaN,NaN,NaN,NaN,237.536416403379,0.999729053902979,22.838405523032,12.2996375216405,10.0957275907946,3.06216047885104,0.00515853935899913,0.00287882104095247,0,1.00029064819077,1828.23032682858,0,17268.4679245283,1,1,1,10,2018-10-31T15:10:42.956,20181031_ecoli_ARA_M1_50K,-1500,866,163.3,DIA_100X_EMPTY_1x1_200ms,,,
21,33,11.4743133627234,379,49.2071598192929,1798.81266490765,892.928759894459,NaN,NaN,NaN,NaN,NaN,NaN,NaN,NaN,NaN,NaN,NaN,NaN,NaN,NaN,NaN,337.584684350007,0.969001617884037,32.0040730058892,12.004537157245,10.2273600097142,2.69209704521902,0.00899923939693771,0.00503924736608436,0,1.00176506211748,2629.19150943291,0,17153.0237467018,1,1,1,10,2018-10-31T15:10:42.956,20181031_ecoli_ARA_M1_50K,-1500,866,163.3,DIA_100X_EMPTY_1x1_200ms,,,
1,47,11.2062581602791,527,49.2089120739967,21.2903225806452,1888.58823529412,NaN,NaN,NaN,NaN,NaN,NaN,NaN,NaN,NaN,NaN,NaN,NaN,NaN,NaN,NaN,454.151718261168,0.925684365403459,46.0412610214548,11.4307643000406,9.56373402643449,2.30018941615217,0.00595692181125219,0.00254016823802883,2,1.0001351627609,3307.44073210568,0,17681.3282732448,1,1,1,38,2018-10-31T15:11:48.063,20181031_ecoli_ARA_M1_50K,1000,3464,163.3,DIA_100X_EMPTY_1x1_200ms,,,
2,40,10.6019084754349,424,49.0584451461465,46.9834905660377,1104.97169811321,NaN,NaN,NaN,NaN,NaN,NaN,NaN,NaN,NaN,NaN,NaN,NaN,NaN,NaN,NaN,401.49843411179,0.906060627886831,39.8947080594956,11.8171744418818,9.81144849044557,2.30372008497794,0.0246368037193335,0.0117667419235088,2,1.01658938910227,3016.27843467355,0,16799.1202830189,1,1,1,38,2018-10-31T15:11:48.063,20181031_ecoli_ARA_M1_50K,1000,3464,163.3,DIA_100X_EMPTY_1x1_200ms,,,
3,40,11.0700161763634,443,49.4025737148269,59.5959367945824,325.352144469526,NaN,NaN,NaN,NaN,NaN,NaN,NaN,NaN,NaN,NaN,NaN,NaN,NaN,NaN,NaN,407.553458632588,0.934499055348797,40.1638736514384,11.7077808295073,9.95112991862373,2.21592047233991,0.0217343965761088,0.00974707495685989,1,1.0079682581356,3123.70682240127,0,17497.0474040632,1,1,1,38,2018-10-31T15:11:48.063,20181031_ecoli_ARA_M1_50K,1000,3464,163.3,DIA_100X_EMPTY_1x1_200ms,,,
4,29,10.6661494849318,310,48.6026125846611,186.31935483871,568.696774193548,NaN,NaN,NaN,NaN,NaN,NaN,NaN,NaN,NaN,NaN,NaN,NaN,NaN,NaN,NaN,294.945845373806,0.989435547132092,28.5434290098356,11.9960100652282,9.99882837008683,2.79100505874428,0.00280254777858969,0.00121835995658259,1,1.00004536991306,2241.2703919388,0,17054.9741935484,1,1,1,38,2018-10-31T15:11:48.063,20181031_ecoli_ARA_M1_50K,1000,3464,163.3,DIA_100X_EMPTY_1x1_200ms,,,
5,46,12.695419872876,584,49.4023020500793,367.779109589041,1774.20034246575,NaN,NaN,NaN,NaN,NaN,NaN,NaN,NaN,NaN,NaN,NaN,NaN,NaN,NaN,NaN,488.383804378051,0.919504408625033,45.3592122037484,12.6683697884003,10.6128874961637,2.30321724318414,0.0128387676623067,0.00653386870339926,1,1.00544669439573,4012.56892421595,0,16723.5582191781,1,1,1,38,2018-10-31T15:11:48.063,20181031_ecoli_ARA_M1_50K,1000,3464,163.3,DIA_100X_EMPTY_1x1_200ms,,,
6,36,11.3446692379021,409,48.9144126780941,470.567237163814,241.251833740831,NaN,NaN,NaN,NaN,NaN,NaN,NaN,NaN,NaN,NaN,NaN,NaN,NaN,NaN,NaN,360.030852682866,0.970951580080618,35.5917969544453,11.5114280363825,9.86698275580692,2.3635302358131,0.00332292556566816,0.00165395225044173,2,1.00008062988037,2721.50122999437,0,17487.2249388753,1,1,1,38,2018-10-31T15:11:48.063,20181031_ecoli_ARA_M1_50K,1000,3464,163.3,DIA_100X_EMPTY_1x1_200ms,,,
7,37,11.9799302908205,445,47.8784757746799,506.195505617978,1077.0606741573,NaN,NaN,NaN,NaN,NaN,NaN,NaN,NaN,NaN,NaN,NaN,NaN,NaN,NaN,NaN,410.516559960253,0.952449480767462,38.0166562671022,12.2983210435407,10.5495453147048,2.50359717569791,0.0155244052471658,0.00980146580345116,0,1.00773447023954,3323.00719299533,0,15860.5370786517,1,1,1,38,2018-10-31T15:11:48.063,20181031_ecoli_ARA_M1_50K,1000,3464,163.3,DIA_100X_EMPTY_1x1_200ms,,,
8,32,11.2130286697286,362,47.0551171378676,508.091160220994,1192.51104972376,NaN,NaN,NaN,NaN,NaN,NaN,NaN,NaN,NaN,NaN,NaN,NaN,NaN,NaN,NaN,341.715264094626,0.966411274318202,33.2830349639152,12.1088900525607,10.042984212541,2.48460160787668,0.00445639446850117,0.0018987852701767,0,1.00024860345706,2636.56427135132,0,16718.9696132597,1,1,1,38,2018-10-31T15:11:48.063,20181031_ecoli_ARA_M1_50K,1000,3464,163.3,DIA_100X_EMPTY_1x1_200ms,,,
9,40,10.9003245814999,436,49.6453876966647,1306.63532110092,1020.08944954128,NaN,NaN,NaN,NaN,NaN,NaN,NaN,NaN,NaN,NaN,NaN,NaN,NaN,NaN,NaN,406.816370987799,0.948485452095094,39.4514216844318,11.9450524914597,10.1521039252379,2.22467393601562,0.0108960223700683,0.0058446014839895,0,1.00365230713918,3193.48329983696,0,16528.4770642202,1,1,1,38,2018-10-31T15:11:48.063,20181031_ecoli_ARA_M1_50K,1000,3464,163.3,DIA_100X_EMPTY_1x1_200ms,,,
10,34,11.5067354667572,392,47.343485715037,1477.83163265306,620.573979591837,NaN,NaN,NaN,NaN,NaN,NaN,NaN,NaN,NaN,NaN,NaN,NaN,NaN,NaN,NaN,355.486078146855,0.965033374507534,34.5527402544509,11.9510725922759,10.0205760799282,2.53964499045466,0.0070901592211944,0.00264827450272778,0,1.00043556345678,2724.94509573194,0,17011.2474489796,1,1,1,38,2018-10-31T15:11:48.063,20181031_ecoli_ARA_M1_50K,1000,3464,163.3,DIA_100X_EMPTY_1x1_200ms,,,
11,45,12.3967883419098,558,49.5850758860099,1923.72043010753,1124.96774193548,NaN,NaN,NaN,NaN,NaN,NaN,NaN,NaN,NaN,NaN,NaN,NaN,NaN,NaN,NaN,488.546875936003,0.940266774918766,44.3938362503262,12.5218763428953,10.7365540450559,2.48233337890647,0.0752637765427332,0.00560616955114641,0,1.00217879009049,4019.22562195117,0,15957.7652329749,1,1,1,38,2018-10-31T15:11:48.063,20181031_ecoli_ARA_M1_50K,1000,3464,163.3,DIA_100X_EMPTY_1x1_200ms,,,
1,44,11.2648176889358,496,49.6482700021364,101.711693548387,1844.80040322581,NaN,NaN,NaN,NaN,NaN,NaN,NaN,NaN,NaN,NaN,NaN,NaN,NaN,NaN,NaN,436.359885494251,0.935271681176862,43.186044689922,11.9146594312001,9.92072971587647,2.19397529393,0.0112404490744836,0.00550715249922164,0,1.00291164987225,3338.26298234918,0,19327.2459677419,1,1,1,39,2018-10-31T15:11:50.375,20181031_ecoli_ARA_M1_50K,-0,3464,163.3,DIA_100X_EMPTY_1x1_200ms,,,
2,36,10.8508321129098,391,48.2411523641944,117.061381074169,1199.80051150895,NaN,NaN,NaN,NaN,NaN,NaN,NaN,NaN,NaN,NaN,NaN,NaN,NaN,NaN,NaN,366.797157849127,0.954511326567863,36.417395502735,12.1703408671137,9.78917198762242,2.47286056533384,0.0526164864717416,0.00435567535180246,1,1.00078422523809,2740.88416380091,0,19644.0281329923,1,1,1,39,2018-10-31T15:11:50.375,20181031_ecoli_ARA_M1_50K,-0,3464,163.3,DIA_100X_EMPTY_1x1_200ms,,,
3,30,11.1279286104077,334,48.1440897492599,121.479041916168,1079.41616766467,NaN,NaN,NaN,NaN,NaN,NaN,NaN,NaN,NaN,NaN,NaN,NaN,NaN,NaN,NaN,310.059792455029,0.961727507460082,29.8300171492887,12.0806012285013,10.0210447955979,2.77084571246837,0.0121973760306778,0.0046527941979526,1,1.00108233814309,2352.71537929164,0,19464.1856287425,1,1,1,39,2018-10-31T15:11:50.375,20181031_ecoli_ARA_M1_50K,-0,3464,163.3,DIA_100X_EMPTY_1x1_200ms,,,
4,44,10.8903570596665,480,49.4433308548917,371.391666666667,1261.29791666667,NaN,NaN,NaN,NaN,NaN,NaN,NaN,NaN,NaN,NaN,NaN,NaN,NaN,NaN,NaN,446.904972486096,0.945254488758754,44.6022830078652,11.584207991864,9.8222052533326,2.16130128850309,0.00996087404471691,0.00469614839753648,1,1.00281414622171,3379.59750616675,0,19087.1875,1,1,1,39,2018-10-31T15:11:50.375,20181031_ecoli_ARA_M1_50K,-0,3464,163.3,DIA_100X_EMPTY_1x1_200ms,,,
5,45,11.8751099850773,537,49.4742752725926,449.262569832402,630.905027932961,NaN,NaN,NaN,NaN,NaN,NaN,NaN,NaN,NaN,NaN,NaN,NaN,NaN,NaN,NaN,454.664985549849,0.946358092643741,44.403911887314,11.9739120637645,9.98825436619677,2.36015550000479,0.00675450360244535,0.00301443272034814,2,1.00018645165086,3479.28737466562,0,19620.7057728119,1,1,1,39,2018-10-31T15:11:50.375,20181031_ecoli_ARA_M1_50K,-0,3464,163.3,DIA_100X_EMPTY_1x1_200ms,,,
6,40,11.6724098475069,467,49.4756481840696,580.336188436831,575.661670235546,NaN,NaN,NaN,NaN,NaN,NaN,NaN,NaN,NaN,NaN,NaN,NaN,NaN,NaN,NaN,402.997468587099,0.965811502208986,38.6606343708158,11.828822682311,10.2041861917009,2.37628434951256,0.00297385336261232,0.000999228418911771,3,1.00002313977987,3161.66321329545,0,18994.7537473233,1,1,1,39,2018-10-31T15:11:50.375,20181031_ecoli_ARA_M1_50K,-0,3464,163.3,DIA_100X_EMPTY_1x1_200ms,,,
7,28,11.6635720315936,328,45.906955148067,777.603658536585,1852.99695121951,NaN,NaN,NaN,NaN,NaN,NaN,NaN,NaN,NaN,NaN,NaN,NaN,NaN,NaN,NaN,285.335341220587,0.986005681800174,27.7374120733429,11.9254395176483,10.0063600447913,2.7038268167877,0.00190096066834395,0.000854288298620871,1,1.00002424334905,2181.26319156905,0,18514.3567073171,1,1,1,39,2018-10-31T15:11:50.375,20181031_ecoli_ARA_M1_50K,-0,3464,163.3,DIA_100X_EMPTY_1x1_200ms,,,
8,43,11.5231321098508,497,48.9744131739542,806.609657947686,582.116700201207,NaN,NaN,NaN,NaN,NaN,NaN,NaN,NaN,NaN,NaN,NaN,NaN,NaN,NaN,NaN,434.845611167347,0.933484207497528,43.3265867870579,11.5650605975331,9.78082386555493,2.2859388454944,0.0129412543709857,0.00751767302483492,1,1.00176529349803,3255.33160662122,0,20069.2334004024,1,1,1,39,2018-10-31T15:11:50.375,20181031_ecoli_ARA_M1_50K,-0,3464,163.3,DIA_100X_EMPTY_1x1_200ms,,,
9,31,11.8052358604825,366,48.8641055827529,959.199453551913,2015.89344262295,NaN,NaN,NaN,NaN,NaN,NaN,NaN,NaN,NaN,NaN,NaN,NaN,NaN,NaN,NaN,302.99625578752,0.987599181802582,28.9981330603059,11.8577543553057,10.1049914077671,2.82502181253584,0.00793660921086295,0.00343907603353686,1,1.0002534058163,2325.58285408477,0,18691.2131147541,1,1,1,39,2018-10-31T15:11:50.375,20181031_ecoli_ARA_M1_50K,-0,3464,163.3,DIA_100X_EMPTY_1x1_200ms,,,
10,40,11.5858114978661,464,49.4477819081018,1331.27370689655,1367.01077586207,NaN,NaN,NaN,NaN,NaN,NaN,NaN,NaN,NaN,NaN,NaN,NaN,NaN,NaN,NaN,414.031078562082,0.958034484681594,40.056326984496,11.8063206821615,10.1010112825763,2.30873105851261,0.00886148943912818,0.00469933375375064,1,1.00100347706206,3209.89419510054,0,17874.900862069,1,1,1,39,2018-10-31T15:11:50.375,20181031_ecoli_ARA_M1_50K,-0,3464,163.3,DIA_100X_EMPTY_1x1_200ms,,,
11,55,9.57966483194719,527,25.8023761059407,1381.94686907021,777.144212523719,NaN,NaN,NaN,NaN,NaN,NaN,NaN,NaN,NaN,NaN,NaN,NaN,NaN,NaN,NaN,512.61935428125,0.868650298151881,54.8203166838174,11.3697194540757,9.23348356021528,2.1477932643047,0.0153678113232455,0.00421775442064956,2,1.00272767676934,3670.81571230772,0,20028.9278937381,1,1,1,39,2018-10-31T15:11:50.375,20181031_ecoli_ARA_M1_50K,-0,3464,163.3,DIA_100X_EMPTY_1x1_200ms,,,
12,48,11.5073336209291,553,49.4586814566962,1438.11754068716,1420.09584086799,NaN,NaN,NaN,NaN,NaN,NaN,NaN,NaN,NaN,NaN,NaN,NaN,NaN,NaN,NaN,499.179607194722,0.934337893135482,48.7555653698379,11.6680060593035,10.0817115020672,2.03775023421215,0.0104676994343282,0.00427879748426619,2,1.00237752727801,3892.08762542785,0,18256.9095840868,1,1,1,39,2018-10-31T15:11:50.375,20181031_ecoli_ARA_M1_50K,-0,3464,163.3,DIA_100X_EMPTY_1x1_200ms,,,
13,45,11.6830297712525,526,49.5374034184016,1497.30418250951,1608.54942965779,NaN,NaN,NaN,NaN,NaN,NaN,NaN,NaN,NaN,NaN,NaN,NaN,NaN,NaN,NaN,466.291763967574,0.940581935425374,44.8258297928716,11.8928648552306,10.13351459654,2.33756836882652,0.111499536615094,0.00494595598334745,1,1.00045976149152,3615.25065865368,0,17829.6596958175,1,1,1,39,2018-10-31T15:11:50.375,20181031_ecoli_ARA_M1_50K,-0,3464,163.3,DIA_100X_EMPTY_1x1_200ms,,,
14,30,10.6650235640253,320,48.7921086347289,1499.53125,1031.340625,NaN,NaN,NaN,NaN,NaN,NaN,NaN,NaN,NaN,NaN,NaN,NaN,NaN,NaN,NaN,295.179648859883,0.983140157188017,29.2944653474483,11.7765814002844,9.83735215483745,2.56612775835343,0.00728794516242861,0.0030345001152862,1,1.00015741289502,2226.54713984791,0,18941.259375,1,1,1,39,2018-10-31T15:11:50.375,20181031_ecoli_ARA_M1_50K,-0,3464,163.3,DIA_100X_EMPTY_1x1_200ms,,,
15,40,12.0029307967107,480,49.6081332111605,1520.25625,1913.84375,NaN,NaN,NaN,NaN,NaN,NaN,NaN,NaN,NaN,NaN,NaN,NaN,NaN,NaN,NaN,400.646621616477,0.955503305759676,38.3769809442529,11.9391205791562,10.1457060200207,2.48024537082034,0.0846841000364753,0.00222023721725053,2,1.00003992143388,3102.59605626899,0,18108.8354166667,1,1,1,39,2018-10-31T15:11:50.375,20181031_ecoli_ARA_M1_50K,-0,3464,163.3,DIA_100X_EMPTY_1x1_200ms,,,
16,27,10.6351140754775,287,43.8349337616831,1512.91289198606,1311.11149825784,NaN,NaN,NaN,NaN,NaN,NaN,NaN,NaN,NaN,NaN,NaN,NaN,NaN,NaN,NaN,272.306564751336,0.988444138861512,26.5378847734761,12.0966600691518,9.90118552700259,2.86588529812122,0.00459396441664667,0.00205991066001964,1,1.00012046103457,2043.29269382837,0,18270.7421602787,1,1,1,39,2018-10-31T15:11:50.375,20181031_ecoli_ARA_M1_50K,-0,3464,163.3,DIA_100X_EMPTY_1x1_200ms,,,
17,41,11.029872583279,453,49.4105473275131,1646.69757174393,1174.6357615894,NaN,NaN,NaN,NaN,NaN,NaN,NaN,NaN,NaN,NaN,NaN,NaN,NaN,NaN,NaN,418.478751249597,0.955874557535684,41.7014838180812,11.5389427643038,9.8459590964069,2.19000978351719,0.00703688988536896,0.00236991236942369,3,1.00055186538097,3175.1002640331,0,18137.1390728477,1,1,1,39,2018-10-31T15:11:50.375,20181031_ecoli_ARA_M1_50K,-0,3464,163.3,DIA_100X_EMPTY_1x1_200ms,,,
18,26,12.5863315747444,328,35.8632518748984,1977.25914634146,1657.96951219512,NaN,NaN,NaN,NaN,NaN,NaN,NaN,NaN,NaN,NaN,NaN,NaN,NaN,NaN,NaN,274.137061504914,0.994332821511012,25.522525852518,12.4784134585588,10.1510117557817,3.39947498689844,0.0435808257040378,0.002477735107156,1,1.0000686863173,2065.53327272363,0,17807.4542682927,1,1,1,39,2018-10-31T15:11:50.375,20181031_ecoli_ARA_M1_50K,-0,3464,163.3,DIA_100X_EMPTY_1x1_200ms,,,
19,38,10.9316771188611,420,49.3280226282078,1989.84761904762,44.4642857142857,NaN,NaN,NaN,NaN,NaN,NaN,NaN,NaN,NaN,NaN,NaN,NaN,NaN,NaN,NaN,369.552584074242,0.94492446172582,37.7742481535871,11.2743352872225,9.4827137333083,2.41598661088078,2.15828258811799,0.0349899759475411,2,1.00333459253879,2667.78600978402,0,20467.8904761905,1,1,1,39,2018-10-31T15:11:50.375,20181031_ecoli_ARA_M1_50K,-0,3464,163.3,DIA_100X_EMPTY_1x1_200ms,,,
1,33,10.524835077559,348,49.2192736861506,17.6954022988506,421.33908045977,NaN,NaN,NaN,NaN,NaN,NaN,NaN,NaN,NaN,NaN,NaN,NaN,NaN,NaN,NaN,317.479303049458,0.978690925721924,32.356704821845,11.5665483059947,9.60810805712844,2.41196401433836,0.00254272548365899,0.00101154509695532,1,1.00006741854173,2346.01036081246,0,17989.3304597701,1,1,1,61,2018-10-31T15:12:41.559,20181031_ecoli_ARA_M1_50K,2000,3464,163.3,DIA_100X_EMPTY_1x1_200ms,,,
2,52,11.0185969440884,573,49.2867140428104,476.212914485166,482.068062827225,NaN,NaN,NaN,NaN,NaN,NaN,NaN,NaN,NaN,NaN,NaN,NaN,NaN,NaN,NaN,509.787844897501,0.898476741906097,51.1129423542618,11.5292968360062,9.80734476000301,1.98985147648312,0.013405118328842,0.00607481996706884,2,1.00712435476436,3861.21201019879,0,17688.5479930192,1,1,1,61,2018-10-31T15:12:41.559,20181031_ecoli_ARA_M1_50K,2000,3464,163.3,DIA_100X_EMPTY_1x1_200ms,,,
3,35,10.5395125230706,369,49.4929929747157,522.151761517615,308.780487804878,NaN,NaN,NaN,NaN,NaN,NaN,NaN,NaN,NaN,NaN,NaN,NaN,NaN,NaN,NaN,336.535056017944,0.96975874836376,34.4328695603066,11.1173177331333,9.5953277921845,2.21349981150907,0.0101128581181759,0.00456635142964856,1,1.00166135503123,2489.90472767865,0,18524.9810298103,1,1,1,61,2018-10-31T15:12:41.559,20181031_ecoli_ARA_M1_50K,2000,3464,163.3,DIA_100X_EMPTY_1x1_200ms,,,
4,46,10.9488340832055,504,49.2110628239264,559.462301587302,846.178571428571,NaN,NaN,NaN,NaN,NaN,NaN,NaN,NaN,NaN,NaN,NaN,NaN,NaN,NaN,NaN,463.518280441736,0.892895333366689,46.7018212519717,11.4290462248078,9.76518217164868,1.98905110812965,0.0201128820877756,0.00796897374709692,2,1.00762872103691,3497.71482488927,0,17661.6666666667,1,1,1,61,2018-10-31T15:12:41.559,20181031_ecoli_ARA_M1_50K,2000,3464,163.3,DIA_100X_EMPTY_1x1_200ms,,,
5,28,11.8214649192991,332,44.3962654492556,576.596385542169,1465.04819277108,NaN,NaN,NaN,NaN,NaN,NaN,NaN,NaN,NaN,NaN,NaN,NaN,NaN,NaN,NaN,300.22512263924,0.98482171027238,28.09505124956,12.4530500948442,10.3632070724755,2.84106669180975,0.00490306928590899,0.00210633567245278,1,1.00008907969622,2369.78017641073,0,16881.8644578313,1,1,1,61,2018-10-31T15:12:41.559,20181031_ecoli_ARA_M1_50K,2000,3464,163.3,DIA_100X_EMPTY_1x1_200ms,,,
6,28,10.8855199624062,305,48.2550411242627,612.655737704918,802.373770491803,NaN,NaN,NaN,NaN,NaN,NaN,NaN,NaN,NaN,NaN,NaN,NaN,NaN,NaN,NaN,277.194209640573,0.989962355001969,27.0640034877471,11.8019583371378,9.91131041811933,2.80578129624476,0.00742661605519373,0.00329214793515562,1,1.00047562505298,2088.06531172761,0,17209.6885245902,1,1,1,61,2018-10-31T15:12:41.559,20181031_ecoli_ARA_M1_50K,2000,3464,163.3,DIA_100X_EMPTY_1x1_200ms,,,
7,26,11.2691801644873,293,45.2768836721643,638.18771331058,1247.96245733788,NaN,NaN,NaN,NaN,NaN,NaN,NaN,NaN,NaN,NaN,NaN,NaN,NaN,NaN,NaN,283.515836791865,0.981825697949178,26.1235541766962,12.7050442783034,10.3285104545671,3.29175207948198,0.0192528257302412,0.00485053036883677,0,1.00096230346354,2188.75691796459,1,17293.5631399317,1,1,1,61,2018-10-31T15:12:41.559,20181031_ecoli_ARA_M1_50K,2000,3464,163.3,DIA_100X_EMPTY_1x1_200ms,,,
8,45,11.3590643497234,512,49.5437221486309,651.216796875,1252.8671875,NaN,NaN,NaN,NaN,NaN,NaN,NaN,NaN,NaN,NaN,NaN,NaN,NaN,NaN,NaN,479.237689302565,0.95368395188488,45.4594900821157,12.0210919019805,10.3088143917883,2.34122311443601,0.0103600772626141,0.00249558804536099,3,1.00079003837689,3794.30188802281,1,17557.701171875,1,1,1,61,2018-10-31T15:12:41.559,20181031_ecoli_ARA_M1_50K,2000,3464,163.3,DIA_100X_EMPTY_1x1_200ms,,,
9,36,11.4861377743082,415,47.9292658727138,755.26265060241,199.995180722892,NaN,NaN,NaN,NaN,NaN,NaN,NaN,NaN,NaN,NaN,NaN,NaN,NaN,NaN,NaN,365.104296977216,0.949190800189449,36.2299857811203,11.4826788645203,9.87427315613038,2.25157227630701,0.0149638174454454,0.00486197645155323,2,1.00166442377323,2774.39516661158,0,18467.3855421687,1,1,1,61,2018-10-31T15:12:41.559,20181031_ecoli_ARA_M1_50K,2000,3464,163.3,DIA_100X_EMPTY_1x1_200ms,,,
10,28,11.8567521330036,332,47.0219878050383,935.933734939759,1958.94277108434,NaN,NaN,NaN,NaN,NaN,NaN,NaN,NaN,NaN,NaN,NaN,NaN,NaN,NaN,NaN,284.418999273265,0.988543785048113,26.9884435746809,12.0993058807828,10.1497359172866,3.01989644051521,0.00383305051028392,0.00199463487861894,1,1.0000721657676,2183.62071753781,0,16682.1234939759,1,1,1,61,2018-10-31T15:12:41.559,20181031_ecoli_ARA_M1_50K,2000,3464,163.3,DIA_100X_EMPTY_1x1_200ms,,,
11,30,11.4049170435289,343,47.2708312516477,939.650145772595,594.737609329446,NaN,NaN,NaN,NaN,NaN,NaN,NaN,NaN,NaN,NaN,NaN,NaN,NaN,NaN,NaN,305.0843372714,0.979196674425726,29.4304445252546,12.0341210526503,10.1492430668757,2.58250882516651,0.00109794986074449,0.000376973939490282,3,1.00000253637272,2380.97047792035,0,17591.8688046647,1,1,1,61,2018-10-31T15:12:41.559,20181031_ecoli_ARA_M1_50K,2000,3464,163.3,DIA_100X_EMPTY_1x1_200ms,,,
12,40,11.2081593941103,449,49.3965124258978,967.24276169265,1541.52783964365,NaN,NaN,NaN,NaN,NaN,NaN,NaN,NaN,NaN,NaN,NaN,NaN,NaN,NaN,NaN,407.271082149045,0.941181976370668,39.9448513498544,11.8905744436762,10.0390410494648,2.14706738444692,0.00989403469652501,0.00358825214705711,2,1.00097225904503,3161.80550161519,0,17105.1781737194,1,1,1,61,2018-10-31T15:12:41.559,20181031_ecoli_ARA_M1_50K,2000,3464,163.3,DIA_100X_EMPTY_1x1_200ms,,,
13,32,11.860035005604,380,45.3559069896395,993.142105263158,1678.91578947368,NaN,NaN,NaN,NaN,NaN,NaN,NaN,NaN,NaN,NaN,NaN,NaN,NaN,NaN,NaN,341.85246473777,0.966618290583235,32.4765250663543,11.9840373365564,10.2035148404396,2.69083809680359,0.00536722080685402,0.00282212012118587,1,1.00055389326189,2655.57784401002,0,16845.4236842105,1,1,1,61,2018-10-31T15:12:41.559,20181031_ecoli_ARA_M1_50K,2000,3464,163.3,DIA_100X_EMPTY_1x1_200ms,,,
14,28,11.4067225399035,320,46.0891973823716,1056.371875,282.70625,NaN,NaN,NaN,NaN,NaN,NaN,NaN,NaN,NaN,NaN,NaN,NaN,NaN,NaN,NaN,278.521094563565,0.991922632275551,27.1289862392493,11.7742769819919,9.78005384010141,3.09325267052793,0.010904696645376,0.00356267742345044,1,1.00042515987486,2038.00825075376,0,17840.565625,1,1,1,61,2018-10-31T15:12:41.559,20181031_ecoli_ARA_M1_50K,2000,3464,163.3,DIA_100X_EMPTY_1x1_200ms,,,
15,54,11.4547887002404,619,48.9328426583133,1077.03069466882,1826.92568659128,NaN,NaN,NaN,NaN,NaN,NaN,NaN,NaN,NaN,NaN,NaN,NaN,NaN,NaN,NaN,538.821913585698,0.916066920406405,53.9587457433646,11.7650237423048,9.79983155808324,1.99123126769125,0.0111561744993738,0.00617922589097062,1,1.00195420652918,4069.94883360791,0,17294.5880452342,1,1,1,61,2018-10-31T15:12:41.559,20181031_ecoli_ARA_M1_50K,2000,3464,163.3,DIA_100X_EMPTY_1x1_200ms,,,
16,24,11.6360365316385,281,34.9863103553027,1096.97153024911,363.327402135231,NaN,NaN,NaN,NaN,NaN,NaN,NaN,NaN,NaN,NaN,NaN,NaN,NaN,NaN,NaN,245.170656614515,0.998484056176119,24.1044862176456,11.9601801981048,9.81004747083686,3.01827228936668,0.0081723095341192,0.00367706335858881,1,1.00054995853869,1821.92283150505,0,18034.7580071174,1,1,1,61,2018-10-31T15:12:41.559,20181031_ecoli_ARA_M1_50K,2000,3464,163.3,DIA_100X_EMPTY_1x1_200ms,,,
17,28,11.7433646168035,330,36.606832059928,1230.3303030303,1331.70303030303,NaN,NaN,NaN,NaN,NaN,NaN,NaN,NaN,NaN,NaN,NaN,NaN,NaN,NaN,NaN,301.216551138282,0.978367966113748,28.7428281255773,12.0974377774347,10.2124649705295,2.74894011984698,0.00917988984513826,0.00426693331925997,1,1.00111797216039,2354.40157197771,0,17013.1575757576,1,1,1,61,2018-10-31T15:12:41.559,20181031_ecoli_ARA_M1_50K,2000,3464,163.3,DIA_100X_EMPTY_1x1_200ms,,,
18,34,11.8021393396468,402,48.2049753859129,1249.40298507463,1556.16666666667,NaN,NaN,NaN,NaN,NaN,NaN,NaN,NaN,NaN,NaN,NaN,NaN,NaN,NaN,NaN,358.044806996745,0.970860965470487,34.2066311619145,11.8910078152352,10.0831401934125,2.7483289348679,0.0241210788863301,0.00238540924821332,1,1.0002198126065,2731.44083169788,0,16546.1044776119,1,1,1,61,2018-10-31T15:12:41.559,20181031_ecoli_ARA_M1_50K,2000,3464,163.3,DIA_100X_EMPTY_1x1_200ms,,,
19,41,11.8563781624702,491,47.5905364481596,1295.59877800407,1150.37678207739,NaN,NaN,NaN,NaN,NaN,NaN,NaN,NaN,NaN,NaN,NaN,NaN,NaN,NaN,NaN,441.003761307302,0.930635144716362,42.1105325376782,12.0090897018807,10.2600755738237,2.28483682469426,0.0210456559811334,0.00813895599288247,2,1.00638623421601,3481.62293379063,0,16841.4460285132,1,1,1,61,2018-10-31T15:12:41.559,20181031_ecoli_ARA_M1_50K,2000,3464,163.3,DIA_100X_EMPTY_1x1_200ms,,,
20,33,11.6680157820512,385,49.5454736960355,1449.18961038961,926.298701298701,NaN,NaN,NaN,NaN,NaN,NaN,NaN,NaN,NaN,NaN,NaN,NaN,NaN,NaN,NaN,342.173252387979,0.977350246367356,32.0960377170035,12.1186196932653,10.2134523709495,2.97017481873492,0.00298766484655584,0.00102072546237583,1,1.0000168925983,2629.58030910347,0,16726.2363636364,1,1,1,61,2018-10-31T15:12:41.559,20181031_ecoli_ARA_M1_50K,2000,3464,163.3,DIA_100X_EMPTY_1x1_200ms,,,
21,27,12.1925150590706,329,45.8638455069334,1457.76291793313,764.729483282675,NaN,NaN,NaN,NaN,NaN,NaN,NaN,NaN,NaN,NaN,NaN,NaN,NaN,NaN,NaN,283.039234296559,0.993388986672201,26.3366351374182,12.2547199070319,10.4818391530912,2.86448918254096,0.015099077325989,0.00843784897928652,0,1.00323648454139,2272.61124157127,0,17054.6930091185,1,1,1,61,2018-10-31T15:12:41.559,20181031_ecoli_ARA_M1_50K,2000,3464,163.3,DIA_100X_EMPTY_1x1_200ms,,,
22,28,11.7101870452135,328,47.1244054363552,1500.84756097561,884.298780487805,NaN,NaN,NaN,NaN,NaN,NaN,NaN,NaN,NaN,NaN,NaN,NaN,NaN,NaN,NaN,287.621861400176,0.986416727253753,26.5807597515374,12.3995017087165,10.4628662492403,2.96198956945593,0.00525037119633196,0.00264851594981696,1,1.00010815318879,2285.3810328146,0,16683.6097560976,1,1,1,61,2018-10-31T15:12:41.559,20181031_ecoli_ARA_M1_50K,2000,3464,163.3,DIA_100X_EMPTY_1x1_200ms,,,
23,31,10.9380767229419,340,48.5842407994635,1546.95882352941,311.491176470588,NaN,NaN,NaN,NaN,NaN,NaN,NaN,NaN,NaN,NaN,NaN,NaN,NaN,NaN,NaN,302.561709408635,0.991980297057268,30.4666793711737,11.1376845924244,9.73498026336527,2.43376809986774,0.000874675229675925,0.000307154073378116,2,1.00000395412662,2267.69767202065,0,18055.9088235294,1,1,1,61,2018-10-31T15:12:41.559,20181031_ecoli_ARA_M1_50K,2000,3464,163.3,DIA_100X_EMPTY_1x1_200ms,,,
24,34,11.2788224321079,384,46.3386043928764,1604.22395833333,388.768229166667,NaN,NaN,NaN,NaN,NaN,NaN,NaN,NaN,NaN,NaN,NaN,NaN,NaN,NaN,NaN,341.152216999122,0.972434897099822,34.1945881169521,11.4013996120464,9.6153834581643,2.64443354644264,0.0183086354606562,0.0017193323832431,1,1.00008696603519,2483.0214719684,0,18203.96875,1,1,1,61,2018-10-31T15:12:41.559,20181031_ecoli_ARA_M1_50K,2000,3464,163.3,DIA_100X_EMPTY_1x1_200ms,,,
25,44,11.2064075243931,493,49.455249376719,1710.5476673428,999.876267748479,NaN,NaN,NaN,NaN,NaN,NaN,NaN,NaN,NaN,NaN,NaN,NaN,NaN,NaN,NaN,452.977416108949,0.931154961306979,43.8962719490091,11.7548783968494,10.0767112140583,2.24946404252855,0.0106522751868601,0.00473549747696332,2,1.00089721085924,3500.70201013246,0,16969.8012170385,1,1,1,61,2018-10-31T15:12:41.559,20181031_ecoli_ARA_M1_50K,2000,3464,163.3,DIA_100X_EMPTY_1x1_200ms,,,
26,28,11.2864019167052,316,47.1914887223961,1733.92088607595,323.04746835443,NaN,NaN,NaN,NaN,NaN,NaN,NaN,NaN,NaN,NaN,NaN,NaN,NaN,NaN,NaN,274.896245620085,0.994110889341034,27.1030746803373,11.771110411557,9.81226600950096,2.84278993931398,0.000571903429168814,0.000256428043877675,3,1.00000064781458,2049.4959755882,0,18302.0981012658,1,1,1,61,2018-10-31T15:12:41.559,20181031_ecoli_ARA_M1_50K,2000,3464,163.3,DIA_100X_EMPTY_1x1_200ms,,,
27,33,10.9282534126905,362,48.9912207293814,1743.87845303867,120.588397790055,NaN,NaN,NaN,NaN,NaN,NaN,NaN,NaN,NaN,NaN,NaN,NaN,NaN,NaN,NaN,316.235048022222,0.980327022722011,32.1809375318325,11.3660693006687,9.58689510419906,2.42150710654225,0.0140867297770864,0.00571060694039799,1,1.00212447701376,2322.97494015714,0,18917.817679558,1,1,1,61,2018-10-31T15:12:41.559,20181031_ecoli_ARA_M1_50K,2000,3464,163.3,DIA_100X_EMPTY_1x1_200ms,,,
28,42,10.9816712443892,461,49.3394184477787,1897.46420824295,315.965292841649,NaN,NaN,NaN,NaN,NaN,NaN,NaN,NaN,NaN,NaN,NaN,NaN,NaN,NaN,NaN,402.281619793834,0.932593601395699,40.9633571128542,11.1259354339752,9.58015734457198,2.25184825387122,0.0160268155128127,0.0074399190459292,1,1.00694364085074,2952.77739167467,0,18323.5596529284,1,1,1,61,2018-10-31T15:12:41.559,20181031_ecoli_ARA_M1_50K,2000,3464,163.3,DIA_100X_EMPTY_1x1_200ms,,,
29,38,11.0174396137081,419,49.4265476703632,1899.29594272076,527.653937947494,NaN,NaN,NaN,NaN,NaN,NaN,NaN,NaN,NaN,NaN,NaN,NaN,NaN,NaN,NaN,371.607499113778,0.966533555430001,37.6356796787611,11.2065684444253,9.65387438173345,2.27492106703167,0.0053749522759996,0.0017880830159854,2,1.00023709924286,2754.81812486628,0,17854.7780429594,1,1,1,61,2018-10-31T15:12:41.559,20181031_ecoli_ARA_M1_50K,2000,3464,163.3,DIA_100X_EMPTY_1x1_200ms,,,
30,40,11.9076868684228,478,49.161958377834,2036.36610878661,1431.66108786611,NaN,NaN,NaN,NaN,NaN,NaN,NaN,NaN,NaN,NaN,NaN,NaN,NaN,NaN,NaN,424.509915548267,0.963740238016821,40.5268304957541,11.9579834398027,10.2196988039462,2.40970552472162,0.00418234491667601,0.00215188059972438,1,1.0002332800739,3324.36509864445,0,16386.1631799163,1,1,1,61,2018-10-31T15:12:41.559,20181031_ecoli_ARA_M1_50K,2000,3464,163.3,DIA_100X_EMPTY_1x1_200ms,,,
