CellID,LongAxis,ShortAxis,Area,RegionScore,XPosition,YPosition,Fluor1Sum,Fluor1Mean,Fluor1Background,Fluor1BgStd,Fluor1FociNumber,Fluor2Sum,Fluor2Mean,Fluor2Background,Fluor2BgStd,Fluor2FociNumber,Fluor3Sum,Fluor3Mean,Fluor3Background,Fluor3BgStd,Fluor3FociNumber,MeshArea,MeshSolidity,MeshAxisLength,MeshRibsLengthMax,MeshRibsLengthMean,MeshRibsLengthStd,MeshCurvatureMax,MeshCurvatureMean,MeshCurvatureInflection,MeshSinuosity,MeshVolume,NumOfNeighbors,RegionGrayVal,TimeFrames,AgeFrames,RelativeAge,xyFolder,DateTime,Folder,StageXposition,StageYposition,StageZposition,PhaseConfig,Fluo1Config,Fluo2Config,Fluo3Config
1,26,11.0769270455094,289,46.04859796653,99.5259515570934,1137.27335640138,NaN,NaN,NaN,NaN,NaN,NaN,NaN,NaN,NaN,NaN,NaN,NaN,NaN,NaN,NaN,274.239536180635,0.992507944284854,25.7856757855227,12.268630681116,10.3335584436035,2.88557008768268,0.00341354800109904,0.00161723545370635,1,1.00012678985083,2162.56016687857,0,16668.5224913495,1,1,1,1,2018-10-30T18:29:18.412,20181030_ecoli_ARA_M5_10K,-0,-0,160.25,DIA_100X_EMPTY_1x1_200ms,,,
2,30,12.4310543439988,373,45.5042073760357,145.785522788204,608.418230563003,NaN,NaN,NaN,NaN,NaN,NaN,NaN,NaN,NaN,NaN,NaN,NaN,NaN,NaN,NaN,337.226614730889,0.975413816090127,30.2548905253249,13.0855540801616,10.8714509443002,2.82662814964594,0.0104746906919109,0.00543119920157742,1,1.00187596922475,2808.40985406923,0,16038.9463806971,1,1,1,1,2018-10-30T18:29:18.412,20181030_ecoli_ARA_M5_10K,-0,-0,160.25,DIA_100X_EMPTY_1x1_200ms,,,
3,23,12.1256550881528,279,29.2458713328763,143.870967741935,1086.59498207885,NaN,NaN,NaN,NaN,NaN,NaN,NaN,NaN,NaN,NaN,NaN,NaN,NaN,NaN,NaN,259.252026880078,0.999568911636132,22.417382474871,13.5062032559469,11.0363649053796,3.6499463627822,0.0116716725055805,0.00582518480240591,1,1.0011767007064,2144.50412530377,0,16227.3584229391,1,1,1,1,2018-10-30T18:29:18.412,20181030_ecoli_ARA_M5_10K,-0,-0,160.25,DIA_100X_EMPTY_1x1_200ms,,,
4,28,12.3213967750245,346,44.860974525825,246.124277456647,497.046242774566,NaN,NaN,NaN,NaN,NaN,NaN,NaN,NaN,NaN,NaN,NaN,NaN,NaN,NaN,NaN,306.580701180901,0.992161471986108,26.9714613293981,13.3145360099046,10.9850331914815,3.19195115200707,0.00897391166606713,0.00410819916874931,1,1.00061688515715,2556.213391839,0,16283.4595375723,1,1,1,1,2018-10-30T18:29:18.412,20181030_ecoli_ARA_M5_10K,-0,-0,160.25,DIA_100X_EMPTY_1x1_200ms,,,
5,22,12.1230780655812,267,7.2228485255488,358.565543071161,109.224719101124,NaN,NaN,NaN,NaN,NaN,NaN,NaN,NaN,NaN,NaN,NaN,NaN,NaN,NaN,NaN,250.600295640437,0.999886335023787,21.6764944285597,13.9935217344427,10.8110148299653,3.99277192497925,0.0290772908830815,0.0152898750506568,0,1.00786371988091,1989.81113114501,0,16690.5505617978,1,1,1,1,2018-10-30T18:29:18.412,20181030_ecoli_ARA_M5_10K,-0,-0,160.25,DIA_100X_EMPTY_1x1_200ms,,,
6,22,11.0438297333943,243,18.7427621657547,356.074074074074,1644.0329218107,NaN,NaN,NaN,NaN,NaN,NaN,NaN,NaN,NaN,NaN,NaN,NaN,NaN,NaN,NaN,233.051691806724,0.999709058975031,21.520762441572,12.7956390338316,10.1435258973291,3.67243898328956,0.00668958401418758,0.00353527180003453,0,1.00040567108795,1739.10346172843,0,16793.8148148148,1,1,1,1,2018-10-30T18:29:18.412,20181030_ecoli_ARA_M5_10K,-0,-0,160.25,DIA_100X_EMPTY_1x1_200ms,,,
7,33,11.168634639811,369,49.2538056447652,378.685636856369,786.062330623306,NaN,NaN,NaN,NaN,NaN,NaN,NaN,NaN,NaN,NaN,NaN,NaN,NaN,NaN,NaN,348.101849979045,0.967990914723412,32.9030123396939,12.2086233781355,10.3741298397259,2.50640025857183,0.00363416377767166,0.00145909291466713,2,1.00004772298963,2781.17873508398,0,16835.7967479675,1,1,1,1,2018-10-30T18:29:18.412,20181030_ecoli_ARA_M5_10K,-0,-0,160.25,DIA_100X_EMPTY_1x1_200ms,,,
8,37,12.4866916543343,462,48.484905255405,407.015151515152,693.166666666667,NaN,NaN,NaN,NaN,NaN,NaN,NaN,NaN,NaN,NaN,NaN,NaN,NaN,NaN,NaN,412.709715818477,0.934245030671134,35.7979585110945,13.8395647280919,11.2158528966004,2.82177466639356,0.0304672881160702,0.0157461088789727,1,1.0208800262583,3536.81831568268,0,16425.6601731602,1,1,1,1,2018-10-30T18:29:18.412,20181030_ecoli_ARA_M5_10K,-0,-0,160.25,DIA_100X_EMPTY_1x1_200ms,,,
9,24,11.3318375850521,272,32.4779151949706,522.125,2022.60661764706,NaN,NaN,NaN,NaN,NaN,NaN,NaN,NaN,NaN,NaN,NaN,NaN,NaN,NaN,NaN,254.79160974802,0.996530628070042,24.5398323910681,12.205644096674,10.0105426661731,3.05655848784382,0.00995201563378891,0.00403110871197621,1,1.00059071080288,1931.41996102847,0,16955.3786764706,1,1,1,1,2018-10-30T18:29:18.412,20181030_ecoli_ARA_M5_10K,-0,-0,160.25,DIA_100X_EMPTY_1x1_200ms,,,
10,33,12.9137832082093,427,47.9892247931171,569.718969555035,880.292740046838,NaN,NaN,NaN,NaN,NaN,NaN,NaN,NaN,NaN,NaN,NaN,NaN,NaN,NaN,NaN,391.034129249426,0.922343648779979,33.4514016750655,13.4138854197083,11.3268025144118,2.93164199764189,0.0523927400310501,0.0273770558058666,0,1.05650508679914,3370.69035763506,0,16720.149882904,1,1,1,1,2018-10-30T18:29:18.412,20181030_ecoli_ARA_M5_10K,-0,-0,160.25,DIA_100X_EMPTY_1x1_200ms,,,
11,46,11.8393367907253,545,48.5269348279668,601.231192660551,569.379816513762,NaN,NaN,NaN,NaN,NaN,NaN,NaN,NaN,NaN,NaN,NaN,NaN,NaN,NaN,NaN,494.334398146695,0.900245736967628,46.2440340542332,12.4816794841865,10.5221514945831,2.22110210908281,0.0172712704676864,0.0109331763269157,0,1.01537356478402,4021.19093060104,0,16868.5834862385,1,1,1,1,2018-10-30T18:29:18.412,20181030_ecoli_ARA_M5_10K,-0,-0,160.25,DIA_100X_EMPTY_1x1_200ms,,,
12,27,12.3616249408002,335,40.7309585902082,597.432835820896,1212.60895522388,NaN,NaN,NaN,NaN,NaN,NaN,NaN,NaN,NaN,NaN,NaN,NaN,NaN,NaN,NaN,310.63263461858,0.994911662641136,27.1757709154643,13.4678057616835,10.9573147804489,3.34086330332238,0.0192531516401368,0.00766010012354207,1,1.00232463616469,2562.59533158669,0,16344.6298507463,1,1,1,1,2018-10-30T18:29:18.412,20181030_ecoli_ARA_M5_10K,-0,-0,160.25,DIA_100X_EMPTY_1x1_200ms,,,
13,37,11.9871229218695,445,49.3045197072569,627.606741573034,458.732584269663,NaN,NaN,NaN,NaN,NaN,NaN,NaN,NaN,NaN,NaN,NaN,NaN,NaN,NaN,NaN,407.155774975605,0.951240207453925,37.306582563904,12.8755242944677,10.5857450098332,2.72121893772892,0.0153782036999309,0.0105838582150058,0,1.00982081103789,3283.35775442097,0,16624.991011236,1,1,1,1,2018-10-30T18:29:18.412,20181030_ecoli_ARA_M5_10K,-0,-0,160.25,DIA_100X_EMPTY_1x1_200ms,,,
14,23,12.1785326205627,281,33.0768328516441,664.003558718861,981.526690391459,NaN,NaN,NaN,NaN,NaN,NaN,NaN,NaN,NaN,NaN,NaN,NaN,NaN,NaN,NaN,262.968118935745,0.99961949125898,23.1803610016397,13.5191033175541,10.9531025731083,3.41317118381794,0.00401894008282184,0.00210320483425024,0,1.00015696579523,2184.15968195316,0,16215.5587188612,1,1,1,1,2018-10-30T18:29:18.412,20181030_ecoli_ARA_M5_10K,-0,-0,160.25,DIA_100X_EMPTY_1x1_200ms,,,
15,19,11.420109558948,218,-44.8108746010495,749.220183486239,753.06880733945,NaN,NaN,NaN,NaN,NaN,NaN,NaN,NaN,NaN,NaN,NaN,NaN,NaN,NaN,NaN,211.836853994534,0.999849471061105,18.4191626328984,14.3201281643808,10.910529113155,3.97944634214091,0.00773624979274318,0.00389543283413178,1,1.00036576361238,1722.0723310297,1,16846.9541284404,1,1,1,1,2018-10-30T18:29:18.412,20181030_ecoli_ARA_M5_10K,-0,-0,160.25,DIA_100X_EMPTY_1x1_200ms,,,
16,20,11.4077648558639,228,-11.008024975425,761.372807017544,738.013157894737,NaN,NaN,NaN,NaN,NaN,NaN,NaN,NaN,NaN,NaN,NaN,NaN,NaN,NaN,NaN,227.335418971008,0.999774978267653,20.5519303771335,13.4077142216706,10.5829974718631,3.60468603566626,0.00855750012216497,0.00505515265841974,0,1.00071593167051,1807.83956227857,1,16967.9473684211,1,1,1,1,2018-10-30T18:29:18.412,20181030_ecoli_ARA_M5_10K,-0,-0,160.25,DIA_100X_EMPTY_1x1_200ms,,,
17,34,12.3983616316424,422,48.4720540153433,821.120853080569,796.758293838863,NaN,NaN,NaN,NaN,NaN,NaN,NaN,NaN,NaN,NaN,NaN,NaN,NaN,NaN,NaN,376.90345781581,0.960910628653881,33.5318038468877,13.3274441721847,10.9418669178497,2.81614273401866,0.019405851045307,0.01136497627859,1,1.00984859846171,3153.04126779203,0,16251.4763033175,1,1,1,1,2018-10-30T18:29:18.412,20181030_ecoli_ARA_M5_10K,-0,-0,160.25,DIA_100X_EMPTY_1x1_200ms,,,
18,23,12.0100743720525,277,28.7810452724074,847.256317689531,60.6245487364621,NaN,NaN,NaN,NaN,NaN,NaN,NaN,NaN,NaN,NaN,NaN,NaN,NaN,NaN,NaN,248.127893999484,0.999756737613811,22.4903976799537,13.0789434184486,10.5522433232052,3.48373013713257,0.00224289887781946,0.000793582874152427,1,1.00001644750402,1966.87432030017,0,16917.4512635379,1,1,1,1,2018-10-30T18:29:18.412,20181030_ecoli_ARA_M5_10K,-0,-0,160.25,DIA_100X_EMPTY_1x1_200ms,,,
19,23,11.2994322049118,261,28.1209490398073,868.417624521073,1261.09961685824,NaN,NaN,NaN,NaN,NaN,NaN,NaN,NaN,NaN,NaN,NaN,NaN,NaN,NaN,NaN,250.82425029535,0.998796640313339,22.9872023967578,13.0094528594211,10.4353944238537,3.44447328852058,0.0039283137165962,0.00183519111254362,1,1.00012908406087,1966.04628710841,0,16706.9578544061,1,1,1,1,2018-10-30T18:29:18.412,20181030_ecoli_ARA_M5_10K,-0,-0,160.25,DIA_100X_EMPTY_1x1_200ms,,,
20,34,11.6608343905272,397,49.1124242492061,968.712846347607,1541.21158690176,NaN,NaN,NaN,NaN,NaN,NaN,NaN,NaN,NaN,NaN,NaN,NaN,NaN,NaN,NaN,361.080936047936,0.978774329172144,34.4789315442137,12.25571890179,10.1701144987191,2.68318644808789,0.00740567983802325,0.00275611207801471,2,1.00016042344103,2800.88556478733,0,16394.4987405542,1,1,1,1,2018-10-30T18:29:18.412,20181030_ecoli_ARA_M5_10K,-0,-0,160.25,DIA_100X_EMPTY_1x1_200ms,,,
21,33,12.1801779094271,403,48.526220121025,1013.24813895782,635.669975186104,NaN,NaN,NaN,NaN,NaN,NaN,NaN,NaN,NaN,NaN,NaN,NaN,NaN,NaN,NaN,366.756400191422,0.983799818735976,32.9012844863748,12.9565293224654,10.8255376178619,2.84037974623675,0.0206837288256959,0.00776157740692197,1,1.00284589141522,3028.31942108522,0,16156.794044665,1,1,1,1,2018-10-30T18:29:18.412,20181030_ecoli_ARA_M5_10K,-0,-0,160.25,DIA_100X_EMPTY_1x1_200ms,,,
22,23,11.7314933337421,270,27.2209869713185,1154.58518518519,1385.28148148148,NaN,NaN,NaN,NaN,NaN,NaN,NaN,NaN,NaN,NaN,NaN,NaN,NaN,NaN,NaN,246.264816764491,0.999787138674234,22.1554166934425,13.1629033612583,10.4816561147483,3.72297649897321,0.00843417546774547,0.00261100016051593,0,1.00020360106013,1911.74348214457,0,16644.6592592593,1,1,1,1,2018-10-30T18:29:18.412,20181030_ecoli_ARA_M5_10K,-0,-0,160.25,DIA_100X_EMPTY_1x1_200ms,,,
23,34,11.4079039192443,388,49.2496198342448,1164.17525773196,1531.46391752577,NaN,NaN,NaN,NaN,NaN,NaN,NaN,NaN,NaN,NaN,NaN,NaN,NaN,NaN,NaN,363.093264844775,0.966244010726464,34.2640523666332,12.0274172219548,10.3722183010857,2.47124376424237,0.012163512664436,0.00541917448111095,1,1.00253686044995,2895.15556000157,0,16565.6520618557,1,1,1,1,2018-10-30T18:29:18.412,20181030_ecoli_ARA_M5_10K,-0,-0,160.25,DIA_100X_EMPTY_1x1_200ms,,,
24,24,11.34960774674,273,39.223212085669,1184.3663003663,855.355311355311,NaN,NaN,NaN,NaN,NaN,NaN,NaN,NaN,NaN,NaN,NaN,NaN,NaN,NaN,NaN,258.165910190288,0.99465683606375,24.2384257570293,12.2243128347243,10.3421086374237,2.99619047631527,0.0109319292599001,0.00492608234123173,1,1.00092646875872,2036.16272148382,0,16621.0476190476,1,1,1,1,2018-10-30T18:29:18.412,20181030_ecoli_ARA_M5_10K,-0,-0,160.25,DIA_100X_EMPTY_1x1_200ms,,,
25,29,11.9597844676684,347,47.3858111792388,1208.76657060519,297.991354466859,NaN,NaN,NaN,NaN,NaN,NaN,NaN,NaN,NaN,NaN,NaN,NaN,NaN,NaN,NaN,310.655845405575,0.992335428580368,28.2189643487162,12.6731487700575,10.7198444871999,2.88363071155432,0.0105828788185419,0.00626634077849151,0,1.00191535377392,2546.87671239007,0,16072.674351585,1,1,1,1,2018-10-30T18:29:18.412,20181030_ecoli_ARA_M5_10K,-0,-0,160.25,DIA_100X_EMPTY_1x1_200ms,,,
26,28,11.6332992018336,326,46.0831576180843,1301.50920245399,110.457055214724,NaN,NaN,NaN,NaN,NaN,NaN,NaN,NaN,NaN,NaN,NaN,NaN,NaN,NaN,NaN,304.203921543152,0.986692983621775,28.2502453501515,12.2274952276434,10.4848918560783,2.83311744287436,0.00417780310668106,0.00216914413831275,1,1.00006318893331,2439.1584653181,0,16907.3711656442,1,1,1,1,2018-10-30T18:29:18.412,20181030_ecoli_ARA_M5_10K,-0,-0,160.25,DIA_100X_EMPTY_1x1_200ms,,,
27,31,11.4222201410897,354,47.3836343453367,1330.85875706215,1683.12146892655,NaN,NaN,NaN,NaN,NaN,NaN,NaN,NaN,NaN,NaN,NaN,NaN,NaN,NaN,NaN,333.416391716561,0.959788450174195,31.5750634412462,12.4476668847086,10.1584549209911,2.79996613694377,0.0265102504619658,0.0118979667018901,1,1.00982345196343,2559.11279754697,0,16772.4350282486,1,1,1,1,2018-10-30T18:29:18.412,20181030_ecoli_ARA_M5_10K,-0,-0,160.25,DIA_100X_EMPTY_1x1_200ms,,,
28,25,11.463730369763,287,34.734271455857,1358.70383275261,1234.37630662021,NaN,NaN,NaN,NaN,NaN,NaN,NaN,NaN,NaN,NaN,NaN,NaN,NaN,NaN,NaN,271.109986293344,0.995765294334696,24.8337026353722,12.5481725924889,10.6282873912655,3.06932322572531,0.0121399756166759,0.00597285627091975,1,1.00150188817751,2203.22036109494,0,16807.6480836237,1,1,1,1,2018-10-30T18:29:18.412,20181030_ecoli_ARA_M5_10K,-0,-0,160.25,DIA_100X_EMPTY_1x1_200ms,,,
29,20,11.8372132131367,238,-34.5589166329304,1440.81092436975,1769.89075630252,NaN,NaN,NaN,NaN,NaN,NaN,NaN,NaN,NaN,NaN,NaN,NaN,NaN,NaN,NaN,214.241923720567,0.999810652029663,20.0807202005458,13.1120009302576,10.2290912171813,3.48008528325258,0.00773369483602656,0.00370541235956991,1,1.00038664037532,1650.22540615547,0,16578.5336134454,1,1,1,1,2018-10-30T18:29:18.412,20181030_ecoli_ARA_M5_10K,-0,-0,160.25,DIA_100X_EMPTY_1x1_200ms,,,
30,43,10.4398288757824,449,47.8890733845364,1545.43652561247,967.28285077951,NaN,NaN,NaN,NaN,NaN,NaN,NaN,NaN,NaN,NaN,NaN,NaN,NaN,NaN,NaN,444.375267995527,0.895826566018591,43.3670247004915,12.0522699496439,10.0897852192169,2.32087230872398,0.0147959763668203,0.00657049535897362,0,1.00586994051462,3467.47510553153,0,17429.5033407572,1,1,1,1,2018-10-30T18:29:18.412,20181030_ecoli_ARA_M5_10K,-0,-0,160.25,DIA_100X_EMPTY_1x1_200ms,,,
31,24,11.6494859542259,286,29.6026932425699,1548.91608391608,1825.5034965035,NaN,NaN,NaN,NaN,NaN,NaN,NaN,NaN,NaN,NaN,NaN,NaN,NaN,NaN,NaN,267.15001154065,0.967766160557769,24.3326457367218,13.0206881728461,10.4648628638578,3.06855617189746,0.0548793675143542,0.025056805792219,1,1.0255254481865,2092.88949264724,0,17003.2342657343,1,1,1,1,2018-10-30T18:29:18.412,20181030_ecoli_ARA_M5_10K,-0,-0,160.25,DIA_100X_EMPTY_1x1_200ms,,,
32,21,11.5595595554892,244,-6.99691137184202,1558.77459016393,595.254098360656,NaN,NaN,NaN,NaN,NaN,NaN,NaN,NaN,NaN,NaN,NaN,NaN,NaN,NaN,NaN,231.149905790348,0.999832913392249,20.7879067791732,13.7347310967166,10.5676737509093,3.70929339158816,0.0165217614379218,0.00856215055299509,0,1.00228151779872,1823.30547560455,1,17177.2172131148,1,1,1,1,2018-10-30T18:29:18.412,20181030_ecoli_ARA_M5_10K,-0,-0,160.25,DIA_100X_EMPTY_1x1_200ms,,,
33,19,10.6224900099242,202,-36.3472475107572,1560.5099009901,580.59900990099,NaN,NaN,NaN,NaN,NaN,NaN,NaN,NaN,NaN,NaN,NaN,NaN,NaN,NaN,NaN,200.84958262614,0.999846583393652,18.5660118942092,13.483959875464,10.4046287577545,3.554403485622,0.0195381005409829,0.0102506623940756,0,1.00249986925592,1578.56214414678,1,17390.1188118812,1,1,1,1,2018-10-30T18:29:18.412,20181030_ecoli_ARA_M5_10K,-0,-0,160.25,DIA_100X_EMPTY_1x1_200ms,,,
34,26,11.7180660294911,305,40.857819598265,1607.3868852459,491.652459016393,NaN,NaN,NaN,NaN,NaN,NaN,NaN,NaN,NaN,NaN,NaN,NaN,NaN,NaN,NaN,282.553871784375,0.994159827885891,26.3664752674063,12.5096822436152,10.445043373883,2.96134225659126,0.00646211706655964,0.00314938526526066,1,1.00048421561683,2259.24043906456,0,16615.3081967213,1,1,1,1,2018-10-30T18:29:18.412,20181030_ecoli_ARA_M5_10K,-0,-0,160.25,DIA_100X_EMPTY_1x1_200ms,,,
35,26,10.7467497591901,280,46.7485006405039,1625.78928571429,1029.98571428571,NaN,NaN,NaN,NaN,NaN,NaN,NaN,NaN,NaN,NaN,NaN,NaN,NaN,NaN,NaN,271.595292488997,0.985308358973695,26.5776287255679,11.7288228530236,9.88273491327047,2.81365751795375,0.0110275310689998,0.00513136621765248,1,1.00137356600563,2038.73324244791,0,16947.0642857143,1,1,1,1,2018-10-30T18:29:18.412,20181030_ecoli_ARA_M5_10K,-0,-0,160.25,DIA_100X_EMPTY_1x1_200ms,,,
36,26,10.758357186895,280,46.2816356188712,1663.60357142857,1058.28928571429,NaN,NaN,NaN,NaN,NaN,NaN,NaN,NaN,NaN,NaN,NaN,NaN,NaN,NaN,NaN,261.49544215162,0.995698483480132,25.0397840739429,11.9607804321848,10.0986735172548,2.9073770107308,0.0142789426587415,0.00664022624210784,1,1.0018430346925,2005.62218492385,0,16808.9607142857,1,1,1,1,2018-10-30T18:29:18.412,20181030_ecoli_ARA_M5_10K,-0,-0,160.25,DIA_100X_EMPTY_1x1_200ms,,,
37,24,10.494269594818,252,45.1341749985162,1722.77380952381,1153.4880952381,NaN,NaN,NaN,NaN,NaN,NaN,NaN,NaN,NaN,NaN,NaN,NaN,NaN,NaN,NaN,244.917299597658,0.996633943665525,23.7210486141817,11.9727701160287,10.0013245842048,2.96221204176725,0.0101168115536978,0.00552717439750355,0,1.00117570228392,1863.54038670482,0,17047.119047619,1,1,1,1,2018-10-30T18:29:18.412,20181030_ecoli_ARA_M5_10K,-0,-0,160.25,DIA_100X_EMPTY_1x1_200ms,,,
38,24,11.238118792706,270,33.8958570030358,1798.17777777778,1225.41851851852,NaN,NaN,NaN,NaN,NaN,NaN,NaN,NaN,NaN,NaN,NaN,NaN,NaN,NaN,NaN,251.574417252699,0.996310896907721,23.8557072165774,12.1842085409724,10.251333804329,3.01265951731883,0.00904065795736031,0.00494463788693981,1,1.00094761691441,1968.98735872764,0,17132.0740740741,1,1,1,1,2018-10-30T18:29:18.412,20181030_ecoli_ARA_M5_10K,-0,-0,160.25,DIA_100X_EMPTY_1x1_200ms,,,
39,21,10.6171236420266,224,21.4227137594551,1858.01339285714,1003.03571428571,NaN,NaN,NaN,NaN,NaN,NaN,NaN,NaN,NaN,NaN,NaN,NaN,NaN,NaN,NaN,218.243995193041,0.999733466388252,20.6839555832883,12.7220728848062,9.93512302018754,3.61807496185588,0.0283406752045338,0.00296862728597996,1,1.00015920669483,1603.50373551409,0,16446.53125,1,1,1,1,2018-10-30T18:29:18.412,20181030_ecoli_ARA_M5_10K,-0,-0,160.25,DIA_100X_EMPTY_1x1_200ms,,,
40,21,11.1821940960638,235,11.5778588165203,2006.00425531915,1567.89787234043,NaN,NaN,NaN,NaN,NaN,NaN,NaN,NaN,NaN,NaN,NaN,NaN,NaN,NaN,NaN,218.832665256909,0.9998523297009,20.3729465457096,13.0750528626464,10.1687288348668,3.6647584467778,0.0115929620984995,0.00354556600717866,0,1.00031061597421,1654.53919485703,0,16352.5489361702,1,1,1,1,2018-10-30T18:29:18.412,20181030_ecoli_ARA_M5_10K,-0,-0,160.25,DIA_100X_EMPTY_1x1_200ms,,,
1,19,11.9850634616057,228,-45.7315802070007,72.4035087719298,1352.77192982456,NaN,NaN,NaN,NaN,NaN,NaN,NaN,NaN,NaN,NaN,NaN,NaN,NaN,NaN,NaN,215.250766448749,0.999854835811043,17.9619600070823,15.1624124255525,11.3551677596399,4.26534187815354,0.00253486518697937,0.0014520922738263,1,1.00001126411333,1818.99169442574,0,15737.1359649123,1,1,1,4,2018-10-30T18:29:25.549,20181030_ecoli_ARA_M5_10K,-500,-866,160.25,DIA_100X_EMPTY_1x1_200ms,,,
2,23,10.7894461377538,249,41.4992898429883,91.7429718875502,1887.61847389558,NaN,NaN,NaN,NaN,NaN,NaN,NaN,NaN,NaN,NaN,NaN,NaN,NaN,NaN,NaN,233.989895986674,0.997062278027799,22.8074961552302,11.9810338983238,9.94990091830553,2.9214391576832,0.00665397074529244,0.00377778798191771,0,1.00049170205329,1773.39305674406,0,17397.3815261044,1,1,1,4,2018-10-30T18:29:25.549,20181030_ecoli_ARA_M5_10K,-500,-866,160.25,DIA_100X_EMPTY_1x1_200ms,,,
3,21,11.5521778228462,243,12.2041787492165,118.658436213992,604.868312757202,NaN,NaN,NaN,NaN,NaN,NaN,NaN,NaN,NaN,NaN,NaN,NaN,NaN,NaN,NaN,228.489936413972,0.999827912209068,20.5724153533947,13.3439285269399,10.6541126095993,3.55445619702906,0.0116509517447586,0.00658823208168994,0,1.00124803222245,1834.0439177318,0,16777.987654321,1,1,1,4,2018-10-30T18:29:25.549,20181030_ecoli_ARA_M5_10K,-500,-866,160.25,DIA_100X_EMPTY_1x1_200ms,,,
4,25,11.816516786821,296,38.762658789485,169.837837837838,562.513513513514,NaN,NaN,NaN,NaN,NaN,NaN,NaN,NaN,NaN,NaN,NaN,NaN,NaN,NaN,NaN,278.342903292069,0.995470139958359,24.3876337685915,13.3081300357265,10.9747608474323,3.45443810589775,0.0201248117501794,0.0108495266328871,0,1.00493095915795,2307.0110591694,1,17004.6756756757,1,1,1,4,2018-10-30T18:29:25.549,20181030_ecoli_ARA_M5_10K,-500,-866,160.25,DIA_100X_EMPTY_1x1_200ms,,,
5,23,11.4977455964015,265,27.8832519778952,172.547169811321,577.22641509434,NaN,NaN,NaN,NaN,NaN,NaN,NaN,NaN,NaN,NaN,NaN,NaN,NaN,NaN,NaN,251.713978909223,0.999760715074855,22.537246122778,13.1541104332482,10.7299966442754,3.46573376014031,0.00978746368974215,0.00475353205576887,1,1.00081436716644,2037.93299687005,1,17178.2566037736,1,1,1,4,2018-10-30T18:29:25.549,20181030_ecoli_ARA_M5_10K,-500,-866,160.25,DIA_100X_EMPTY_1x1_200ms,,,
6,32,12.3361944801923,395,48.583553733862,184.529113924051,689.701265822785,NaN,NaN,NaN,NaN,NaN,NaN,NaN,NaN,NaN,NaN,NaN,NaN,NaN,NaN,NaN,356.206004438496,0.983868250937809,31.7177696342487,13.2156775370874,10.9591508622807,2.87004551812717,0.00557033572464797,0.0025927614183253,0,1.00044401612009,2991.89489482847,0,16039.4481012658,1,1,1,4,2018-10-30T18:29:25.549,20181030_ecoli_ARA_M5_10K,-500,-866,160.25,DIA_100X_EMPTY_1x1_200ms,,,
7,21,10.9976815186937,231,2.98568200449654,220.367965367965,247.571428571429,NaN,NaN,NaN,NaN,NaN,NaN,NaN,NaN,NaN,NaN,NaN,NaN,NaN,NaN,NaN,216.986793261672,0.999818550481479,20.1476393578496,13.0710371514002,10.3585253282683,3.44799927772211,0.0121701344927718,0.00648135642554362,1,1.00116153899766,1697.89142260002,0,16989.8484848485,1,1,1,4,2018-10-30T18:29:25.549,20181030_ecoli_ARA_M5_10K,-500,-866,160.25,DIA_100X_EMPTY_1x1_200ms,,,
8,24,11.8136185811136,284,37.7218548400079,274.788732394366,1665.97535211268,NaN,NaN,NaN,NaN,NaN,NaN,NaN,NaN,NaN,NaN,NaN,NaN,NaN,NaN,NaN,266.936361723519,0.997499951156974,24.2287437824285,12.6456664366539,10.6751707689841,3.11141680516326,0.00640970337180351,0.00331033225988502,0,1.00043336319095,2168.5549972302,0,16838.25,1,1,1,4,2018-10-30T18:29:25.549,20181030_ecoli_ARA_M5_10K,-500,-866,160.25,DIA_100X_EMPTY_1x1_200ms,,,
9,31,11.8709927609938,368,48.9050983811639,301.222826086957,628.399456521739,NaN,NaN,NaN,NaN,NaN,NaN,NaN,NaN,NaN,NaN,NaN,NaN,NaN,NaN,NaN,334.758423563312,0.981774031391849,30.3228172271299,12.7715677726291,10.624647756936,3.05033808255925,0.00398084846391819,0.00220373385481586,1,1.00007569042913,2688.36672184277,0,16348.5625,1,1,1,4,2018-10-30T18:29:25.549,20181030_ecoli_ARA_M5_10K,-500,-866,160.25,DIA_100X_EMPTY_1x1_200ms,,,
10,19,10.5062176499906,200,-41.9658555531432,311.25,1796.115,NaN,NaN,NaN,NaN,NaN,NaN,NaN,NaN,NaN,NaN,NaN,NaN,NaN,NaN,NaN,194.136584064458,0.999825946044595,18.0534315779372,13.1862824334424,9.97634993795519,3.89043272562341,0.00645872382926688,0.00343670436635707,0,1.00028143156985,1411.21438414963,0,16697.98,1,1,1,4,2018-10-30T18:29:25.549,20181030_ecoli_ARA_M5_10K,-500,-866,160.25,DIA_100X_EMPTY_1x1_200ms,,,
11,32,11.0734615891853,355,49.0102984323326,331.870422535211,1612.05070422535,NaN,NaN,NaN,NaN,NaN,NaN,NaN,NaN,NaN,NaN,NaN,NaN,NaN,NaN,NaN,335.683726252673,0.975850011982653,32.1202749951596,12.0652874104541,10.0337873299505,2.84410187684522,0.0539059766189001,0.00510481823593356,1,1.00035497742443,2539.79649584091,0,16882.3887323944,1,1,1,4,2018-10-30T18:29:25.549,20181030_ecoli_ARA_M5_10K,-500,-866,160.25,DIA_100X_EMPTY_1x1_200ms,,,
12,20,11.3861999335074,233,-40.4623480108367,430.892703862661,274.824034334764,NaN,NaN,NaN,NaN,NaN,NaN,NaN,NaN,NaN,NaN,NaN,NaN,NaN,NaN,NaN,230.003842262393,0.999902940577566,21.2275675896847,13.2784064349282,10.4474940998678,3.46649233359508,0.00566660866243979,0.00302609732968686,0,1.00028256541116,1819.76112394245,0,17016.1287553648,1,1,1,4,2018-10-30T18:29:25.549,20181030_ecoli_ARA_M5_10K,-500,-866,160.25,DIA_100X_EMPTY_1x1_200ms,,,
13,32,11.6564304647046,373,48.798801766414,505.949061662198,932.55764075067,NaN,NaN,NaN,NaN,NaN,NaN,NaN,NaN,NaN,NaN,NaN,NaN,NaN,NaN,NaN,340.203192212302,0.983657052186437,30.9723093203087,12.4663196441516,10.6607230282364,2.79832057325102,0.0158317883757822,0.00622548424407509,1,1.001544412844,2764.62855769504,0,16417.1206434316,1,1,1,4,2018-10-30T18:29:25.549,20181030_ecoli_ARA_M5_10K,-500,-866,160.25,DIA_100X_EMPTY_1x1_200ms,,,
14,32,9.51227565698058,305,42.289130996098,816.301639344262,1616.5868852459,NaN,NaN,NaN,NaN,NaN,NaN,NaN,NaN,NaN,NaN,NaN,NaN,NaN,NaN,NaN,324.611299498812,0.971056555248755,32.0591883637765,12.3184047666566,9.85577619608166,2.75422938709277,0.0140357777458783,0.00571820563033131,0,1.00226274169974,2445.817626899,2,18254.6065573771,1,1,1,4,2018-10-30T18:29:25.549,20181030_ecoli_ARA_M5_10K,-500,-866,160.25,DIA_100X_EMPTY_1x1_200ms,,,
15,28,9.75141511647546,274,43.1311091101497,830.332116788321,1589.93430656934,NaN,NaN,NaN,NaN,NaN,NaN,NaN,NaN,NaN,NaN,NaN,NaN,NaN,NaN,NaN,299.526871519641,0.980750017792128,29.846115493399,11.6460261484276,9.81162781425383,2.5318771053006,0.00643606540161465,0.00314686331654026,1,1.00016837310165,2256.62724893432,2,18745.6058394161,1,1,1,4,2018-10-30T18:29:25.549,20181030_ecoli_ARA_M5_10K,-500,-866,160.25,DIA_100X_EMPTY_1x1_200ms,,,
16,35,11.956309211952,419,43.6888984003807,838.866348448687,1602.9522673031,NaN,NaN,NaN,NaN,NaN,NaN,NaN,NaN,NaN,NaN,NaN,NaN,NaN,NaN,NaN,426.924309600353,0.915852943958836,36.865456068022,13.962177357693,11.3068239977785,2.75492194554213,0.0207458616529456,0.0109962576046913,1,1.00274768930495,3701.61082318471,3,19023.5751789976,1,1,1,4,2018-10-30T18:29:25.549,20181030_ecoli_ARA_M5_10K,-500,-866,160.25,DIA_100X_EMPTY_1x1_200ms,,,
17,29,12.1099938650792,351,46.6440282091165,846.786324786325,1405.58689458689,NaN,NaN,NaN,NaN,NaN,NaN,NaN,NaN,NaN,NaN,NaN,NaN,NaN,NaN,NaN,308.137866047349,0.977599649587783,28.6801359707448,12.2143744632397,10.3501357636238,2.97721787020797,0.0258301059276977,0.0119901719091266,1,1.00865581765839,2413.03255050959,0,16814.4245014245,1,1,1,4,2018-10-30T18:29:25.549,20181030_ecoli_ARA_M5_10K,-500,-866,160.25,DIA_100X_EMPTY_1x1_200ms,,,
18,24,9.96116134755133,239,37.245828865932,852.083682008368,1606.6820083682,NaN,NaN,NaN,NaN,NaN,NaN,NaN,NaN,NaN,NaN,NaN,NaN,NaN,NaN,NaN,252.163425514819,0.987236753481,24.3379856048,12.234873450405,9.98349966051365,2.99364907482376,0.0249840300312538,0.0149440453815091,0,1.00886990074853,1905.19804093577,1,19247.5062761506,1,1,1,4,2018-10-30T18:29:25.549,20181030_ecoli_ARA_M5_10K,-500,-866,160.25,DIA_100X_EMPTY_1x1_200ms,,,
19,35,10.9753247723437,385,48.7172299292686,902.275324675325,1207.31948051948,NaN,NaN,NaN,NaN,NaN,NaN,NaN,NaN,NaN,NaN,NaN,NaN,NaN,NaN,NaN,378.675906115307,0.950560324026207,36.4672144301733,12.1196737160067,10.1133170652955,2.48917029860886,0.0123126623402759,0.0075142101470517,0,1.00465241284994,2929.4070227902,0,17066.9194805195,1,1,1,4,2018-10-30T18:29:25.549,20181030_ecoli_ARA_M5_10K,-500,-866,160.25,DIA_100X_EMPTY_1x1_200ms,,,
20,28,11.9458887719956,335,42.2175652621401,942.75223880597,1023.2328358209,NaN,NaN,NaN,NaN,NaN,NaN,NaN,NaN,NaN,NaN,NaN,NaN,NaN,NaN,NaN,310.782150855171,0.98305909184392,28.6602024267971,12.680132732281,10.5412135682079,2.89729164547352,0.0067551953971484,0.00413443362521604,0,1.00086809414821,2501.21117043823,0,16541.0059701493,1,1,1,4,2018-10-30T18:29:25.549,20181030_ecoli_ARA_M5_10K,-500,-866,160.25,DIA_100X_EMPTY_1x1_200ms,,,
21,20,11.2858460543601,226,-3.20280526574065,979.495575221239,929.893805309734,NaN,NaN,NaN,NaN,NaN,NaN,NaN,NaN,NaN,NaN,NaN,NaN,NaN,NaN,NaN,218.044398186539,0.999791129223061,20.079742527125,13.1225026211394,10.3816579478543,3.49849402383352,0.0006273394271186,0.000305746224954666,0,1.00000228715282,1699.73592124935,0,16922.9115044248,1,1,1,4,2018-10-30T18:29:25.549,20181030_ecoli_ARA_M5_10K,-500,-866,160.25,DIA_100X_EMPTY_1x1_200ms,,,
22,34,11.8701307738308,404,48.1614745142194,1157.2995049505,403.690594059406,NaN,NaN,NaN,NaN,NaN,NaN,NaN,NaN,NaN,NaN,NaN,NaN,NaN,NaN,NaN,361.137014678745,0.966638871543575,33.6843516718197,12.347243976262,10.4655425549562,2.64403852348868,0.0044426962152469,0.00219257236900554,1,1.00019384537971,2897.62093111168,0,16789.3242574257,1,1,1,4,2018-10-30T18:29:25.549,20181030_ecoli_ARA_M5_10K,-500,-866,160.25,DIA_100X_EMPTY_1x1_200ms,,,
23,23,11.7352182284931,271,32.9168686998492,1351.60516605166,328.90405904059,NaN,NaN,NaN,NaN,NaN,NaN,NaN,NaN,NaN,NaN,NaN,NaN,NaN,NaN,NaN,248.995132561705,0.99973527885079,22.6915886700186,13.086103258282,10.5938746474854,3.36842976344597,0.0043093474997276,0.0018136469084592,1,1.00008996008074,2000.15864454638,0,16702.7749077491,1,1,1,4,2018-10-30T18:29:25.549,20181030_ecoli_ARA_M5_10K,-500,-866,160.25,DIA_100X_EMPTY_1x1_200ms,,,
24,30,11.7641610832382,353,47.501732259092,1354.95750708215,1908.68838526912,NaN,NaN,NaN,NaN,NaN,NaN,NaN,NaN,NaN,NaN,NaN,NaN,NaN,NaN,NaN,311.899700255445,0.97963337441152,29.7114739477041,12.1342772967016,10.225784495225,2.70903921842569,0.00804087418590723,0.00383906259010197,1,1.0009618561216,2440.09845677024,0,16826.6005665722,1,1,1,4,2018-10-30T18:29:25.549,20181030_ecoli_ARA_M5_10K,-500,-866,160.25,DIA_100X_EMPTY_1x1_200ms,,,
25,31,11.3156241339504,352,48.9411424259022,1481.08522727273,276.136363636364,NaN,NaN,NaN,NaN,NaN,NaN,NaN,NaN,NaN,NaN,NaN,NaN,NaN,NaN,NaN,319.489361395866,0.976219643578764,30.7072773314311,12.1415001993694,10.1385374332296,2.61798735311431,0.00420383862726941,0.00171143901549021,2,1.00007347948262,2479.03016126984,0,16825.7982954545,1,1,1,4,2018-10-30T18:29:25.549,20181030_ecoli_ARA_M5_10K,-500,-866,160.25,DIA_100X_EMPTY_1x1_200ms,,,
26,26,12.5383261449513,326,45.5444058229654,1638.79141104294,28.1073619631902,NaN,NaN,NaN,NaN,NaN,NaN,NaN,NaN,NaN,NaN,NaN,NaN,NaN,NaN,NaN,288.428772760343,0.998591212672177,24.8410029405953,13.5349427165676,11.301025164596,3.3091129756096,0.0118541173815053,0.00714226595913538,0,1.00201736722613,2491.69391490262,0,16050.0490797546,1,1,1,4,2018-10-30T18:29:25.549,20181030_ecoli_ARA_M5_10K,-500,-866,160.25,DIA_100X_EMPTY_1x1_200ms,,,
27,33,12.1741958985151,402,48.4287389110005,1680.05970149254,547.703980099502,NaN,NaN,NaN,NaN,NaN,NaN,NaN,NaN,NaN,NaN,NaN,NaN,NaN,NaN,NaN,353.170854498288,0.973200423604849,32.7958079675439,12.3104739628416,10.4024020863883,2.79300392352501,0.0498868172961135,0.00642750953499927,1,1.00096393371602,2787.2472101937,0,16642.723880597,1,1,1,4,2018-10-30T18:29:25.549,20181030_ecoli_ARA_M5_10K,-500,-866,160.25,DIA_100X_EMPTY_1x1_200ms,,,
28,30,10.9856577819549,330,48.3901903337076,1680.29393939394,755.79696969697,NaN,NaN,NaN,NaN,NaN,NaN,NaN,NaN,NaN,NaN,NaN,NaN,NaN,NaN,NaN,314.560854888341,0.980503161838796,30.198208671518,11.9804965627258,10.1439537777411,2.63916458272767,0.00484225837677306,0.00280770618135371,1,1.00012016565551,2440.53806882381,0,17176.3,1,1,1,4,2018-10-30T18:29:25.549,20181030_ecoli_ARA_M5_10K,-500,-866,160.25,DIA_100X_EMPTY_1x1_200ms,,,
29,24,12.7898633793832,308,28.3250685787673,1712.45779220779,1138.28571428571,NaN,NaN,NaN,NaN,NaN,NaN,NaN,NaN,NaN,NaN,NaN,NaN,NaN,NaN,NaN,272.625743818975,0.998610242491199,23.9309218262238,13.2231766728372,10.9202164769637,3.47984287716384,0.0065216955343479,0.00284588278627357,1,1.00016683171152,2241.36096884052,0,16396.7597402597,1,1,1,4,2018-10-30T18:29:25.549,20181030_ecoli_ARA_M5_10K,-500,-866,160.25,DIA_100X_EMPTY_1x1_200ms,,,
30,30,12.4926289707917,375,47.4475131347096,1718.464,1229.26666666667,NaN,NaN,NaN,NaN,NaN,NaN,NaN,NaN,NaN,NaN,NaN,NaN,NaN,NaN,NaN,333.398365285516,0.983370409988313,29.2440814499795,13.1695610028827,11.1156622600369,2.95741059402846,0.0111074991456008,0.00466365031763873,1,1.00075727168953,2837.90956290621,0,16198.1146666667,1,1,1,4,2018-10-30T18:29:25.549,20181030_ecoli_ARA_M5_10K,-500,-866,160.25,DIA_100X_EMPTY_1x1_200ms,,,
31,30,11.7882810358305,354,48.6680869093757,1962.21751412429,99.4632768361582,NaN,NaN,NaN,NaN,NaN,NaN,NaN,NaN,NaN,NaN,NaN,NaN,NaN,NaN,NaN,316.130169062811,0.982046296976155,28.9529213879518,12.6100276070253,10.561379731253,2.92337506643995,0.0117880201248802,0.0039376865465617,2,1.00074328259632,2536.43412890257,0,16580.6468926554,1,1,1,4,2018-10-30T18:29:25.549,20181030_ecoli_ARA_M5_10K,-500,-866,160.25,DIA_100X_EMPTY_1x1_200ms,,,
1,31,10.354192233424,321,49.0442756946145,118.931464174455,1149.19937694704,NaN,NaN,NaN,NaN,NaN,NaN,NaN,NaN,NaN,NaN,NaN,NaN,NaN,NaN,NaN,306.529659105514,0.971526015547657,30.5534496303293,11.5282172468604,9.72666760520393,2.62798745759232,0.00547125160697317,0.00235315105349013,1,1.00036620645478,2270.27403472111,2,18053.6884735202,1,1,1,13,2018-10-30T18:29:46.481,20181030_ecoli_ARA_M5_10K,-1000,-1732,160.25,DIA_100X_EMPTY_1x1_200ms,,,
2,31,10.8694302920488,337,45.8980192311961,131.721068249258,1171.69139465875,NaN,NaN,NaN,NaN,NaN,NaN,NaN,NaN,NaN,NaN,NaN,NaN,NaN,NaN,NaN,307.818554173526,0.974475095980833,29.8828754023859,11.9927731952437,9.97172361993657,2.7323959820318,0.011987199633525,0.00651888400780979,0,1.00215515611908,2333.74140368379,3,18148.940652819,1,1,1,13,2018-10-30T18:29:46.481,20181030_ecoli_ARA_M5_10K,-1000,-1732,160.25,DIA_100X_EMPTY_1x1_200ms,,,
3,28,10.7465414045002,302,43.8348828495064,137.761589403974,1140.19536423841,NaN,NaN,NaN,NaN,NaN,NaN,NaN,NaN,NaN,NaN,NaN,NaN,NaN,NaN,NaN,288.864361120603,0.987899325726265,28.4087163216991,11.8290507067076,9.95101928269611,2.68917821308286,0.00673054330260027,0.00319186037566131,1,1.00026588550169,2209.41158589842,3,18469.7185430464,1,1,1,13,2018-10-30T18:29:46.481,20181030_ecoli_ARA_M5_10K,-1000,-1732,160.25,DIA_100X_EMPTY_1x1_200ms,,,
4,28,11.0684630036672,310,47.4634177679863,149.987096774194,1146.95483870968,NaN,NaN,NaN,NaN,NaN,NaN,NaN,NaN,NaN,NaN,NaN,NaN,NaN,NaN,NaN,292.43368813725,0.986345735628729,27.9334281112284,12.0915319868844,10.1148806110557,2.88791501664434,0.0124702405444809,0.00579189130632378,1,1.00175662593613,2244.58285300228,2,18849.4806451613,1,1,1,13,2018-10-30T18:29:46.481,20181030_ecoli_ARA_M5_10K,-1000,-1732,160.25,DIA_100X_EMPTY_1x1_200ms,,,
5,30,12.2329988327939,367,48.5386954033743,195.242506811989,1514.8174386921,NaN,NaN,NaN,NaN,NaN,NaN,NaN,NaN,NaN,NaN,NaN,NaN,NaN,NaN,NaN,316.287200669881,0.984302108343494,28.4126307453202,13.0853581991121,10.7164300563774,3.15828473405344,0.0109142239574147,0.00499172451163643,1,1.00135276875575,2562.72258389704,0,16186.2697547684,1,1,1,13,2018-10-30T18:29:46.481,20181030_ecoli_ARA_M5_10K,-1000,-1732,160.25,DIA_100X_EMPTY_1x1_200ms,,,
6,25,11.6148966870193,291,40.7653982854805,205.735395189003,1283.67010309278,NaN,NaN,NaN,NaN,NaN,NaN,NaN,NaN,NaN,NaN,NaN,NaN,NaN,NaN,NaN,265.632694589962,0.990538092060218,24.7824006337703,12.3461183387235,10.2560997687437,3.12563538243301,0.0132545326246571,0.00650940552266291,1,1.00189040606779,2047.37656881598,1,17233.5154639175,1,1,1,13,2018-10-30T18:29:46.481,20181030_ecoli_ARA_M5_10K,-1000,-1732,160.25,DIA_100X_EMPTY_1x1_200ms,,,
7,30,10.5163253785789,316,46.431466644416,213.231012658228,1268.13607594937,NaN,NaN,NaN,NaN,NaN,NaN,NaN,NaN,NaN,NaN,NaN,NaN,NaN,NaN,NaN,309.514278169151,0.946077561212829,30.4976466833997,12.3220659610665,9.83272260373332,2.66351697909248,0.0106179511814769,0.00520005002772125,0,1.00166530620164,2315.81458396889,1,17756.7151898734,1,1,1,13,2018-10-30T18:29:46.481,20181030_ecoli_ARA_M5_10K,-1000,-1732,160.25,DIA_100X_EMPTY_1x1_200ms,,,
8,24,10.8120414729898,260,36.7926186534704,291.992307692308,1352.40384615385,NaN,NaN,NaN,NaN,NaN,NaN,NaN,NaN,NaN,NaN,NaN,NaN,NaN,NaN,NaN,240.986496286208,0.999112315559512,22.7705706680323,12.7307321012166,10.0819667491751,3.34931743526851,0.0139293289211936,0.00703535034514266,1,1.00181483234527,1817.83440094647,0,17138.5653846154,1,1,1,13,2018-10-30T18:29:46.481,20181030_ecoli_ARA_M5_10K,-1000,-1732,160.25,DIA_100X_EMPTY_1x1_200ms,,,
9,42,16.0797576617399,677,-7.58563872646668,384.101920236337,1086.11225997046,NaN,NaN,NaN,NaN,NaN,NaN,NaN,NaN,NaN,NaN,NaN,NaN,NaN,NaN,NaN,606.590936317551,0.991326173378382,42.075852001723,19.7035729079589,13.9722684975117,4.79821696945876,0.0512635384492233,0.0160957379070489,1,1.03163987735409,6451.43974636395,0,11865.3781388479,1,1,1,13,2018-10-30T18:29:46.481,20181030_ecoli_ARA_M5_10K,-1000,-1732,160.25,DIA_100X_EMPTY_1x1_200ms,,,
10,22,12.1279063624571,270,-1.08467910365319,517.851851851852,94.637037037037,NaN,NaN,NaN,NaN,NaN,NaN,NaN,NaN,NaN,NaN,NaN,NaN,NaN,NaN,NaN,243.796552274693,0.999928872315691,22.0174807139239,13.0921648839857,10.6156043349716,3.46010236401142,0.00649847165415831,0.00306170728645017,1,1.00031992616719,1948.70882630649,0,16800.8444444444,1,1,1,13,2018-10-30T18:29:46.481,20181030_ecoli_ARA_M5_10K,-1000,-1732,160.25,DIA_100X_EMPTY_1x1_200ms,,,
11,20,10.6317941370935,213,-0.279022624233255,515,1980.98122065728,NaN,NaN,NaN,NaN,NaN,NaN,NaN,NaN,NaN,NaN,NaN,NaN,NaN,NaN,NaN,204.370888276062,0.9998922118146,19.7448854245939,12.7885946954356,9.95361266942502,3.38100954526065,0.00280756158233158,0.00142305675072392,1,1.00005574557535,1536.4059235659,0,17191.7042253521,1,1,1,13,2018-10-30T18:29:46.481,20181030_ecoli_ARA_M5_10K,-1000,-1732,160.25,DIA_100X_EMPTY_1x1_200ms,,,
12,27,12.3780839134592,335,43.9123469344241,633.113432835821,1001.77611940299,NaN,NaN,NaN,NaN,NaN,NaN,NaN,NaN,NaN,NaN,NaN,NaN,NaN,NaN,NaN,297.763984393354,0.993167665264742,26.6912092721907,12.7670056687332,10.8412501629391,3.01893989264417,0.0106869871993799,0.00423624020626895,1,1.0008283715081,2463.86474642622,0,16162.7313432836,1,1,1,13,2018-10-30T18:29:46.481,20181030_ecoli_ARA_M5_10K,-1000,-1732,160.25,DIA_100X_EMPTY_1x1_200ms,,,
13,24,12.4392057242264,300,35.5608460809518,757.906666666667,806.063333333333,NaN,NaN,NaN,NaN,NaN,NaN,NaN,NaN,NaN,NaN,NaN,NaN,NaN,NaN,NaN,273.499062429434,0.99644970910128,24.3489632141708,13.2248132688393,10.9232279494069,3.15443132562536,0.00605940001891258,0.00257621080687075,1,1.00021301182616,2281.77253530803,0,16434.51,1,1,1,13,2018-10-30T18:29:46.481,20181030_ecoli_ARA_M5_10K,-1000,-1732,160.25,DIA_100X_EMPTY_1x1_200ms,,,
14,21,11.6487412015154,246,1.77105197534519,823.373983739837,969.166666666667,NaN,NaN,NaN,NaN,NaN,NaN,NaN,NaN,NaN,NaN,NaN,NaN,NaN,NaN,NaN,230.643414861613,0.999777037546358,21.0733514176403,13.2698776276067,10.5230331228662,3.45524333261658,0.0114653860823139,0.00630800735394267,0,1.00117484852971,1832.75902034223,0,16698.7317073171,1,1,1,13,2018-10-30T18:29:46.481,20181030_ecoli_ARA_M5_10K,-1000,-1732,160.25,DIA_100X_EMPTY_1x1_200ms,,,
15,37,10.9872918553385,407,48.869016350956,874.176904176904,780.144963144963,NaN,NaN,NaN,NaN,NaN,NaN,NaN,NaN,NaN,NaN,NaN,NaN,NaN,NaN,NaN,378.538014029852,0.946820267009618,37.4561598425483,11.7686416947114,9.81574020301916,2.4934048659772,0.00932290986955821,0.00349717672035134,2,1.00140245344782,2834.38761409407,0,17298.7567567568,1,1,1,13,2018-10-30T18:29:46.481,20181030_ecoli_ARA_M5_10K,-1000,-1732,160.25,DIA_100X_EMPTY_1x1_200ms,,,
16,35,10.842595311665,380,49.3365360940239,1079.21842105263,689.707894736842,NaN,NaN,NaN,NaN,NaN,NaN,NaN,NaN,NaN,NaN,NaN,NaN,NaN,NaN,NaN,355.556059897003,0.937368967950676,35.2617101793962,11.6403031184621,9.78117036526747,2.45894193092655,0.025005949131276,0.0108333353706244,1,1.011064232554,2649.56696121647,0,17338.2078947368,1,1,1,13,2018-10-30T18:29:46.481,20181030_ecoli_ARA_M5_10K,-1000,-1732,160.25,DIA_100X_EMPTY_1x1_200ms,,,
17,35,11.3826575286018,399,49.2749452178296,1130.31328320802,646.213032581454,NaN,NaN,NaN,NaN,NaN,NaN,NaN,NaN,NaN,NaN,NaN,NaN,NaN,NaN,NaN,360.3837289367,0.949598132777901,35.0586397483532,12.0242988070763,10.015017789425,2.52571874937404,0.00939323681507024,0.00369468768938964,2,1.00131576935073,2761.77563104776,0,17061.1077694236,1,1,1,13,2018-10-30T18:29:46.481,20181030_ecoli_ARA_M5_10K,-1000,-1732,160.25,DIA_100X_EMPTY_1x1_200ms,,,
18,23,11.3955175307549,263,32.8580704789223,1189.34600760456,1472.54752851711,NaN,NaN,NaN,NaN,NaN,NaN,NaN,NaN,NaN,NaN,NaN,NaN,NaN,NaN,NaN,245.273664676394,0.999034526252339,23.0391192705496,12.7621600891196,10.0407284887235,3.53879191896591,0.0126742237912393,0.00712346822398833,0,1.001820761597,1824.25775602421,1,16967.0570342205,1,1,1,13,2018-10-30T18:29:46.481,20181030_ecoli_ARA_M5_10K,-1000,-1732,160.25,DIA_100X_EMPTY_1x1_200ms,,,
19,27,11.3723864085979,308,46.2913146923123,1194.83441558442,1453.15909090909,NaN,NaN,NaN,NaN,NaN,NaN,NaN,NaN,NaN,NaN,NaN,NaN,NaN,NaN,NaN,289.018246393178,0.979309581132637,27.4144598020545,12.1486004114522,10.1620981968708,2.8944754259304,0.0157060984313629,0.006234295559084,1,1.00182262293076,2223.49597883113,1,17273.0844155844,1,1,1,13,2018-10-30T18:29:46.481,20181030_ecoli_ARA_M5_10K,-1000,-1732,160.25,DIA_100X_EMPTY_1x1_200ms,,,
20,35,11.1942594399061,392,48.8612566934166,1276.26530612245,1860.125,NaN,NaN,NaN,NaN,NaN,NaN,NaN,NaN,NaN,NaN,NaN,NaN,NaN,NaN,NaN,358.059672608807,0.971586455663498,35.4894657322326,11.5580419268501,9.81177721553435,2.42969465832432,0.00589186217866425,0.00285461124953828,1,1.00019586023903,2683.39557976143,0,17174.7806122449,1,1,1,13,2018-10-30T18:29:46.481,20181030_ecoli_ARA_M5_10K,-1000,-1732,160.25,DIA_100X_EMPTY_1x1_200ms,,,
21,26,11.5329859065635,300,43.811541771474,1305.08666666667,1011.26333333333,NaN,NaN,NaN,NaN,NaN,NaN,NaN,NaN,NaN,NaN,NaN,NaN,NaN,NaN,NaN,271.501166655662,0.997272964875418,25.8967050854982,12.123054717244,10.2245510272588,2.91695917998734,0.00657262355030586,0.00326291994817677,0,1.0004677225827,2126.29190488093,1,16949.2466666667,1,1,1,13,2018-10-30T18:29:46.481,20181030_ecoli_ARA_M5_10K,-1000,-1732,160.25,DIA_100X_EMPTY_1x1_200ms,,,
22,29,11.0018041038956,320,46.0498553745416,1331.684375,1009.76875,NaN,NaN,NaN,NaN,NaN,NaN,NaN,NaN,NaN,NaN,NaN,NaN,NaN,NaN,NaN,290.083552236645,0.986915111478913,27.74090259781,11.8788282822241,10.067331135359,2.92973118309722,0.0249869698823086,0.0113601637693225,1,1.00686601810694,2208.20391861015,1,17262.515625,1,1,1,13,2018-10-30T18:29:46.481,20181030_ecoli_ARA_M5_10K,-1000,-1732,160.25,DIA_100X_EMPTY_1x1_200ms,,,
23,23,10.2202791538449,235,44.4759328554285,1467.84255319149,526.646808510638,NaN,NaN,NaN,NaN,NaN,NaN,NaN,NaN,NaN,NaN,NaN,NaN,NaN,NaN,NaN,226.860888039256,0.999673886352827,22.0790605627259,12.3184319130631,9.86663020334741,3.23446638206253,0.00616259253432665,0.00338202690804045,0,1.00038675994422,1688.13888962075,1,17815.8255319149,1,1,1,13,2018-10-30T18:29:46.481,20181030_ecoli_ARA_M5_10K,-1000,-1732,160.25,DIA_100X_EMPTY_1x1_200ms,,,
24,32,10.9358955161928,350,46.7817215004773,1480.16857142857,511.568571428571,NaN,NaN,NaN,NaN,NaN,NaN,NaN,NaN,NaN,NaN,NaN,NaN,NaN,NaN,NaN,330.560656396927,0.927315037795245,32.5514131179839,11.5170399634475,9.79685986640893,2.58811576395226,0.0403132166887671,0.0211797223430365,0,1.03447324579347,2453.76812269147,1,18021.6285714286,1,1,1,13,2018-10-30T18:29:46.481,20181030_ecoli_ARA_M5_10K,-1000,-1732,160.25,DIA_100X_EMPTY_1x1_200ms,,,
25,22,10.1951130687723,225,11.1453624342272,1559.26666666667,440.857777777778,NaN,NaN,NaN,NaN,NaN,NaN,NaN,NaN,NaN,NaN,NaN,NaN,NaN,NaN,NaN,218.690386297431,0.99927444463819,20.88837577044,12.560088746109,10.0225680666152,3.31664761919836,0.0211369736982719,0.0117237552100483,0,1.00412406449142,1647.98244733744,1,17243.4177777778,1,1,1,13,2018-10-30T18:29:46.481,20181030_ecoli_ARA_M5_10K,-1000,-1732,160.25,DIA_100X_EMPTY_1x1_200ms,,,
26,44,11.1624617249187,491,49.5162546291329,1586.3116089613,457.209775967413,NaN,NaN,NaN,NaN,NaN,NaN,NaN,NaN,NaN,NaN,NaN,NaN,NaN,NaN,NaN,443.861251750819,0.95124697230281,43.0111503212051,11.7563477270127,10.0944357095969,2.30319618411912,0.0146764549213236,0.00508146952360136,1,1.00255645792262,3442.191532729,1,17438.8594704684,1,1,1,13,2018-10-30T18:29:46.481,20181030_ecoli_ARA_M5_10K,-1000,-1732,160.25,DIA_100X_EMPTY_1x1_200ms,,,
27,28,11.3496633711607,318,47.690713652371,1637.44968553459,424.98427672956,NaN,NaN,NaN,NaN,NaN,NaN,NaN,NaN,NaN,NaN,NaN,NaN,NaN,NaN,NaN,289.780891352205,0.990944012534571,27.4544039361723,12.1841489430325,10.1546804185104,3.0687889318063,0.00777165279412302,0.00249184348899047,1,1.00028714457895,2223.48610996501,0,16800.0125786164,1,1,1,13,2018-10-30T18:29:46.481,20181030_ecoli_ARA_M5_10K,-1000,-1732,160.25,DIA_100X_EMPTY_1x1_200ms,,,
28,38,12.0795137361353,459,49.5076092565015,1726.85838779956,1143.49673202614,NaN,NaN,NaN,NaN,NaN,NaN,NaN,NaN,NaN,NaN,NaN,NaN,NaN,NaN,NaN,394.264827037955,0.962353774135906,36.868451453835,12.1758053726518,10.5014225906767,2.42664600324334,0.00584645640375712,0.00317851303608393,1,1.00079944186212,3193.30976424033,0,16532.8583877996,1,1,1,13,2018-10-30T18:29:46.481,20181030_ecoli_ARA_M5_10K,-1000,-1732,160.25,DIA_100X_EMPTY_1x1_200ms,,,
29,25,11.1776142773574,280,45.341417421708,1855.31428571429,2020.45714285714,NaN,NaN,NaN,NaN,NaN,NaN,NaN,NaN,NaN,NaN,NaN,NaN,NaN,NaN,NaN,252.467707423891,0.998890936949114,23.9350825408684,12.2343518491272,10.2737666151963,2.96299691116967,0.00283116122793556,0.00149503062980398,1,1.00008376196692,1984.19432191899,1,17589.6964285714,1,1,1,13,2018-10-30T18:29:46.481,20181030_ecoli_ARA_M5_10K,-1000,-1732,160.25,DIA_100X_EMPTY_1x1_200ms,,,
30,40,11.7310778170865,469,49.4541950340173,1874.36886993603,1843.36247334755,NaN,NaN,NaN,NaN,NaN,NaN,NaN,NaN,NaN,NaN,NaN,NaN,NaN,NaN,NaN,403.250198602293,0.949100530497891,38.8726819440344,11.8987282137886,10.1966874668199,2.24017386831651,0.0103214091313646,0.00423614547054049,2,1.00158666922111,3174.33386743329,0,17200.2750533049,1,1,1,13,2018-10-30T18:29:46.481,20181030_ecoli_ARA_M5_10K,-1000,-1732,160.25,DIA_100X_EMPTY_1x1_200ms,,,
31,22,10.1157634255734,223,26.6889286853151,1869.2735426009,2025.00448430493,NaN,NaN,NaN,NaN,NaN,NaN,NaN,NaN,NaN,NaN,NaN,NaN,NaN,NaN,NaN,216.178083494252,0.999629521578656,21.4185018790709,12.3184850297694,9.67704170849648,3.25624493777578,0.0145882310983348,0.00803887867091703,0,1.00203903329475,1575.30335478392,2,19324.2825112108,1,1,1,13,2018-10-30T18:29:46.481,20181030_ecoli_ARA_M5_10K,-1000,-1732,160.25,DIA_100X_EMPTY_1x1_200ms,,,
32,18,8.53206952961669,154,-49.0633288088178,1875.93506493506,2041.48701298701,NaN,NaN,NaN,NaN,NaN,NaN,NaN,NaN,NaN,NaN,NaN,NaN,NaN,NaN,NaN,NaN,NaN,NaN,NaN,NaN,NaN,NaN,NaN,NaN,NaN,NaN,2,18414.5649350649,1,1,1,13,2018-10-30T18:29:46.481,20181030_ecoli_ARA_M5_10K,-1000,-1732,160.25,DIA_100X_EMPTY_1x1_200ms,,,
33,39,10.4190591623742,407,49.3255182401401,1894.8230958231,2019.21621621622,NaN,NaN,NaN,NaN,NaN,NaN,NaN,NaN,NaN,NaN,NaN,NaN,NaN,NaN,NaN,378.577148985033,0.956430786930346,38.4606889925211,11.8229577041479,9.59983471964872,2.34979641558039,0.0109408838766132,0.00302687736014629,5,1.00064866775938,2783.77706910749,1,17871.2481572482,1,1,1,13,2018-10-30T18:29:46.481,20181030_ecoli_ARA_M5_10K,-1000,-1732,160.25,DIA_100X_EMPTY_1x1_200ms,,,
34,31,11.6684786067881,362,48.5620853345892,1915.60220994475,83.8591160220994,NaN,NaN,NaN,NaN,NaN,NaN,NaN,NaN,NaN,NaN,NaN,NaN,NaN,NaN,NaN,316.436553637047,0.97905375830203,29.7649107600496,12.6396274917096,10.3868508710668,2.72231463518633,0.0157331026582794,0.00733668271016458,1,1.00325966776391,2522.09974809651,0,16722.9364640884,1,1,1,13,2018-10-30T18:29:46.481,20181030_ecoli_ARA_M5_10K,-1000,-1732,160.25,DIA_100X_EMPTY_1x1_200ms,,,
35,35,11.819247948634,414,45.4999167529084,1967.89855072464,193.739130434783,NaN,NaN,NaN,NaN,NaN,NaN,NaN,NaN,NaN,NaN,NaN,NaN,NaN,NaN,NaN,371.559929941166,0.903146606232901,35.6549261697466,12.3215420968524,10.1012841255289,2.58522269002015,0.0325672777007038,0.0200944254666631,0,1.03544418588077,2857.34444670071,0,17330.3888888889,1,1,1,13,2018-10-30T18:29:46.481,20181030_ecoli_ARA_M5_10K,-1000,-1732,160.25,DIA_100X_EMPTY_1x1_200ms,,,
