CellID,LongAxis,ShortAxis,Area,RegionScore,XPosition,YPosition,Fluor1Sum,Fluor1Mean,Fluor1Background,Fluor1BgStd,Fluor1FociNumber,Fluor2Sum,Fluor2Mean,Fluor2Background,Fluor2BgStd,Fluor2FociNumber,Fluor3Sum,Fluor3Mean,Fluor3Background,Fluor3BgStd,Fluor3FociNumber,MeshArea,MeshSolidity,MeshAxisLength,MeshRibsLengthMax,MeshRibsLengthMean,MeshRibsLengthStd,MeshCurvatureMax,MeshCurvatureMean,MeshCurvatureInflection,MeshSinuosity,MeshVolume,NumOfNeighbors,RegionGrayVal,TimeFrames,AgeFrames,RelativeAge,xyFolder,DateTime,Folder,StageXposition,StageYposition,StageZposition,PhaseConfig,Fluo1Config,Fluo2Config,Fluo3Config
1,36,16.6430992364476,600,-49.9999999953997,30.855,971.306666666667,NaN,NaN,NaN,NaN,NaN,NaN,NaN,NaN,NaN,NaN,NaN,NaN,NaN,NaN,NaN,535.642379733467,0.775369449132189,NaN,NaN,NaN,NaN,NaN,NaN,NaN,NaN,NaN,0,18308.61,1,1,1,1,2018-10-30T17:18:41.030,20181030_ecoli_ARA_M2_2K,-0,-0,161.4,DIA_100X_EMPTY_1x1_200ms,,,
2,31,10.7154683644708,335,43.3101053988288,106.901492537313,1565.00298507463,NaN,NaN,NaN,NaN,NaN,NaN,NaN,NaN,NaN,NaN,NaN,NaN,NaN,NaN,NaN,324.215139186344,0.96734349751371,32.6913497312968,11.402623005933,9.54689866103142,2.64669684686105,0.00982388060966697,0.00473024405491874,1,1.00041334497148,2340.1697345551,0,17646.6597014925,1,1,1,1,2018-10-30T17:18:41.030,20181030_ecoli_ARA_M2_2K,-0,-0,161.4,DIA_100X_EMPTY_1x1_200ms,,,
3,42,10.1884318394474,428,19.7387511507915,124.446261682243,1332.3808411215,NaN,NaN,NaN,NaN,NaN,NaN,NaN,NaN,NaN,NaN,NaN,NaN,NaN,NaN,NaN,407.020958795566,0.846591691229047,41.5765764033196,12.7837214441015,9.60262262711813,2.86496384491099,0.021192114972001,0.00725221560602313,2,1.00398873854635,3011.05251435459,0,17647.9299065421,1,1,1,1,2018-10-30T17:18:41.030,20181030_ecoli_ARA_M2_2K,-0,-0,161.4,DIA_100X_EMPTY_1x1_200ms,,,
4,24,11.0210745285128,266,41.8780838912899,145.815789473684,710.951127819549,NaN,NaN,NaN,NaN,NaN,NaN,NaN,NaN,NaN,NaN,NaN,NaN,NaN,NaN,NaN,246.918410812613,0.994262481205646,24.5081301270414,11.5258664229058,9.51402268986638,3.15071971926279,0.0113530880058661,0.00530948077608055,1,1.00121088800237,1742.32201675373,0,18031.7857142857,1,1,1,1,2018-10-30T17:18:41.030,20181030_ecoli_ARA_M2_2K,-0,-0,161.4,DIA_100X_EMPTY_1x1_200ms,,,
5,22,10.4506539127066,230,20.6144778595902,180.04347826087,1086.38695652174,NaN,NaN,NaN,NaN,NaN,NaN,NaN,NaN,NaN,NaN,NaN,NaN,NaN,NaN,NaN,218.557143370287,0.999921428012413,21.2434236715406,12.2918135845847,9.7170546761921,3.45465559728712,0.0428933145363021,0.00341781778780052,1,1.00019288149099,1575.37404085905,0,17514.7826086957,1,1,1,1,2018-10-30T17:18:41.030,20181030_ecoli_ARA_M2_2K,-0,-0,161.4,DIA_100X_EMPTY_1x1_200ms,,,
6,32,10.9323552024173,350,49.0682048020181,254.997142857143,1530.12285714286,NaN,NaN,NaN,NaN,NaN,NaN,NaN,NaN,NaN,NaN,NaN,NaN,NaN,NaN,NaN,326.38719234327,0.966357819696993,31.6253273010594,11.9243277448191,10.0523091170513,2.57406581693522,0.00888967532429638,0.00606155201091963,0,1.00230655046065,2509.90093488308,0,17189.0657142857,1,1,1,1,2018-10-30T17:18:41.030,20181030_ecoli_ARA_M2_2K,-0,-0,161.4,DIA_100X_EMPTY_1x1_200ms,,,
7,23,9.93894527897318,230,40.2925294381615,258.078260869565,55.5434782608696,NaN,NaN,NaN,NaN,NaN,NaN,NaN,NaN,NaN,NaN,NaN,NaN,NaN,NaN,NaN,222.682628789324,0.999579617981733,22.841106775174,11.3129993360893,9.46837558913692,2.83427094410156,0.0040257003072919,0.00201572368712639,1,1.00004220290654,1608.26636592864,0,18952.2826086957,1,1,1,1,2018-10-30T17:18:41.030,20181030_ecoli_ARA_M2_2K,-0,-0,161.4,DIA_100X_EMPTY_1x1_200ms,,,
8,24,10.0831839475237,242,46.1056258692349,280.962809917355,1369.29338842975,NaN,NaN,NaN,NaN,NaN,NaN,NaN,NaN,NaN,NaN,NaN,NaN,NaN,NaN,NaN,232.745680831843,0.998718069041885,22.8482918926724,11.8679704827257,9.88608265774602,2.95635285582943,0.00404772062356016,0.00204512278189455,1,1.00014944897081,1753.84857524356,0,17352.1115702479,1,1,1,1,2018-10-30T17:18:41.030,20181030_ecoli_ARA_M2_2K,-0,-0,161.4,DIA_100X_EMPTY_1x1_200ms,,,
9,23,10.861376767866,250,39.3315582020536,320.94,1245.524,NaN,NaN,NaN,NaN,NaN,NaN,NaN,NaN,NaN,NaN,NaN,NaN,NaN,NaN,NaN,240.394272847483,0.997162901835154,23.2804285511833,12.0798282883267,10.0059937304296,2.94670891431868,0.0035557009391545,0.00160695420075366,1,1.00006659292981,1830.63307557606,0,17132.552,1,1,1,1,2018-10-30T17:18:41.030,20181030_ecoli_ARA_M2_2K,-0,-0,161.4,DIA_100X_EMPTY_1x1_200ms,,,
10,25,11.3190027877656,285,30.6276240916346,327.122807017544,1574.38947368421,NaN,NaN,NaN,NaN,NaN,NaN,NaN,NaN,NaN,NaN,NaN,NaN,NaN,NaN,NaN,275.976730108443,0.987483702038592,25.942510057648,12.6218365608503,10.2318390187581,3.08266123488267,0.00880651277297366,0.00346849366481584,1,1.00042059098326,2133.09045502324,0,16924.698245614,1,1,1,1,2018-10-30T17:18:41.030,20181030_ecoli_ARA_M2_2K,-0,-0,161.4,DIA_100X_EMPTY_1x1_200ms,,,
11,30,10.8887453074813,327,46.6026933876423,401.730886850153,419.235474006116,NaN,NaN,NaN,NaN,NaN,NaN,NaN,NaN,NaN,NaN,NaN,NaN,NaN,NaN,NaN,299.901873220199,0.978343092022911,29.8647613577426,11.7523049961654,9.81763251709381,2.54096917627814,0.00827371987018948,0.00464663790927834,0,1.00125525819433,2260.80171618959,0,17919.0856269113,1,1,1,1,2018-10-30T17:18:41.030,20181030_ecoli_ARA_M2_2K,-0,-0,161.4,DIA_100X_EMPTY_1x1_200ms,,,
12,27,10.6388676212514,288,46.8826712233344,541.1875,278.996527777778,NaN,NaN,NaN,NaN,NaN,NaN,NaN,NaN,NaN,NaN,NaN,NaN,NaN,NaN,NaN,269.250556550431,0.980491928572477,26.7875113551748,11.7228642927492,9.78730870759302,2.62165710167471,0.00491461766505406,0.00243973076941602,1,1.00008807188266,2015.34231344213,0,17962.71875,1,1,1,1,2018-10-30T17:18:41.030,20181030_ecoli_ARA_M2_2K,-0,-0,161.4,DIA_100X_EMPTY_1x1_200ms,,,
13,25,10.4719679429067,262,46.8099140357126,622.942748091603,395.374045801527,NaN,NaN,NaN,NaN,NaN,NaN,NaN,NaN,NaN,NaN,NaN,NaN,NaN,NaN,NaN,243.723754458702,0.996914963753885,24.2928533190803,11.6415867302762,9.73852192108707,2.79240587111637,0.00134798244357363,0.000748347379296588,0,1.00002232536559,1809.48297636569,0,18029.8740458015,1,1,1,1,2018-10-30T17:18:41.030,20181030_ecoli_ARA_M2_2K,-0,-0,161.4,DIA_100X_EMPTY_1x1_200ms,,,
14,23,10.1768926841103,234,41.6265457889213,627.747863247863,718.07264957265,NaN,NaN,NaN,NaN,NaN,NaN,NaN,NaN,NaN,NaN,NaN,NaN,NaN,NaN,NaN,234.721486049591,0.996321468753316,22.9480120798515,11.674967448352,9.78150815939284,3.05457251570925,0.00610369523509943,0.00258857983002198,1,1.00017945286931,1724.43406821484,0,17806.8547008547,1,1,1,1,2018-10-30T17:18:41.030,20181030_ecoli_ARA_M2_2K,-0,-0,161.4,DIA_100X_EMPTY_1x1_200ms,,,
15,25,11.2118676413841,282,43.1382702902638,637.652482269504,1317.30496453901,NaN,NaN,NaN,NaN,NaN,NaN,NaN,NaN,NaN,NaN,NaN,NaN,NaN,NaN,NaN,267.908015142573,0.987956750449655,25.3022989855576,12.2436499363832,10.3032323172716,2.89986768065228,0.00673007856145848,0.00337837518501838,1,1.00013896282353,2109.58412895273,0,16960.5992907801,1,1,1,1,2018-10-30T17:18:41.030,20181030_ecoli_ARA_M2_2K,-0,-0,161.4,DIA_100X_EMPTY_1x1_200ms,,,
16,28,11.4833190246393,322,47.8336366006729,720.934782608696,891.711180124224,NaN,NaN,NaN,NaN,NaN,NaN,NaN,NaN,NaN,NaN,NaN,NaN,NaN,NaN,NaN,299.91776013319,0.981719224275909,28.0312663056212,12.2007163871569,10.3534846874158,2.89152668214998,0.00898941669188504,0.00395756747869222,1,1.00072775018233,2359.96569364601,0,16927.5155279503,1,1,1,1,2018-10-30T17:18:41.030,20181030_ecoli_ARA_M2_2K,-0,-0,161.4,DIA_100X_EMPTY_1x1_200ms,,,
17,27,11.3276663795665,307,44.7181245091946,858.644951140065,1973.58631921824,NaN,NaN,NaN,NaN,NaN,NaN,NaN,NaN,NaN,NaN,NaN,NaN,NaN,NaN,NaN,281.190954424094,0.980340037637103,27.3689159592835,11.854872692531,9.89069752197216,2.86427940005579,0.0103284914233968,0.00455549998010893,1,1.00121450063539,2102.81621993305,0,16798.1335504886,1,1,1,1,2018-10-30T17:18:41.030,20181030_ecoli_ARA_M2_2K,-0,-0,161.4,DIA_100X_EMPTY_1x1_200ms,,,
18,20,10.8056659070082,217,-32.7704848351235,859.322580645161,1336.1935483871,NaN,NaN,NaN,NaN,NaN,NaN,NaN,NaN,NaN,NaN,NaN,NaN,NaN,NaN,NaN,213.297612927906,0.999904101286213,20.5136874298898,12.4869296103882,9.9095216372901,3.42209330549616,0.00291257994055576,0.000331881728800726,2,1.00000047057194,1582.11845224404,0,17212.8525345622,1,1,1,1,2018-10-30T17:18:41.030,20181030_ecoli_ARA_M2_2K,-0,-0,161.4,DIA_100X_EMPTY_1x1_200ms,,,
19,24,10.6543558669147,256,43.6746071541447,936.53515625,572.84765625,NaN,NaN,NaN,NaN,NaN,NaN,NaN,NaN,NaN,NaN,NaN,NaN,NaN,NaN,NaN,245.973761968595,0.997259131557573,23.9244238466477,12.0486070953931,10.0189901844131,2.87473012832153,0.00273572801985701,0.00154800357946223,0,1.00009135677772,1886.16321791707,0,17413.0859375,1,1,1,1,2018-10-30T17:18:41.030,20181030_ecoli_ARA_M2_2K,-0,-0,161.4,DIA_100X_EMPTY_1x1_200ms,,,
20,39,10.5633399234793,412,19.1729711245676,1006.43932038835,75.4805825242718,NaN,NaN,NaN,NaN,NaN,NaN,NaN,NaN,NaN,NaN,NaN,NaN,NaN,NaN,NaN,393.908612485936,0.849731102301276,39.0998081130905,13.5412312199153,9.80303338082858,2.92716898559048,0.0260716194966658,0.0131355863200046,2,1.00494470281774,2951.11049355525,0,17834.4781553398,1,1,1,1,2018-10-30T17:18:41.030,20181030_ecoli_ARA_M2_2K,-0,-0,161.4,DIA_100X_EMPTY_1x1_200ms,,,
21,26,10.0430470719644,264,48.3170085298303,1079.33712121212,880.492424242424,NaN,NaN,NaN,NaN,NaN,NaN,NaN,NaN,NaN,NaN,NaN,NaN,NaN,NaN,NaN,259.847620722704,0.981441642692432,26.2671200599649,11.5641386678772,9.48146997502841,2.89345228001175,0.0191696592622404,0.00970317962674516,1,1.00472308987556,1854.61466138101,0,17290.2613636364,1,1,1,1,2018-10-30T17:18:41.030,20181030_ecoli_ARA_M2_2K,-0,-0,161.4,DIA_100X_EMPTY_1x1_200ms,,,
22,23,10.8278913231641,249,40.5944839806738,1227.60240963855,615.518072289157,NaN,NaN,NaN,NaN,NaN,NaN,NaN,NaN,NaN,NaN,NaN,NaN,NaN,NaN,NaN,235.540630793817,0.999054557502699,22.2080220001905,12.5841507288319,10.069814109348,3.43515670611183,0.0123456656619111,0.00524479088754089,1,1.00083322812656,1768.65313127878,0,16943.5341365462,1,1,1,1,2018-10-30T17:18:41.030,20181030_ecoli_ARA_M2_2K,-0,-0,161.4,DIA_100X_EMPTY_1x1_200ms,,,
23,30,10.3655843728584,311,46.4428969372,1364.52090032154,888.286173633441,NaN,NaN,NaN,NaN,NaN,NaN,NaN,NaN,NaN,NaN,NaN,NaN,NaN,NaN,NaN,302.781937067084,0.976301596844814,30.2717995656487,11.592985227013,9.76793243578199,2.4975473136148,0.00883044570724289,0.00316827079392939,1,1.00051936139027,2268.47195502753,0,17405.0353697749,1,1,1,1,2018-10-30T17:18:41.030,20181030_ecoli_ARA_M2_2K,-0,-0,161.4,DIA_100X_EMPTY_1x1_200ms,,,
24,23,10.8045440857905,249,21.7108276985457,1460.75502008032,1835.30522088353,NaN,NaN,NaN,NaN,NaN,NaN,NaN,NaN,NaN,NaN,NaN,NaN,NaN,NaN,NaN,234.21578336728,0.99915164027968,22.7700960907157,12.1359838733442,9.96734809592235,3.03011046062887,0.00783299975125721,0.00383476628737309,1,1.00053203223672,1776.69956515546,0,17715.6425702811,1,1,1,1,2018-10-30T17:18:41.030,20181030_ecoli_ARA_M2_2K,-0,-0,161.4,DIA_100X_EMPTY_1x1_200ms,,,
25,30,11.3708665012706,342,16.2991668367688,1788.4298245614,1285.35380116959,NaN,NaN,NaN,NaN,NaN,NaN,NaN,NaN,NaN,NaN,NaN,NaN,NaN,NaN,NaN,NaN,NaN,NaN,NaN,NaN,NaN,NaN,NaN,NaN,NaN,NaN,0,18325.8070175439,1,1,1,1,2018-10-30T17:18:41.030,20181030_ecoli_ARA_M2_2K,-0,-0,161.4,DIA_100X_EMPTY_1x1_200ms,,,
26,28,10.6382968206131,300,44.8231900487716,1958.35333333333,171.856666666667,NaN,NaN,NaN,NaN,NaN,NaN,NaN,NaN,NaN,NaN,NaN,NaN,NaN,NaN,NaN,277.155639982359,0.978978484565082,27.6935822220683,11.682298880213,9.55715255254569,2.89437022953834,0.0846157219831482,0.00313202573544434,1,1.00010285540987,1986.6714665457,0,17412.55,1,1,1,1,2018-10-30T17:18:41.030,20181030_ecoli_ARA_M2_2K,-0,-0,161.4,DIA_100X_EMPTY_1x1_200ms,,,
1,26,12.7697900917508,333,41.5991917235992,18.4354354354354,1954.04804804805,NaN,NaN,NaN,NaN,NaN,NaN,NaN,NaN,NaN,NaN,NaN,NaN,NaN,NaN,NaN,274.632953695911,0.993455936259908,24.9105173989659,12.6906626574801,10.5910793189031,3.13692839600687,0.00958670747618305,0.00470142413366103,1,1.00088660543978,2194.58835587801,0,19813.6276276276,1,1,1,19,2018-10-30T17:19:23.040,20181030_ecoli_ARA_M2_2K,1000,1732,161.4,DIA_100X_EMPTY_1x1_200ms,,,
2,31,15.7727231618897,492,-48.9959132023885,21.270325203252,783.569105691057,NaN,NaN,NaN,NaN,NaN,NaN,NaN,NaN,NaN,NaN,NaN,NaN,NaN,NaN,NaN,373.426053258688,0.901501824104732,30.4608146758528,14.7131697765004,11.3999418111468,3.47670718792323,0.0887541069659809,0.0391167952534582,2,1.02874559305276,3109.11413268999,0,21737.0426829268,1,1,1,19,2018-10-30T17:19:23.040,20181030_ecoli_ARA_M2_2K,1000,1732,161.4,DIA_100X_EMPTY_1x1_200ms,,,
3,22,12.5497244782494,276,-6.95945670538719,24.981884057971,524.351449275362,NaN,NaN,NaN,NaN,NaN,NaN,NaN,NaN,NaN,NaN,NaN,NaN,NaN,NaN,NaN,214.626212623184,0.999865157919709,18.7973727144047,14.1388831620075,10.7502793560683,4.01676617922129,0.00902532439941835,0.00482392285908282,0,1.00057372315353,1706.18662819659,0,21061.768115942,1,1,1,19,2018-10-30T17:19:23.040,20181030_ecoli_ARA_M2_2K,1000,1732,161.4,DIA_100X_EMPTY_1x1_200ms,,,
4,22,11.0870252554959,244,30.102696097431,86.2172131147541,358.102459016393,NaN,NaN,NaN,NaN,NaN,NaN,NaN,NaN,NaN,NaN,NaN,NaN,NaN,NaN,NaN,204.401099095588,0.999647774578832,19.8020890913692,12.5315402727079,9.95490274317014,3.28317078430234,0.00162109073114078,0.000822918060101588,1,1.0000188255675,1541.25654677365,0,22616.2418032787,1,1,1,19,2018-10-30T17:19:23.040,20181030_ecoli_ARA_M2_2K,1000,1732,161.4,DIA_100X_EMPTY_1x1_200ms,,,
5,22,7.05091196110481,156,-49.9997837294174,125.871794871795,758.769230769231,NaN,NaN,NaN,NaN,NaN,NaN,NaN,NaN,NaN,NaN,NaN,NaN,NaN,NaN,NaN,151.551081067045,0.999344903007092,16.4662831855648,12.1091383431344,8.71894852241309,3.47980742561584,0.00726881220430676,0.00343819706975224,1,1.00022249659593,983.136202342491,1,24451.5192307692,1,1,1,19,2018-10-30T17:19:23.040,20181030_ecoli_ARA_M2_2K,1000,1732,161.4,DIA_100X_EMPTY_1x1_200ms,,,
6,23,11.9985780876784,277,17.7026241883398,128.490974729242,457.530685920578,NaN,NaN,NaN,NaN,NaN,NaN,NaN,NaN,NaN,NaN,NaN,NaN,NaN,NaN,NaN,225.23543238923,0.999638038600069,21.8241863551177,12.6547226859891,9.8740135878741,3.30788635613538,0.0170801759481996,0.00791093124408792,1,1.00211087603196,1671.14980966353,0,22430.7725631769,1,1,1,19,2018-10-30T17:19:23.040,20181030_ecoli_ARA_M2_2K,1000,1732,161.4,DIA_100X_EMPTY_1x1_200ms,,,
7,22,4.63842822928784,104,-49.999944130942,128.288461538462,778.201923076923,NaN,NaN,NaN,NaN,NaN,NaN,NaN,NaN,NaN,NaN,NaN,NaN,NaN,NaN,NaN,202.281435090618,0.929339628151815,NaN,NaN,NaN,NaN,NaN,NaN,NaN,NaN,NaN,1,24823.8942307692,1,1,1,19,2018-10-30T17:19:23.040,20181030_ecoli_ARA_M2_2K,1000,1732,161.4,DIA_100X_EMPTY_1x1_200ms,,,
8,30,11.8574799061844,357,47.9911015573248,537.058823529412,25.4565826330532,NaN,NaN,NaN,NaN,NaN,NaN,NaN,NaN,NaN,NaN,NaN,NaN,NaN,NaN,NaN,295.33674739836,0.981553919478851,29.1143126809215,11.582199273465,9.86087745994496,2.74888199235705,0.0174953205440438,0.00868242528617347,1,1.00467308330312,2223.45091859606,0,22098.6638655462,1,1,1,19,2018-10-30T17:19:23.040,20181030_ecoli_ARA_M2_2K,1000,1732,161.4,DIA_100X_EMPTY_1x1_200ms,,,
9,27,12.1925961457624,329,43.9085427131292,548.422492401216,248.787234042553,NaN,NaN,NaN,NaN,NaN,NaN,NaN,NaN,NaN,NaN,NaN,NaN,NaN,NaN,NaN,265.747732394005,0.998099816357793,24.4055417617551,12.6534017741622,10.6092150084024,3.04326811934911,0.00640328116149723,0.00344792958852921,0,1.00046993349324,2157.47035058301,0,21731.9696048632,1,1,1,19,2018-10-30T17:19:23.040,20181030_ecoli_ARA_M2_2K,1000,1732,161.4,DIA_100X_EMPTY_1x1_200ms,,,
10,22,12.1362534489702,267,13.2829841339548,571.932584269663,400.318352059925,NaN,NaN,NaN,NaN,NaN,NaN,NaN,NaN,NaN,NaN,NaN,NaN,NaN,NaN,NaN,216.776343267559,0.999793732074932,20.203838993855,12.9999369855096,10.342852874267,3.39937670910397,0.00634715603275491,0.00276733408913879,1,1.00018619093011,1697.47925006005,0,21536.5018726592,1,1,1,19,2018-10-30T17:19:23.040,20181030_ecoli_ARA_M2_2K,1000,1732,161.4,DIA_100X_EMPTY_1x1_200ms,,,
11,26,12.5342265892362,326,40.3820347990437,678.711656441718,974.883435582822,NaN,NaN,NaN,NaN,NaN,NaN,NaN,NaN,NaN,NaN,NaN,NaN,NaN,NaN,NaN,267.730477998286,0.999038627575528,23.5918764922226,13.2513430997656,10.9629560498828,3.33236351852826,0.0086492535154242,0.00389168196636196,1,1.00032235555254,2226.9358840016,0,19766.3496932515,1,1,1,19,2018-10-30T17:19:23.040,20181030_ecoli_ARA_M2_2K,1000,1732,161.4,DIA_100X_EMPTY_1x1_200ms,,,
12,36,11.9132711906961,429,49.2321228679945,907.370629370629,214.762237762238,NaN,NaN,NaN,NaN,NaN,NaN,NaN,NaN,NaN,NaN,NaN,NaN,NaN,NaN,NaN,352.269186098187,0.960588043366836,34.8500342708551,11.7071356586533,9.91688668864595,2.32195953726121,0.00687569692504916,0.00230199394027217,2,1.00031694489578,2691.80622305369,0,21117.4895104895,1,1,1,19,2018-10-30T17:19:23.040,20181030_ecoli_ARA_M2_2K,1000,1732,161.4,DIA_100X_EMPTY_1x1_200ms,,,
13,37,11.9277158697477,442,48.7838138411265,902.056561085973,828.427601809955,NaN,NaN,NaN,NaN,NaN,NaN,NaN,NaN,NaN,NaN,NaN,NaN,NaN,NaN,NaN,371.402657161485,0.958761109903254,35.9943151965757,11.8798754313025,10.0431367366906,2.4873550104621,0.00824296881549379,0.00337954357999555,2,1.00092235538325,2851.42890671398,0,20133.721719457,1,1,1,19,2018-10-30T17:19:23.040,20181030_ecoli_ARA_M2_2K,1000,1732,161.4,DIA_100X_EMPTY_1x1_200ms,,,
14,21,12.1325731096177,256,-5.45372157522895,1050.30078125,1632.01171875,NaN,NaN,NaN,NaN,NaN,NaN,NaN,NaN,NaN,NaN,NaN,NaN,NaN,NaN,NaN,222.093642026503,0.999680859240756,20.4086100171153,13.1132225300224,10.5611340747428,3.36545527244561,0.00439205528888615,0.00205954885722031,1,1.00005057414446,1787.82258980581,0,19523.98046875,1,1,1,19,2018-10-30T17:19:23.040,20181030_ecoli_ARA_M2_2K,1000,1732,161.4,DIA_100X_EMPTY_1x1_200ms,,,
15,25,12.1771692024842,305,33.085778293407,1060.95737704918,895.606557377049,NaN,NaN,NaN,NaN,NaN,NaN,NaN,NaN,NaN,NaN,NaN,NaN,NaN,NaN,NaN,223.347090590581,0.999700594595349,21.038523335292,13.8898426287812,10.192899237512,3.85656923614463,0.00738026733893043,0.00326987929875309,1,1.00020143251546,1716.72446921151,0,22868.7836065574,1,1,1,19,2018-10-30T17:19:23.040,20181030_ecoli_ARA_M2_2K,1000,1732,161.4,DIA_100X_EMPTY_1x1_200ms,,,
16,30,12.567891383627,377,47.7840762552347,1145.03978779841,2034.61538461538,NaN,NaN,NaN,NaN,NaN,NaN,NaN,NaN,NaN,NaN,NaN,NaN,NaN,NaN,NaN,301.392709800803,0.997515719094975,27.3645053236835,12.7469288405352,10.7569121920105,2.98116244972043,0.00511897655512668,0.00305026213026751,1,1.00011762406941,2486.86797733183,0,19217.9893899204,1,1,1,19,2018-10-30T17:19:23.040,20181030_ecoli_ARA_M2_2K,1000,1732,161.4,DIA_100X_EMPTY_1x1_200ms,,,
17,36,11.9210332148346,430,49.0895503752004,1147.40930232558,1031.86976744186,NaN,NaN,NaN,NaN,NaN,NaN,NaN,NaN,NaN,NaN,NaN,NaN,NaN,NaN,NaN,365.218456929334,0.959973074736222,35.0651132670258,12.0640940095425,10.1540808508832,2.43964111726366,0.00695846553823009,0.00349126849162789,2,1.0005567475271,2839.52934785262,0,19456.6976744186,1,1,1,19,2018-10-30T17:19:23.040,20181030_ecoli_ARA_M2_2K,1000,1732,161.4,DIA_100X_EMPTY_1x1_200ms,,,
18,24,11.8322711657065,284,34.1735003641324,1185.94718309859,453.042253521127,NaN,NaN,NaN,NaN,NaN,NaN,NaN,NaN,NaN,NaN,NaN,NaN,NaN,NaN,NaN,239.798848510944,0.999161428275929,22.7252973893639,12.4674179002909,10.2017534627005,3.12685700407774,0.00654419386296237,0.00307233529263658,1,1.00033358214144,1857.5867506255,0,19451.0985915493,1,1,1,19,2018-10-30T17:19:23.040,20181030_ecoli_ARA_M2_2K,1000,1732,161.4,DIA_100X_EMPTY_1x1_200ms,,,
19,35,11.7433781792831,411,49.3004423510413,1189.099756691,58.5255474452555,NaN,NaN,NaN,NaN,NaN,NaN,NaN,NaN,NaN,NaN,NaN,NaN,NaN,NaN,NaN,340.142128260002,0.974811799889087,33.03532529611,11.8548269096393,9.8632546566576,2.85134514436336,0.00856604755920151,0.00354768713669106,1,1.00066445956596,2524.11397524655,0,20444.7201946472,1,1,1,19,2018-10-30T17:19:23.040,20181030_ecoli_ARA_M2_2K,1000,1732,161.4,DIA_100X_EMPTY_1x1_200ms,,,
20,38,12.1042839527345,460,49.3031549323738,1202.58043478261,502.069565217391,NaN,NaN,NaN,NaN,NaN,NaN,NaN,NaN,NaN,NaN,NaN,NaN,NaN,NaN,NaN,381.815632624677,0.969084325060151,36.2800336695754,11.8472479414115,10.1796626401629,2.67126028104157,0.00808367258813137,0.00259140859543511,0,1.00041255507461,2952.73406030724,0,19754.0869565217,1,1,1,19,2018-10-30T17:19:23.040,20181030_ecoli_ARA_M2_2K,1000,1732,161.4,DIA_100X_EMPTY_1x1_200ms,,,
21,21,11.5415618621782,243,12.4129564652188,1241.97119341564,438.946502057613,NaN,NaN,NaN,NaN,NaN,NaN,NaN,NaN,NaN,NaN,NaN,NaN,NaN,NaN,NaN,204.77830155737,0.99978539327213,19.3944347127673,12.8007521827018,10.2174168553143,3.32448413535159,0.00204244485853838,0.00101790758339362,1,1.00000858258454,1590.19078257528,0,20222.1646090535,1,1,1,19,2018-10-30T17:19:23.040,20181030_ecoli_ARA_M2_2K,1000,1732,161.4,DIA_100X_EMPTY_1x1_200ms,,,
22,27,11.7822678316769,319,44.7093475006409,1273.23510971787,1200.3605015674,NaN,NaN,NaN,NaN,NaN,NaN,NaN,NaN,NaN,NaN,NaN,NaN,NaN,NaN,NaN,277.717101591117,0.981544371504916,26.5061053623754,11.9412854229541,10.128524532799,2.8445423819399,0.0134264463221605,0.00549928414187914,1,1.00099355523443,2135.64060762574,0,19787.9717868339,1,1,1,19,2018-10-30T17:19:23.040,20181030_ecoli_ARA_M2_2K,1000,1732,161.4,DIA_100X_EMPTY_1x1_200ms,,,
23,40,11.7598937701441,471,49.5712853823231,1314.14649681529,575.426751592357,NaN,NaN,NaN,NaN,NaN,NaN,NaN,NaN,NaN,NaN,NaN,NaN,NaN,NaN,NaN,398.855271082057,0.960996329289602,38.1811211877755,12.0711373675397,10.2300371202696,2.35348175243904,0.00849982571921209,0.0026326502801307,2,1.00034664409207,3138.28931244917,0,18878.838641189,1,1,1,19,2018-10-30T17:19:23.040,20181030_ecoli_ARA_M2_2K,1000,1732,161.4,DIA_100X_EMPTY_1x1_200ms,,,
24,21,11.4671232503411,241,-16.7633242881386,1320.377593361,1500.87966804979,NaN,NaN,NaN,NaN,NaN,NaN,NaN,NaN,NaN,NaN,NaN,NaN,NaN,NaN,NaN,212.130278571933,0.999799002511047,19.888539923845,13.1588047586103,10.1704992369391,3.57517329971328,0.00658201748180822,0.00287431582945325,1,1.00014589963271,1615.7617615325,0,19588.8630705394,1,1,1,19,2018-10-30T17:19:23.040,20181030_ecoli_ARA_M2_2K,1000,1732,161.4,DIA_100X_EMPTY_1x1_200ms,,,
25,39,12.2652746853234,478,49.2180728175325,1333.10878661088,80.4163179916318,NaN,NaN,NaN,NaN,NaN,NaN,NaN,NaN,NaN,NaN,NaN,NaN,NaN,NaN,NaN,398.287004696448,0.950428394897357,38.1838261066393,11.9943166221802,10.0913813910217,2.56870195748215,0.0135055169671366,0.0051861753359716,3,1.00272889812612,3054.01077582323,0,19899.7280334728,1,1,1,19,2018-10-30T17:19:23.040,20181030_ecoli_ARA_M2_2K,1000,1732,161.4,DIA_100X_EMPTY_1x1_200ms,,,
26,27,12.6274998396191,341,43.8865516416717,1458.53372434018,1833.51319648094,NaN,NaN,NaN,NaN,NaN,NaN,NaN,NaN,NaN,NaN,NaN,NaN,NaN,NaN,NaN,282.143336003958,0.988539469130194,25.518519349196,12.6868799571905,10.6597901689326,3.048181603367,0.00462212765703766,0.00262651365521577,1,1.00007267215591,2277.41756126337,0,19936.3607038123,1,1,1,19,2018-10-30T17:19:23.040,20181030_ecoli_ARA_M2_2K,1000,1732,161.4,DIA_100X_EMPTY_1x1_200ms,,,
27,25,11.7758163981033,295,41.6785068394037,1529.17627118644,304.857627118644,NaN,NaN,NaN,NaN,NaN,NaN,NaN,NaN,NaN,NaN,NaN,NaN,NaN,NaN,NaN,255.491062167365,0.992012144787274,24.2326871666193,12.0808340483338,10.0652185412357,3.17843051442364,0.0185398850146973,0.00869148784383733,1,1.00321638634566,1928.1369398852,0,20253.806779661,1,1,1,19,2018-10-30T17:19:23.040,20181030_ecoli_ARA_M2_2K,1000,1732,161.4,DIA_100X_EMPTY_1x1_200ms,,,
28,28,11.5434316020102,324,47.2040932731545,1593.54938271605,858.064814814815,NaN,NaN,NaN,NaN,NaN,NaN,NaN,NaN,NaN,NaN,NaN,NaN,NaN,NaN,NaN,290.326950749578,0.977824675182002,27.8973974392238,11.9134214876642,10.002082175064,2.89012351622162,0.0091256340895188,0.00416238575335961,1,1.00093737913032,2191.96899885538,0,19518.5308641975,1,1,1,19,2018-10-30T17:19:23.040,20181030_ecoli_ARA_M2_2K,1000,1732,161.4,DIA_100X_EMPTY_1x1_200ms,,,
29,28,12.187038800083,349,36.7387746051155,1598.83954154728,1024.69340974212,NaN,NaN,NaN,NaN,NaN,NaN,NaN,NaN,NaN,NaN,NaN,NaN,NaN,NaN,NaN,296.415437779528,0.983119246582475,27.5679972010111,12.3471120596374,10.3976709197773,2.92693456587224,0.00383677907234003,0.00200654923893577,0,1.00020326324384,2340.81576489539,0,19549.2464183381,1,1,1,19,2018-10-30T17:19:23.040,20181030_ecoli_ARA_M2_2K,1000,1732,161.4,DIA_100X_EMPTY_1x1_200ms,,,
30,33,12.2392658359914,405,47.7299315159519,1608.06172839506,530.632098765432,NaN,NaN,NaN,NaN,NaN,NaN,NaN,NaN,NaN,NaN,NaN,NaN,NaN,NaN,NaN,343.692563744563,0.969758675093034,32.6967730485653,12.0038219700445,10.2619914513995,2.52786787568704,0.00714364277778872,0.00325595735191287,0,1.00078376453868,2704.31994549904,0,19736.224691358,1,1,1,19,2018-10-30T17:19:23.040,20181030_ecoli_ARA_M2_2K,1000,1732,161.4,DIA_100X_EMPTY_1x1_200ms,,,
31,10,3.79971647784399,40,-49.9992829584633,1621.375,1223.3,NaN,NaN,NaN,NaN,NaN,NaN,NaN,NaN,NaN,NaN,NaN,NaN,NaN,NaN,NaN,114.641980560268,0.999627561564805,NaN,NaN,NaN,NaN,NaN,NaN,NaN,NaN,NaN,2,25267.3,1,1,1,19,2018-10-30T17:19:23.040,20181030_ecoli_ARA_M2_2K,1000,1732,161.4,DIA_100X_EMPTY_1x1_200ms,,,
32,10,5.47066460093495,55,-49.9997155084493,1624.4,1211.10909090909,NaN,NaN,NaN,NaN,NaN,NaN,NaN,NaN,NaN,NaN,NaN,NaN,NaN,NaN,NaN,119.886640739721,0.999643872279536,NaN,NaN,NaN,NaN,NaN,NaN,NaN,NaN,NaN,2,25234.7090909091,1,1,1,19,2018-10-30T17:19:23.040,20181030_ecoli_ARA_M2_2K,1000,1732,161.4,DIA_100X_EMPTY_1x1_200ms,,,
33,61,11.6717252695599,713,-49.7687659038995,1647.27349228612,1235.36044880785,NaN,NaN,NaN,NaN,NaN,NaN,NaN,NaN,NaN,NaN,NaN,NaN,NaN,NaN,NaN,820.75277155561,0.590507644860347,79.2881395187631,13.6036677590164,10.0225331669106,2.06973769295975,0.127558784691947,0.0489078459383229,3,1.56570813822394,6255.37158384077,3,26675.5063113604,1,1,1,19,2018-10-30T17:19:23.040,20181030_ecoli_ARA_M2_2K,1000,1732,161.4,DIA_100X_EMPTY_1x1_200ms,,,
34,40,9.26858044061604,372,-49.9766902292272,1661.95698924731,1223.45698924731,NaN,NaN,NaN,NaN,NaN,NaN,NaN,NaN,NaN,NaN,NaN,NaN,NaN,NaN,NaN,480.185863738707,0.714686782859296,NaN,NaN,NaN,NaN,NaN,NaN,NaN,NaN,NaN,2,26519.935483871,1,1,1,19,2018-10-30T17:19:23.040,20181030_ecoli_ARA_M2_2K,1000,1732,161.4,DIA_100X_EMPTY_1x1_200ms,,,
35,25,4.36595520524707,110,-49.9999715465609,1656.7,1210.99090909091,NaN,NaN,NaN,NaN,NaN,NaN,NaN,NaN,NaN,NaN,NaN,NaN,NaN,NaN,NaN,233.182760721536,0.973866620898973,NaN,NaN,NaN,NaN,NaN,NaN,NaN,NaN,NaN,1,25605.6909090909,1,1,1,19,2018-10-30T17:19:23.040,20181030_ecoli_ARA_M2_2K,1000,1732,161.4,DIA_100X_EMPTY_1x1_200ms,,,
36,21,10.0138819117747,211,11.4139695879275,1671.01421800948,675.530805687204,NaN,NaN,NaN,NaN,NaN,NaN,NaN,NaN,NaN,NaN,NaN,NaN,NaN,NaN,NaN,207.06469680926,0.987626207079463,21.0770496155198,11.7065046464265,9.3763651765679,2.9844932645805,0.032349294595755,0.0171383672678185,0,1.00919649994624,1455.35427431938,0,22116.6587677725,1,1,1,19,2018-10-30T17:19:23.040,20181030_ecoli_ARA_M2_2K,1000,1732,161.4,DIA_100X_EMPTY_1x1_200ms,,,
37,25,10.8210437242745,271,24.9985984433269,1683.05166051661,1060.87822878229,NaN,NaN,NaN,NaN,NaN,NaN,NaN,NaN,NaN,NaN,NaN,NaN,NaN,NaN,NaN,227.210982517242,0.983472247384921,22.946145155554,12.6272328119113,9.5865347407208,3.03193591592334,0.0138391017531176,0.00694613249744712,1,1.00044498130435,1656.2386641622,1,21769.7121771218,1,1,1,19,2018-10-30T17:19:23.040,20181030_ecoli_ARA_M2_2K,1000,1732,161.4,DIA_100X_EMPTY_1x1_200ms,,,
38,30,11.8669507971724,356,-49.9999985242397,1685.80056179775,1204.51966292135,NaN,NaN,NaN,NaN,NaN,NaN,NaN,NaN,NaN,NaN,NaN,NaN,NaN,NaN,NaN,390.027880494279,0.80469727926605,NaN,NaN,NaN,NaN,NaN,NaN,NaN,NaN,NaN,0,25435.4438202247,1,1,1,19,2018-10-30T17:19:23.040,20181030_ecoli_ARA_M2_2K,1000,1732,161.4,DIA_100X_EMPTY_1x1_200ms,,,
39,21,10.7627761195875,227,18.5412447464688,1690.62995594714,720.321585903084,NaN,NaN,NaN,NaN,NaN,NaN,NaN,NaN,NaN,NaN,NaN,NaN,NaN,NaN,NaN,220.558298921289,0.999691187303025,20.8424144954287,12.5098682980321,10.0169589670003,3.5014080408325,0.00611272496629521,0.00279396530873603,1,1.00023768798684,1642.51634266178,1,19420.2246696035,1,1,1,19,2018-10-30T17:19:23.040,20181030_ecoli_ARA_M2_2K,1000,1732,161.4,DIA_100X_EMPTY_1x1_200ms,,,
40,13,4.22400359389445,56,-49.999211164321,1691.14285714286,1043.55357142857,NaN,NaN,NaN,NaN,NaN,NaN,NaN,NaN,NaN,NaN,NaN,NaN,NaN,NaN,NaN,128.914899552306,0.999510104977381,NaN,NaN,NaN,NaN,NaN,NaN,NaN,NaN,NaN,1,24867.9642857143,1,1,1,19,2018-10-30T17:19:23.040,20181030_ecoli_ARA_M2_2K,1000,1732,161.4,DIA_100X_EMPTY_1x1_200ms,,,
41,19,11.1605736594252,213,-28.6269343436458,1697.30985915493,732.18779342723,NaN,NaN,NaN,NaN,NaN,NaN,NaN,NaN,NaN,NaN,NaN,NaN,NaN,NaN,NaN,202.329774971158,0.999855843331188,18.3044884600999,13.784908505409,10.6553984189405,3.69163940485325,0.0102877100405525,0.0056951314761934,0,1.00072549525796,1632.25070273377,1,19627.9671361502,1,1,1,19,2018-10-30T17:19:23.040,20181030_ecoli_ARA_M2_2K,1000,1732,161.4,DIA_100X_EMPTY_1x1_200ms,,,
42,37,11.2404772641496,416,49.6181258493164,1731.36778846154,127.079326923077,NaN,NaN,NaN,NaN,NaN,NaN,NaN,NaN,NaN,NaN,NaN,NaN,NaN,NaN,NaN,362.941393062608,0.957409073018721,35.4158474258064,11.7758963619612,10.0643500715223,2.35118832751869,0.00360316950127863,0.00147536053513649,3,1.00006280586727,2817.4679763263,0,20056.9423076923,1,1,1,19,2018-10-30T17:19:23.040,20181030_ecoli_ARA_M2_2K,1000,1732,161.4,DIA_100X_EMPTY_1x1_200ms,,,
43,71,11.5166679425402,818,-49.9989735084306,1730.81662591687,1160.56356968215,NaN,NaN,NaN,NaN,NaN,NaN,NaN,NaN,NaN,NaN,NaN,NaN,NaN,NaN,NaN,896.17542672159,0.622343205922724,84.4964682502454,13.239083961734,10.1942529165584,2.06644088571693,0.134921101096712,0.0451445530448926,4,1.16688793974047,6896.66683345178,1,24738.1687041565,1,1,1,19,2018-10-30T17:19:23.040,20181030_ecoli_ARA_M2_2K,1000,1732,161.4,DIA_100X_EMPTY_1x1_200ms,,,
44,30,8.79674129177942,264,-29.4741529578253,1730.37121212121,1221.67045454545,NaN,NaN,NaN,NaN,NaN,NaN,NaN,NaN,NaN,NaN,NaN,NaN,NaN,NaN,NaN,271.58493374908,0.92031365809102,29.766843790638,11.7368280551434,8.7993229645758,2.61780269724863,0.0225224970345703,0.00898831043721812,1,1.00419905359976,1810.17759766101,1,24429.7803030303,1,1,1,19,2018-10-30T17:19:23.040,20181030_ecoli_ARA_M2_2K,1000,1732,161.4,DIA_100X_EMPTY_1x1_200ms,,,
45,43,7.31169197736618,316,-32.5826473199528,1756.00949367089,1196.37658227848,NaN,NaN,NaN,NaN,NaN,NaN,NaN,NaN,NaN,NaN,NaN,NaN,NaN,NaN,NaN,434.670555353009,0.847397606578154,46.4749818804503,12.5931681126141,9.13573559700524,2.24525149456054,0.0337916195545365,0.0119453497677309,1,1.01684937789524,3046.4647284197,3,25393.1075949367,1,1,1,19,2018-10-30T17:19:23.040,20181030_ecoli_ARA_M2_2K,1000,1732,161.4,DIA_100X_EMPTY_1x1_200ms,,,
46,58,8.60885309533695,500,-49.5854720162867,1763.206,1168.044,NaN,NaN,NaN,NaN,NaN,NaN,NaN,NaN,NaN,NaN,NaN,NaN,NaN,NaN,NaN,602.797655242053,0.745128387069247,61.7601014861039,13.184288491379,9.51812879793561,2.30187821087498,0.070126469203037,0.0142280615583235,3,1.02448148453979,4394.41468145172,4,24683.222,1,1,1,19,2018-10-30T17:19:23.040,20181030_ecoli_ARA_M2_2K,1000,1732,161.4,DIA_100X_EMPTY_1x1_200ms,,,
47,17,5.82663489798965,100,-49.9883571023606,1776.87,1198.02,NaN,NaN,NaN,NaN,NaN,NaN,NaN,NaN,NaN,NaN,NaN,NaN,NaN,NaN,NaN,140.152903986904,0.999743088144444,15.5578143833063,11.450722075233,7.30505016507276,4.03078317356331,0.00014925991606889,7.08283537988441e-05,1,1.00000001995757,652.055965319523,2,24617.34,1,1,1,19,2018-10-30T17:19:23.040,20181030_ecoli_ARA_M2_2K,1000,1732,161.4,DIA_100X_EMPTY_1x1_200ms,,,
48,12,6.71630777591493,81,-49.9998882210506,1786.20987654321,1175.33333333333,NaN,NaN,NaN,NaN,NaN,NaN,NaN,NaN,NaN,NaN,NaN,NaN,NaN,NaN,NaN,129.001262348034,0.999667830074767,13.3731012783963,12.1733046231895,9.00088907232931,3.55097050979425,0.0024568847479838,0.00131090945382155,0,1.00001805989444,850.928038151447,1,24002.1728395062,1,1,1,19,2018-10-30T17:19:23.040,20181030_ecoli_ARA_M2_2K,1000,1732,161.4,DIA_100X_EMPTY_1x1_200ms,,,
49,27,12.261458150996,332,42.9847598723323,1825.86445783133,1523.31024096386,NaN,NaN,NaN,NaN,NaN,NaN,NaN,NaN,NaN,NaN,NaN,NaN,NaN,NaN,NaN,274.313258089943,0.991206473632964,26.1194559221066,12.0326169878207,10.1931220385345,2.88522779395973,0.0102039347084269,0.00554549424632494,1,1.00044541794309,2131.4171471524,0,20181.3313253012,1,1,1,19,2018-10-30T17:19:23.040,20181030_ecoli_ARA_M2_2K,1000,1732,161.4,DIA_100X_EMPTY_1x1_200ms,,,
50,22,11.9669514650391,264,18.2320466734573,1861.82196969697,144.625,NaN,NaN,NaN,NaN,NaN,NaN,NaN,NaN,NaN,NaN,NaN,NaN,NaN,NaN,NaN,226.778020013849,0.999712879135711,21.138712509739,12.8332681449488,10.153669616925,3.54578778448359,0.00989987182013829,0.00420136556551197,1,1.00041176037133,1711.64805086289,0,19748.1931818182,1,1,1,19,2018-10-30T17:19:23.040,20181030_ecoli_ARA_M2_2K,1000,1732,161.4,DIA_100X_EMPTY_1x1_200ms,,,
51,30,12.1014513069179,363,48.7298045112549,1864.53719008264,959.391184573003,NaN,NaN,NaN,NaN,NaN,NaN,NaN,NaN,NaN,NaN,NaN,NaN,NaN,NaN,NaN,305.713568512677,0.98715745256568,28.5495214823391,12.1589812722722,10.3677544616542,2.84956149797032,0.00861695702960389,0.00397809679085332,1,1.00086706408901,2410.22796672046,0,19605.0027548209,1,1,1,19,2018-10-30T17:19:23.040,20181030_ecoli_ARA_M2_2K,1000,1732,161.4,DIA_100X_EMPTY_1x1_200ms,,,
52,24,11.9573190975679,287,39.8744157315514,1941.72822299652,160.024390243902,NaN,NaN,NaN,NaN,NaN,NaN,NaN,NaN,NaN,NaN,NaN,NaN,NaN,NaN,NaN,243.006542454315,0.999686193777058,21.7881804600067,13.1886643637868,10.6274345909825,3.54719636742013,0.00619319868941402,0.00328160782053613,1,1.00008913385814,1932.71459549781,0,19427.2613240418,1,1,1,19,2018-10-30T17:19:23.040,20181030_ecoli_ARA_M2_2K,1000,1732,161.4,DIA_100X_EMPTY_1x1_200ms,,,
53,37,13.4316382472037,499,46.8404936944281,1993.09418837675,1967.12224448898,NaN,NaN,NaN,NaN,NaN,NaN,NaN,NaN,NaN,NaN,NaN,NaN,NaN,NaN,NaN,383.331928774988,0.981869252403523,35.8118185411749,12.1261903345121,10.4953791496453,2.60316259621908,0.00211905474872918,0.00115282951454219,0,1.00008455343885,3098.22191196998,0,20557.9919839679,1,1,1,19,2018-10-30T17:19:23.040,20181030_ecoli_ARA_M2_2K,1000,1732,161.4,DIA_100X_EMPTY_1x1_200ms,,,
54,22,10.9647982280017,242,-25.2138615175568,2038.64049586777,468.152892561983,NaN,NaN,NaN,NaN,NaN,NaN,NaN,NaN,NaN,NaN,NaN,NaN,NaN,NaN,NaN,NaN,NaN,NaN,NaN,NaN,NaN,NaN,NaN,NaN,NaN,NaN,0,20262.1694214876,1,1,1,19,2018-10-30T17:19:23.040,20181030_ecoli_ARA_M2_2K,1000,1732,161.4,DIA_100X_EMPTY_1x1_200ms,,,
1,23,11.3548503156718,266,-9.74977234420065,12.2669172932331,1552.01127819549,NaN,NaN,NaN,NaN,NaN,NaN,NaN,NaN,NaN,NaN,NaN,NaN,NaN,NaN,NaN,NaN,NaN,NaN,NaN,NaN,NaN,NaN,NaN,NaN,NaN,NaN,0,18562.2030075188,1,1,1,20,2018-10-30T17:19:25.363,20181030_ecoli_ARA_M2_2K,2000,1732,161.4,DIA_100X_EMPTY_1x1_200ms,,,
2,24,11.6386094887741,279,39.6692664410166,39.7885304659498,1131.62007168459,NaN,NaN,NaN,NaN,NaN,NaN,NaN,NaN,NaN,NaN,NaN,NaN,NaN,NaN,NaN,235.829099716663,0.999691214163873,22.2548594301453,12.4775042179011,10.2529422219821,3.15450468293362,0.00722639449715583,0.00317370034547513,1,1.00033760356175,1837.43403612243,0,19029.9139784946,1,1,1,20,2018-10-30T17:19:25.363,20181030_ecoli_ARA_M2_2K,2000,1732,161.4,DIA_100X_EMPTY_1x1_200ms,,,
3,22,10.6757415431361,241,14.7121968092338,119.688796680498,1805.70539419087,NaN,NaN,NaN,NaN,NaN,NaN,NaN,NaN,NaN,NaN,NaN,NaN,NaN,NaN,NaN,229.774528176498,0.995042933786261,22.946291484404,11.7342952182473,9.58927207075362,3.04684611908457,0.00889982170682492,0.00379037648094141,1,1.00047561563803,1657.19520879162,0,18986.3112033195,1,1,1,20,2018-10-30T17:19:25.363,20181030_ecoli_ARA_M2_2K,2000,1732,161.4,DIA_100X_EMPTY_1x1_200ms,,,
4,36,11.0228060585345,397,49.2525875938264,136.113350125945,1930.12090680101,NaN,NaN,NaN,NaN,NaN,NaN,NaN,NaN,NaN,NaN,NaN,NaN,NaN,NaN,NaN,359.244112428957,0.96024674999351,35.7145608310157,11.5984711677088,9.8444964215873,2.32002393918811,0.00642819645408968,0.0033301432551134,1,1.00031463359016,2718.4553636877,0,18124.8060453401,1,1,1,20,2018-10-30T17:19:25.363,20181030_ecoli_ARA_M2_2K,2000,1732,161.4,DIA_100X_EMPTY_1x1_200ms,,,
5,21,9.70362831642228,204,6.1417715896435,159.720588235294,2038.33333333333,NaN,NaN,NaN,NaN,NaN,NaN,NaN,NaN,NaN,NaN,NaN,NaN,NaN,NaN,NaN,NaN,NaN,NaN,NaN,NaN,NaN,NaN,NaN,NaN,NaN,NaN,1,18559.0343137255,1,1,1,20,2018-10-30T17:19:25.363,20181030_ecoli_ARA_M2_2K,2000,1732,161.4,DIA_100X_EMPTY_1x1_200ms,,,
6,18,8.25412417731133,149,-49.9828551385989,174,2042.06040268456,NaN,NaN,NaN,NaN,NaN,NaN,NaN,NaN,NaN,NaN,NaN,NaN,NaN,NaN,NaN,NaN,NaN,NaN,NaN,NaN,NaN,NaN,NaN,NaN,NaN,NaN,1,18828.6040268456,1,1,1,20,2018-10-30T17:19:25.363,20181030_ecoli_ARA_M2_2K,2000,1732,161.4,DIA_100X_EMPTY_1x1_200ms,,,
7,27,8.70570455656389,235,46.6549014151081,192.229787234043,1192.04680851064,NaN,NaN,NaN,NaN,NaN,NaN,NaN,NaN,NaN,NaN,NaN,NaN,NaN,NaN,NaN,259.036068210388,0.981691206938013,27.5645274637955,10.7163359085358,9.09241801173833,2.53588108095593,0.00653771712772469,0.003954289098641,0,1.00076909771099,1789.77822663339,2,19321.5106382979,1,1,1,20,2018-10-30T17:19:25.363,20181030_ecoli_ARA_M2_2K,2000,1732,161.4,DIA_100X_EMPTY_1x1_200ms,,,
8,23,9.99723070205339,230,32.9988050150175,199.426086956522,1202.06086956522,NaN,NaN,NaN,NaN,NaN,NaN,NaN,NaN,NaN,NaN,NaN,NaN,NaN,NaN,NaN,235.349010723505,0.997598120883099,22.9875944964014,11.9190028244344,9.86046960529944,3.05181346012979,0.0147594802675493,0.00665086304156976,1,1.00156498208782,1755.41015475896,2,19025.0391304348,1,1,1,20,2018-10-30T17:19:25.363,20181030_ecoli_ARA_M2_2K,2000,1732,161.4,DIA_100X_EMPTY_1x1_200ms,,,
9,21,10.4891965782202,221,26.6668813044385,211.199095022624,1614.60180995475,NaN,NaN,NaN,NaN,NaN,NaN,NaN,NaN,NaN,NaN,NaN,NaN,NaN,NaN,NaN,210.681505507099,0.999675053019394,20.7712096661289,11.9901219719628,9.57148407755037,3.38210578644186,0.0250837421993213,0.00112680642927058,1,1.00000328325383,1494.54925827082,0,18666.4751131222,1,1,1,20,2018-10-30T17:19:25.363,20181030_ecoli_ARA_M2_2K,2000,1732,161.4,DIA_100X_EMPTY_1x1_200ms,,,
10,19,10.4210157395494,198,-45.1473863182318,212.888888888889,1189.64646464646,NaN,NaN,NaN,NaN,NaN,NaN,NaN,NaN,NaN,NaN,NaN,NaN,NaN,NaN,NaN,189.756354524196,0.99974981617412,17.2626855285213,14.2434825859593,10.4006973448825,4.02171078935459,0.0171611307945192,0.00875465936921138,0,1.00162653457144,1466.63875955292,2,19575.505050505,1,1,1,20,2018-10-30T17:19:25.363,20181030_ecoli_ARA_M2_2K,2000,1732,161.4,DIA_100X_EMPTY_1x1_200ms,,,
11,28,11.9872957242417,337,43.3392879649687,400.824925816024,667.673590504451,NaN,NaN,NaN,NaN,NaN,NaN,NaN,NaN,NaN,NaN,NaN,NaN,NaN,NaN,NaN,284.745120774244,0.995987032460355,27.760690326155,11.8975353757416,9.98303205033566,2.79277953248709,0.00301293888169512,0.00121206205669658,1,1.00002920950296,2172.92668669494,0,18858.1632047478,1,1,1,20,2018-10-30T17:19:25.363,20181030_ecoli_ARA_M2_2K,2000,1732,161.4,DIA_100X_EMPTY_1x1_200ms,,,
12,33,10.5252981165841,360,44.8334468290045,429.983333333333,605.544444444444,NaN,NaN,NaN,NaN,NaN,NaN,NaN,NaN,NaN,NaN,NaN,NaN,NaN,NaN,NaN,318.542637115124,0.979101591262311,32.8775911628836,10.9785577248751,9.35706445881034,2.5814986179346,0.00251672329669615,0.0012206655165342,0,1.00009311961511,2260.83628396098,0,19393.0277777778,1,1,1,20,2018-10-30T17:19:25.363,20181030_ecoli_ARA_M2_2K,2000,1732,161.4,DIA_100X_EMPTY_1x1_200ms,,,
13,22,10.8636957638608,239,21.5201107178696,423.979079497908,1127.24686192469,NaN,NaN,NaN,NaN,NaN,NaN,NaN,NaN,NaN,NaN,NaN,NaN,NaN,NaN,NaN,221.644421511825,0.999939012649448,21.1904588620761,12.5500538344413,10.0906951190885,3.24110583720923,0.0113550830417979,0.00653674008001008,0,1.00127692528479,1694.62032754689,0,18068.2175732218,1,1,1,20,2018-10-30T17:19:25.363,20181030_ecoli_ARA_M2_2K,2000,1732,161.4,DIA_100X_EMPTY_1x1_200ms,,,
14,30,10.8249372426075,325,48.6600079740952,426.430769230769,1883.48,NaN,NaN,NaN,NaN,NaN,NaN,NaN,NaN,NaN,NaN,NaN,NaN,NaN,NaN,NaN,304.329665551674,0.970031152360418,29.7646541908115,11.8261753952584,9.97087672946676,2.52770881449188,0.00310366706505035,0.00182599887386971,1,1.0000559928806,2324.11394629175,0,18009.0092307692,1,1,1,20,2018-10-30T17:19:25.363,20181030_ecoli_ARA_M2_2K,2000,1732,161.4,DIA_100X_EMPTY_1x1_200ms,,,
15,22,10.7847671862382,238,26.9014010170324,449.747899159664,1257.9243697479,NaN,NaN,NaN,NaN,NaN,NaN,NaN,NaN,NaN,NaN,NaN,NaN,NaN,NaN,NaN,230.38849311581,0.999788927463348,21.9133958097638,12.6501717422536,10.013074922331,3.46408343045216,0.00491382899257389,0.00210424029573551,1,1.00012225124486,1725.57760650733,1,18124.8781512605,1,1,1,20,2018-10-30T17:19:25.363,20181030_ecoli_ARA_M2_2K,2000,1732,161.4,DIA_100X_EMPTY_1x1_200ms,,,
16,24,10.0580968178636,242,36.1511633064595,457.078512396694,1247.06198347107,NaN,NaN,NaN,NaN,NaN,NaN,NaN,NaN,NaN,NaN,NaN,NaN,NaN,NaN,NaN,244.937097273276,0.995238433768799,24.470058973654,11.5756123806893,9.6603250074085,2.88705067695104,0.0142849928564757,0.00579319116798763,1,1.00124464705874,1793.5288753731,1,18427.2479338843,1,1,1,20,2018-10-30T17:19:25.363,20181030_ecoli_ARA_M2_2K,2000,1732,161.4,DIA_100X_EMPTY_1x1_200ms,,,
17,26,11.0759722161423,288,47.3758347314956,464.975694444444,1962.95486111111,NaN,NaN,NaN,NaN,NaN,NaN,NaN,NaN,NaN,NaN,NaN,NaN,NaN,NaN,NaN,267.162397613164,0.992166291332522,24.9265391477126,12.295621496892,10.4540311082149,2.94251005595216,0.00489666660529661,0.00212304064382013,1,1.00020723677826,2139.53522928824,0,18335.1493055556,1,1,1,20,2018-10-30T17:19:25.363,20181030_ecoli_ARA_M2_2K,2000,1732,161.4,DIA_100X_EMPTY_1x1_200ms,,,
18,27,10.9708104252668,297,43.3299380343584,465.424242424242,1713.31313131313,NaN,NaN,NaN,NaN,NaN,NaN,NaN,NaN,NaN,NaN,NaN,NaN,NaN,NaN,NaN,282.026172890335,0.968637409897509,27.9928865209453,11.6832327351604,9.72098888049937,2.68406631323465,0.00970372052873555,0.00516414127800004,0,1.00144599038619,2077.58335725393,0,18987.5791245791,1,1,1,20,2018-10-30T17:19:25.363,20181030_ecoli_ARA_M2_2K,2000,1732,161.4,DIA_100X_EMPTY_1x1_200ms,,,
19,26,11.5824599453053,301,46.2919454273823,530.820598006645,1182.28903654485,NaN,NaN,NaN,NaN,NaN,NaN,NaN,NaN,NaN,NaN,NaN,NaN,NaN,NaN,NaN,269.769262807153,0.990320664771709,25.1980646132367,12.3547972597913,10.3770547702346,2.92795977887567,0.00594841119417686,0.00285325159011213,1,1.00011505229903,2131.10714178253,0,18319.6744186047,1,1,1,20,2018-10-30T17:19:25.363,20181030_ecoli_ARA_M2_2K,2000,1732,161.4,DIA_100X_EMPTY_1x1_200ms,,,
20,23,12.2615418973236,282,26.2668455664749,558.666666666667,1811.13829787234,NaN,NaN,NaN,NaN,NaN,NaN,NaN,NaN,NaN,NaN,NaN,NaN,NaN,NaN,NaN,253.449643784217,0.998646283310536,22.236059186268,13.3323792523414,10.9300889623357,3.45060470459333,0.016154343462911,0.00699411936767968,1,1.00090094786959,2086.38809647153,0,16820.8936170213,1,1,1,20,2018-10-30T17:19:25.363,20181030_ecoli_ARA_M2_2K,2000,1732,161.4,DIA_100X_EMPTY_1x1_200ms,,,
21,36,11.4601178525871,413,48.9954772794072,612.799031476998,948.273607748184,NaN,NaN,NaN,NaN,NaN,NaN,NaN,NaN,NaN,NaN,NaN,NaN,NaN,NaN,NaN,364.560413933813,0.971819246167767,35.9848792239782,11.5489486196197,9.8480873897776,2.52101442538394,0.00824965918356526,0.00388773676517941,2,1.00031866093762,2741.02955499005,0,18217.0774818402,1,1,1,20,2018-10-30T17:19:25.363,20181030_ecoli_ARA_M2_2K,2000,1732,161.4,DIA_100X_EMPTY_1x1_200ms,,,
22,24,11.1359865470767,268,41.8481537757052,662.067164179104,1137.30597014925,NaN,NaN,NaN,NaN,NaN,NaN,NaN,NaN,NaN,NaN,NaN,NaN,NaN,NaN,NaN,249.005110546974,0.999107487635764,22.9658590443791,12.8794358440319,10.3460693406861,3.4353600273196,0.0916025332783363,0.00303819768307838,1,1.00004222753903,1930.7380071868,0,17848.3768656716,1,1,1,20,2018-10-30T17:19:25.363,20181030_ecoli_ARA_M2_2K,2000,1732,161.4,DIA_100X_EMPTY_1x1_200ms,,,
23,22,11.2949984209098,249,15.3461231625422,680.381526104418,1283.84738955823,NaN,NaN,NaN,NaN,NaN,NaN,NaN,NaN,NaN,NaN,NaN,NaN,NaN,NaN,NaN,235.452552462519,0.997316805238905,22.6853338106982,12.2745327874457,9.83389408281888,3.32701356961771,0.00950437537929406,0.00485123374794167,1,1.00085374500219,1723.00329626812,0,17782.2489959839,1,1,1,20,2018-10-30T17:19:25.363,20181030_ecoli_ARA_M2_2K,2000,1732,161.4,DIA_100X_EMPTY_1x1_200ms,,,
24,24,10.7211750660378,258,42.3454294114736,708.720930232558,485.193798449612,NaN,NaN,NaN,NaN,NaN,NaN,NaN,NaN,NaN,NaN,NaN,NaN,NaN,NaN,NaN,228.926331171728,0.999433107025117,22.1983046191662,11.9745319993715,9.94314181882139,3.07059241907481,0.00256152495208833,0.00146107267271135,0,1.00007078333945,1723.68124311261,0,18626.7713178295,1,1,1,20,2018-10-30T17:19:25.363,20181030_ecoli_ARA_M2_2K,2000,1732,161.4,DIA_100X_EMPTY_1x1_200ms,,,
25,8,3.3572398811878,27,-49.9988954957252,769.62962962963,2045.74074074074,NaN,NaN,NaN,NaN,NaN,NaN,NaN,NaN,NaN,NaN,NaN,NaN,NaN,NaN,NaN,NaN,NaN,NaN,NaN,NaN,NaN,NaN,NaN,NaN,NaN,NaN,1,21733.4814814815,1,1,1,20,2018-10-30T17:19:25.363,20181030_ecoli_ARA_M2_2K,2000,1732,161.4,DIA_100X_EMPTY_1x1_200ms,,,
26,20,9.59954757256907,192,6.6033168414985,777.010416666667,2038.63541666667,NaN,NaN,NaN,NaN,NaN,NaN,NaN,NaN,NaN,NaN,NaN,NaN,NaN,NaN,NaN,198.097856989414,0.999825966437186,19.0647086792597,12.9784908526924,9.92471642046997,3.49569972054272,0.0082018615861805,0.00441214594711866,0,1.00048984348215,1474.87857797313,2,20248,1,1,1,20,2018-10-30T17:19:25.363,20181030_ecoli_ARA_M2_2K,2000,1732,161.4,DIA_100X_EMPTY_1x1_200ms,,,
27,26,9.30145594742032,242,47.1869889967858,782.090909090909,2027.99173553719,NaN,NaN,NaN,NaN,NaN,NaN,NaN,NaN,NaN,NaN,NaN,NaN,NaN,NaN,NaN,259.907069870893,0.975726343389444,26.8901174071374,11.0762496575835,9.42916433224867,2.50592032842486,0.00284682821943236,0.00136203171980875,1,1.00003071764681,1877.71203241042,1,19796.3223140496,1,1,1,20,2018-10-30T17:19:25.363,20181030_ecoli_ARA_M2_2K,2000,1732,161.4,DIA_100X_EMPTY_1x1_200ms,,,
28,22,9.81700426525217,216,34.4624328025091,790.078703703704,1932.73611111111,NaN,NaN,NaN,NaN,NaN,NaN,NaN,NaN,NaN,NaN,NaN,NaN,NaN,NaN,NaN,207.782538075952,0.999699070499387,20.3896029077571,12.251909480012,9.86785327974446,3.16267281740871,0.00272670348420955,0.00135105734984505,0,1.00005303651749,1559.35147836702,0,17840.6574074074,1,1,1,20,2018-10-30T17:19:25.363,20181030_ecoli_ARA_M2_2K,2000,1732,161.4,DIA_100X_EMPTY_1x1_200ms,,,
29,27,10.5608523177489,286,46.428324599721,873.954545454545,1406.54195804196,NaN,NaN,NaN,NaN,NaN,NaN,NaN,NaN,NaN,NaN,NaN,NaN,NaN,NaN,NaN,270.874042217631,0.982625407055281,26.8606548003655,11.5321251818867,9.67649883614883,2.8780253107471,0.0105164232153025,0.00464537951660223,1,1.00114477797623,1975.34507691794,0,18136.6118881119,1,1,1,20,2018-10-30T17:19:25.363,20181030_ecoli_ARA_M2_2K,2000,1732,161.4,DIA_100X_EMPTY_1x1_200ms,,,
30,26,9.94167760334473,259,40.027777247799,883.706563706564,1527.79150579151,NaN,NaN,NaN,NaN,NaN,NaN,NaN,NaN,NaN,NaN,NaN,NaN,NaN,NaN,NaN,267.077688765875,0.971256467979288,26.1526819470054,12.0073857288542,9.89917116858686,2.74743919263467,0.00590791228736154,0.00269648874734995,1,1.00014243382209,2012.8146334562,1,18014.0463320463,1,1,1,20,2018-10-30T17:19:25.363,20181030_ecoli_ARA_M2_2K,2000,1732,161.4,DIA_100X_EMPTY_1x1_200ms,,,
31,27,10.5903817784643,286,48.3015777976685,896.902097902098,1529.22377622378,NaN,NaN,NaN,NaN,NaN,NaN,NaN,NaN,NaN,NaN,NaN,NaN,NaN,NaN,NaN,277.523981713576,0.993655839392611,26.3714769895563,12.6531870787587,10.1143319311501,3.16755916617315,0.0152370432072492,0.00587573883612398,1,1.00146421918226,2118.84281348531,1,18185.0769230769,1,1,1,20,2018-10-30T17:19:25.363,20181030_ecoli_ARA_M2_2K,2000,1732,161.4,DIA_100X_EMPTY_1x1_200ms,,,
32,24,10.7062373782793,257,39.5577845782798,909.101167315175,124.824902723735,NaN,NaN,NaN,NaN,NaN,NaN,NaN,NaN,NaN,NaN,NaN,NaN,NaN,NaN,NaN,233.665987758288,0.995418424554488,23.3405247145501,11.9037442914784,9.55362905120697,3.08540305181387,0.23945539610796,0.0115434267173462,1,1.00155901289079,1673.15912163344,0,19551.9494163424,1,1,1,20,2018-10-30T17:19:25.363,20181030_ecoli_ARA_M2_2K,2000,1732,161.4,DIA_100X_EMPTY_1x1_200ms,,,
33,30,9.50026196208963,285,48.7550981597926,981.971929824561,1690.86315789474,NaN,NaN,NaN,NaN,NaN,NaN,NaN,NaN,NaN,NaN,NaN,NaN,NaN,NaN,NaN,294.035879296702,0.970902379542804,30.0654143914475,11.2259444376551,9.48214090243474,2.53930633919734,0.00856271792651603,0.00434114351213608,0,1.0012190320858,2123.09723420109,1,18548.1789473684,1,1,1,20,2018-10-30T17:19:25.363,20181030_ecoli_ARA_M2_2K,2000,1732,161.4,DIA_100X_EMPTY_1x1_200ms,,,
34,19,10.3110672942821,198,-36.1089096049564,994.277777777778,1697.85353535354,NaN,NaN,NaN,NaN,NaN,NaN,NaN,NaN,NaN,NaN,NaN,NaN,NaN,NaN,NaN,202.405537103103,0.999881855725562,19.3998989072534,12.625082866768,9.87910432299609,3.57116436916585,0.0695957473078712,0.00378235321390481,1,1.00010192842719,1487.0463022205,1,18572.7525252525,1,1,1,20,2018-10-30T17:19:25.363,20181030_ecoli_ARA_M2_2K,2000,1732,161.4,DIA_100X_EMPTY_1x1_200ms,,,
35,24,11.2900532301718,272,36.0875286424149,1048.19852941176,829.448529411765,NaN,NaN,NaN,NaN,NaN,NaN,NaN,NaN,NaN,NaN,NaN,NaN,NaN,NaN,NaN,256.700114785614,0.990510879996679,24.9517157318248,11.7406612274802,10.0343694764549,2.78265600307283,0.00288195712123203,0.00123909779128316,1,1.00003938045315,1973.19711454504,0,17145.1985294118,1,1,1,20,2018-10-30T17:19:25.363,20181030_ecoli_ARA_M2_2K,2000,1732,161.4,DIA_100X_EMPTY_1x1_200ms,,,
36,23,11.1020106243179,256,39.9246382651144,1063.18359375,185.015625,NaN,NaN,NaN,NaN,NaN,NaN,NaN,NaN,NaN,NaN,NaN,NaN,NaN,NaN,NaN,231.576692912416,0.999245553318588,22.7819764151899,11.8426382672084,9.8468044043662,2.97158047374533,0.00161467137072986,0.000878339381517265,1,1.00002718289091,1734.8898323418,0,19206.9921875,1,1,1,20,2018-10-30T17:19:25.363,20181030_ecoli_ARA_M2_2K,2000,1732,161.4,DIA_100X_EMPTY_1x1_200ms,,,
37,17,10.3070959352052,176,-48.3089036927291,1111.86931818182,1260.80113636364,NaN,NaN,NaN,NaN,NaN,NaN,NaN,NaN,NaN,NaN,NaN,NaN,NaN,NaN,NaN,189.908977549344,0.999886107039597,18.8764020580651,12.300781034471,9.71913211698579,3.21020677125575,0.00507479352146104,0.00256692783276355,1,1.00015875428733,1400.43859761067,1,18780.1931818182,1,1,1,20,2018-10-30T17:19:25.363,20181030_ecoli_ARA_M2_2K,2000,1732,161.4,DIA_100X_EMPTY_1x1_200ms,,,
38,27,10.550214365866,285,43.2159525561107,1122.33684210526,1273.83859649123,NaN,NaN,NaN,NaN,NaN,NaN,NaN,NaN,NaN,NaN,NaN,NaN,NaN,NaN,NaN,277.20259713111,0.971561331581066,26.8860264002544,12.4311566806859,9.75565211702595,3.19058364069122,0.0135738701172355,0.00480884258448996,2,1.0010436418023,2009.69018912043,1,17983.6701754386,1,1,1,20,2018-10-30T17:19:25.363,20181030_ecoli_ARA_M2_2K,2000,1732,161.4,DIA_100X_EMPTY_1x1_200ms,,,
39,42,10.3003089144851,433,48.8479306401411,1192.84757505774,1020.14087759815,NaN,NaN,NaN,NaN,NaN,NaN,NaN,NaN,NaN,NaN,NaN,NaN,NaN,NaN,NaN,426.701823530008,0.936405489984758,43.1945230080505,11.367085385693,9.59184115868162,2.30602378068379,0.00831569345941298,0.00502459187326577,0,1.00307354176924,3121.20662666927,0,18203.8868360277,1,1,1,20,2018-10-30T17:19:25.363,20181030_ecoli_ARA_M2_2K,2000,1732,161.4,DIA_100X_EMPTY_1x1_200ms,,,
40,30,10.9657180041977,329,48.2511333451568,1215.26139817629,212.77811550152,NaN,NaN,NaN,NaN,NaN,NaN,NaN,NaN,NaN,NaN,NaN,NaN,NaN,NaN,NaN,299.255454233012,0.974402495317121,29.5454726722397,11.683803722631,9.66635986927816,2.89570474186621,0.00896250912418649,0.00341276334332492,1,1.00041354105836,2168.23695698719,0,18432.1945288754,1,1,1,20,2018-10-30T17:19:25.363,20181030_ecoli_ARA_M2_2K,2000,1732,161.4,DIA_100X_EMPTY_1x1_200ms,,,
41,23,10.6372300802573,245,31.6129015391118,1242.4612244898,370.081632653061,NaN,NaN,NaN,NaN,NaN,NaN,NaN,NaN,NaN,NaN,NaN,NaN,NaN,NaN,NaN,231.947074594217,0.999492532805367,22.9429752579654,11.7634856100354,9.84233031822362,2.92745746688798,0.00218215116172338,0.00123973709201124,1,1.00001340755058,1745.56285104809,0,18444.187755102,1,1,1,20,2018-10-30T17:19:25.363,20181030_ecoli_ARA_M2_2K,2000,1732,161.4,DIA_100X_EMPTY_1x1_200ms,,,
42,28,9.5724206462102,268,48.2488434635309,1345.88805970149,1552.0671641791,NaN,NaN,NaN,NaN,NaN,NaN,NaN,NaN,NaN,NaN,NaN,NaN,NaN,NaN,NaN,270.928142166562,0.980952975402473,27.1531398254982,11.6156738591626,9.69853592326444,2.68359711875698,0.0134613672366911,0.00802297127243524,0,1.00314278300012,2005.96012110004,1,18911.0410447761,1,1,1,20,2018-10-30T17:19:25.363,20181030_ecoli_ARA_M2_2K,2000,1732,161.4,DIA_100X_EMPTY_1x1_200ms,,,
43,29,9.48438149607977,275,45.0221891732576,1349.46909090909,1563.73090909091,NaN,NaN,NaN,NaN,NaN,NaN,NaN,NaN,NaN,NaN,NaN,NaN,NaN,NaN,NaN,294.753655546398,0.952066607162277,29.1337706859167,12.1934882168118,9.70207664638591,2.83943495690194,0.0216834373008748,0.012309977204324,1,1.00841424497711,2153.85261264002,2,18849.5527272727,1,1,1,20,2018-10-30T17:19:25.363,20181030_ecoli_ARA_M2_2K,2000,1732,161.4,DIA_100X_EMPTY_1x1_200ms,,,
44,22,11.0695572837366,244,29.6469560322278,1359.10245901639,1572.69672131148,NaN,NaN,NaN,NaN,NaN,NaN,NaN,NaN,NaN,NaN,NaN,NaN,NaN,NaN,NaN,233.216249134833,0.999507880673677,21.5716792917459,12.9405642871648,10.2625130407851,3.50929753091877,0.0248458509522753,0.013790453427357,0,1.00611440140241,1784.35507466111,1,19129.2991803279,1,1,1,20,2018-10-30T17:19:25.363,20181030_ecoli_ARA_M2_2K,2000,1732,161.4,DIA_100X_EMPTY_1x1_200ms,,,
45,18,12.3662320335053,224,-49.6345044285157,1446.37946428571,1700.28571428571,NaN,NaN,NaN,NaN,NaN,NaN,NaN,NaN,NaN,NaN,NaN,NaN,NaN,NaN,NaN,195.119131235085,0.999804317289344,17.3731351486381,14.1349857717077,10.8184579980792,3.79953452326518,0.00829239357801539,0.00464596154911106,0,1.00042932638913,1596.97753208218,0,18714.2857142857,1,1,1,20,2018-10-30T17:19:25.363,20181030_ecoli_ARA_M2_2K,2000,1732,161.4,DIA_100X_EMPTY_1x1_200ms,,,
46,27,11.5122126236624,311,45.1040426153598,1473.14790996785,264.855305466238,NaN,NaN,NaN,NaN,NaN,NaN,NaN,NaN,NaN,NaN,NaN,NaN,NaN,NaN,NaN,281.259815701144,0.984906266147837,26.6147551183861,12.1441505723098,10.215726261659,2.84939826530556,0.00119009377958052,0.000500501324468525,1,1.00001012941051,2181.47806399756,0,18203.7138263666,1,1,1,20,2018-10-30T17:19:25.363,20181030_ecoli_ARA_M2_2K,2000,1732,161.4,DIA_100X_EMPTY_1x1_200ms,,,
47,29,10.8053717119023,314,47.2231902609899,1519.81210191083,872.665605095541,NaN,NaN,NaN,NaN,NaN,NaN,NaN,NaN,NaN,NaN,NaN,NaN,NaN,NaN,NaN,292.815459897019,0.975027220392681,28.5921719694994,11.9105490676231,9.92770486178067,2.71267975208684,0.00560358615608346,0.00308298657314731,1,1.0001275519528,2213.27176617044,0,18483.8821656051,1,1,1,20,2018-10-30T17:19:25.363,20181030_ecoli_ARA_M2_2K,2000,1732,161.4,DIA_100X_EMPTY_1x1_200ms,,,
48,25,10.8069531902172,271,43.0072933241594,1512.41697416974,1365.9889298893,NaN,NaN,NaN,NaN,NaN,NaN,NaN,NaN,NaN,NaN,NaN,NaN,NaN,NaN,NaN,249.282955725709,0.996321908096507,24.6427158595758,11.7045497531918,9.76925609119724,2.94246995418818,0.00241794169971605,0.0013431002401196,0,1.00007053461457,1847.14691752936,0,18107.6014760148,1,1,1,20,2018-10-30T17:19:25.363,20181030_ecoli_ARA_M2_2K,2000,1732,161.4,DIA_100X_EMPTY_1x1_200ms,,,
49,17,10.7793374974343,184,-48.9127339456351,1519.66304347826,1465.85869565217,NaN,NaN,NaN,NaN,NaN,NaN,NaN,NaN,NaN,NaN,NaN,NaN,NaN,NaN,NaN,181.988465162953,0.999862748791834,16.3391842367252,14.1091061977071,10.3136444090863,4.20101128829187,0.0227236134294005,0.0121705565868011,0,1.0028025442087,1365.03742607645,1,18816.3586956522,1,1,1,20,2018-10-30T17:19:25.363,20181030_ecoli_ARA_M2_2K,2000,1732,161.4,DIA_100X_EMPTY_1x1_200ms,,,
50,29,10.1517585867908,295,47.3026448618651,1530.30847457627,1976.17627118644,NaN,NaN,NaN,NaN,NaN,NaN,NaN,NaN,NaN,NaN,NaN,NaN,NaN,NaN,NaN,277.411896816475,0.97325875076197,28.1184004631172,11.5018195447292,9.59803687106491,2.59105836333198,0.0170736490576724,0.0105054360751879,0,1.00552790235309,2034.44203793542,1,18787.6983050847,1,1,1,20,2018-10-30T17:19:25.363,20181030_ecoli_ARA_M2_2K,2000,1732,161.4,DIA_100X_EMPTY_1x1_200ms,,,
51,25,10.1684463193338,254,47.5369139141112,1535.88976377953,1455.14173228346,NaN,NaN,NaN,NaN,NaN,NaN,NaN,NaN,NaN,NaN,NaN,NaN,NaN,NaN,NaN,248.625413861579,0.991590979013325,25.0083832519865,11.5148037639639,9.56915441672645,2.80877744123227,0.0073151348745808,0.0042436148500325,0,1.00076168738057,1798.55044509918,1,18236.311023622,1,1,1,20,2018-10-30T17:19:25.363,20181030_ecoli_ARA_M2_2K,2000,1732,161.4,DIA_100X_EMPTY_1x1_200ms,,,
52,18,8.90219089173274,161,-31.0659291479135,1537.55279503106,1985.73291925466,NaN,NaN,NaN,NaN,NaN,NaN,NaN,NaN,NaN,NaN,NaN,NaN,NaN,NaN,NaN,174.746028809143,0.999584968698578,16.6208872159922,13.0723251622744,9.99826404001803,3.63325578595998,0.00426071584926353,0.00213734104611865,1,1.00008692665608,1304.9482437583,1,19322.2360248447,1,1,1,20,2018-10-30T17:19:25.363,20181030_ecoli_ARA_M2_2K,2000,1732,161.4,DIA_100X_EMPTY_1x1_200ms,,,
53,22,11.4463563465187,253,26.4966114108671,1547.09486166008,1743.91699604743,NaN,NaN,NaN,NaN,NaN,NaN,NaN,NaN,NaN,NaN,NaN,NaN,NaN,NaN,NaN,224.895693751351,0.999710767762609,21.9941659619087,12.0872813560336,9.76698165801581,3.2536490188067,0.00412925365921516,0.00222514671828913,0,1.0001537060937,1647.85169642792,0,18634.0869565217,1,1,1,20,2018-10-30T17:19:25.363,20181030_ecoli_ARA_M2_2K,2000,1732,161.4,DIA_100X_EMPTY_1x1_200ms,,,
54,28,10.7376968433202,301,47.9748171482873,1657.2292358804,1331.82724252492,NaN,NaN,NaN,NaN,NaN,NaN,NaN,NaN,NaN,NaN,NaN,NaN,NaN,NaN,NaN,283.79142721035,0.977628001138264,27.6990352119631,11.8151096867009,9.8024287860322,2.92303696418081,0.143947744819475,0.00878291184554559,0,1.00212061117499,2090.36399061249,0,18849.7740863787,1,1,1,20,2018-10-30T17:19:25.363,20181030_ecoli_ARA_M2_2K,2000,1732,161.4,DIA_100X_EMPTY_1x1_200ms,,,
55,17,10.1599835572415,173,-49.5627991481334,1690.06936416185,771.236994219653,NaN,NaN,NaN,NaN,NaN,NaN,NaN,NaN,NaN,NaN,NaN,NaN,NaN,NaN,NaN,182.325182698521,0.999892735977177,17.7237127613781,12.7302880456498,9.64110020396696,3.69680203511333,0.0112061185563079,0.00615582362453078,0,1.00081346059377,1293.89125549389,1,18698.9768786127,1,1,1,20,2018-10-30T17:19:25.363,20181030_ecoli_ARA_M2_2K,2000,1732,161.4,DIA_100X_EMPTY_1x1_200ms,,,
56,18,11.1606673106196,202,-38.4353615291366,1690.87623762376,1746.90099009901,NaN,NaN,NaN,NaN,NaN,NaN,NaN,NaN,NaN,NaN,NaN,NaN,NaN,NaN,NaN,185.827446179044,0.999788849731708,18.0140618914417,12.8302079303892,9.7960864230801,3.57365218283421,0.002386185489729,0.00123058684936934,1,1.00001072832318,1357.70915892203,0,19515.1237623762,1,1,1,20,2018-10-30T17:19:25.363,20181030_ecoli_ARA_M2_2K,2000,1732,161.4,DIA_100X_EMPTY_1x1_200ms,,,
57,23,9.43935008273903,217,6.71473851800549,1706.13824884793,780.571428571429,NaN,NaN,NaN,NaN,NaN,NaN,NaN,NaN,NaN,NaN,NaN,NaN,NaN,NaN,NaN,216.455411526729,0.999444529850319,21.7498011798676,11.8863720089318,9.43441990601518,3.32499974866008,0.0068611620573533,0.00317711923929315,1,1.00031979560793,1520.46202053083,1,18734.3963133641,1,1,1,20,2018-10-30T17:19:25.363,20181030_ecoli_ARA_M2_2K,2000,1732,161.4,DIA_100X_EMPTY_1x1_200ms,,,
58,22,11.0909721376428,244,32.4020840369241,1740.25819672131,842.811475409836,NaN,NaN,NaN,NaN,NaN,NaN,NaN,NaN,NaN,NaN,NaN,NaN,NaN,NaN,NaN,218.855263753543,0.999724839520225,20.5959074432118,12.8070184158636,9.94693611318859,3.71695591226788,0.0428124042018221,0.00280277755771127,1,1.0001012244374,1600.47712010213,0,18149.1680327869,1,1,1,20,2018-10-30T17:19:25.363,20181030_ecoli_ARA_M2_2K,2000,1732,161.4,DIA_100X_EMPTY_1x1_200ms,,,
59,25,10.2958169422444,258,43.136574629017,1777.55813953488,1457.45736434109,NaN,NaN,NaN,NaN,NaN,NaN,NaN,NaN,NaN,NaN,NaN,NaN,NaN,NaN,NaN,239.32200812128,0.998978714917795,24.2713970381144,11.4324241938906,9.56840623496806,2.83984550090635,0.00719290147136694,0.00368068057614046,1,1.0005465639498,1745.27499609628,0,19320.0775193798,1,1,1,20,2018-10-30T17:19:25.363,20181030_ecoli_ARA_M2_2K,2000,1732,161.4,DIA_100X_EMPTY_1x1_200ms,,,
60,34,10.6158059783638,361,48.9546522303603,1789.95013850416,1190.0027700831,NaN,NaN,NaN,NaN,NaN,NaN,NaN,NaN,NaN,NaN,NaN,NaN,NaN,NaN,NaN,330.882772795785,0.959604350265104,33.6603116857682,11.4223846808225,9.46454990647851,2.60579698527097,0.0215585020164327,0.00251590658258099,2,1.0002112327142,2368.14312010828,0,18872.6731301939,1,1,1,20,2018-10-30T17:19:25.363,20181030_ecoli_ARA_M2_2K,2000,1732,161.4,DIA_100X_EMPTY_1x1_200ms,,,
61,35,11.1919204256238,391,49.5805473325987,1819.12787723785,581.751918158568,NaN,NaN,NaN,NaN,NaN,NaN,NaN,NaN,NaN,NaN,NaN,NaN,NaN,NaN,NaN,353.054005173792,0.957253870970658,33.8734091419796,11.8926921190211,10.221003239877,2.3797427858435,0.0128482089104048,0.00574393009373629,1,1.00280765633405,2779.3026472006,0,17627.8337595908,1,1,1,20,2018-10-30T17:19:25.363,20181030_ecoli_ARA_M2_2K,2000,1732,161.4,DIA_100X_EMPTY_1x1_200ms,,,
62,30,10.0212025983519,301,47.0330831447695,1841.00996677741,951.445182724253,NaN,NaN,NaN,NaN,NaN,NaN,NaN,NaN,NaN,NaN,NaN,NaN,NaN,NaN,NaN,290.35308190989,0.975178296971443,30.0953485033881,11.1985792425666,9.37818686082309,2.47050551156633,0.0107938820694522,0.00480231922498787,1,1.00147916447028,2078.86851518593,0,19283.5049833887,1,1,1,20,2018-10-30T17:19:25.363,20181030_ecoli_ARA_M2_2K,2000,1732,161.4,DIA_100X_EMPTY_1x1_200ms,,,
63,11,6.46387802293965,72,-49.9998539550356,1839.20833333333,1959.29166666667,NaN,NaN,NaN,NaN,NaN,NaN,NaN,NaN,NaN,NaN,NaN,NaN,NaN,NaN,NaN,126.407648193918,0.999855382345337,13.6729520245275,11.8086604492836,8.70477743068722,3.44422124610222,0.000706068680838991,0.000411160947087399,0,1.00000206540265,813.705991611754,1,21617.25,1,1,1,20,2018-10-30T17:19:25.363,20181030_ecoli_ARA_M2_2K,2000,1732,161.4,DIA_100X_EMPTY_1x1_200ms,,,
64,19,7.42048405823952,143,-49.8616452923209,1847.53846153846,1968.06293706294,NaN,NaN,NaN,NaN,NaN,NaN,NaN,NaN,NaN,NaN,NaN,NaN,NaN,NaN,NaN,162.468792482508,0.999778386569418,17.5691010595261,11.8845291584998,8.82450820156685,3.28585642959799,0.00954028051223024,0.00526334212749274,0,1.00058049669548,1074.53469934678,2,21892.4335664336,1,1,1,20,2018-10-30T17:19:25.363,20181030_ecoli_ARA_M2_2K,2000,1732,161.4,DIA_100X_EMPTY_1x1_200ms,,,
65,19,10.5043150174551,201,-21.5973324959612,1849.21393034826,175.796019900498,NaN,NaN,NaN,NaN,NaN,NaN,NaN,NaN,NaN,NaN,NaN,NaN,NaN,NaN,NaN,195.226532693374,0.999738394811877,18.4771338567855,12.8348651621578,9.97400456985007,3.66173769662212,0.0183900715121808,0.000815615346975112,1,1.00000238284388,1443.65564090463,0,18422.3034825871,1,1,1,20,2018-10-30T17:19:25.363,20181030_ecoli_ARA_M2_2K,2000,1732,161.4,DIA_100X_EMPTY_1x1_200ms,,,
66,26,11.2215786786507,293,35.8975564594323,1857.92150170648,652.023890784983,NaN,NaN,NaN,NaN,NaN,NaN,NaN,NaN,NaN,NaN,NaN,NaN,NaN,NaN,NaN,273.639342913029,0.986597129961611,26.2525407743295,12.1146553695047,10.1334243985048,2.82124242043112,0.00586978270505849,0.0026217276361165,0,1.00028084949356,2117.25753208994,1,18345.0307167235,1,1,1,20,2018-10-30T17:19:25.363,20181030_ecoli_ARA_M2_2K,2000,1732,161.4,DIA_100X_EMPTY_1x1_200ms,,,
67,35,11.3198102952754,396,49.0490706142888,1865.38636363636,66.7752525252525,NaN,NaN,NaN,NaN,NaN,NaN,NaN,NaN,NaN,NaN,NaN,NaN,NaN,NaN,NaN,360.599731578772,0.952359086946055,34.3143698805367,11.9151333113415,10.1879724484479,2.56384315733465,0.0171667644871774,0.00956658706559005,0,1.00746464859009,2797.31538098095,0,17708.4696969697,1,1,1,20,2018-10-30T17:19:25.363,20181030_ecoli_ARA_M2_2K,2000,1732,161.4,DIA_100X_EMPTY_1x1_200ms,,,
68,5,3.28748839968379,17,-49.9990039255703,1856.88235294118,1974.17647058824,NaN,NaN,NaN,NaN,NaN,NaN,NaN,NaN,NaN,NaN,NaN,NaN,NaN,NaN,NaN,104.512389622589,0.999707577308273,NaN,NaN,NaN,NaN,NaN,NaN,NaN,NaN,NaN,1,23815,1,1,1,20,2018-10-30T17:19:25.363,20181030_ecoli_ARA_M2_2K,2000,1732,161.4,DIA_100X_EMPTY_1x1_200ms,,,
69,31,10.5355000223564,327,44.689657882145,1873.15902140673,1893.27217125382,NaN,NaN,NaN,NaN,NaN,NaN,NaN,NaN,NaN,NaN,NaN,NaN,NaN,NaN,NaN,307.163187772555,0.964827699309508,30.275667152688,12.4434682041906,9.68196504816132,3.00582015794917,0.0223625342591304,0.00697206179798519,2,1.00232959498737,2229.00285317047,1,19689.2048929664,1,1,1,20,2018-10-30T17:19:25.363,20181030_ecoli_ARA_M2_2K,2000,1732,161.4,DIA_100X_EMPTY_1x1_200ms,,,
70,21,11.061183164224,233,11.8381326607661,1875.96566523605,645.896995708154,NaN,NaN,NaN,NaN,NaN,NaN,NaN,NaN,NaN,NaN,NaN,NaN,NaN,NaN,NaN,217.930968318582,0.999772081245606,20.1831812608549,13.3204264917472,10.1826557945648,3.74434567716645,0.0117171093457375,0.00578146862108257,1,1.00101570018736,1643.62080115049,1,18820.2746781116,1,1,1,20,2018-10-30T17:19:25.363,20181030_ecoli_ARA_M2_2K,2000,1732,161.4,DIA_100X_EMPTY_1x1_200ms,,,
71,23,18.4427407119331,425,-49.8862845909578,1880.72705882353,1909.31294117647,NaN,NaN,NaN,NaN,NaN,NaN,NaN,NaN,NaN,NaN,NaN,NaN,NaN,NaN,NaN,367.12769661969,0.924469663742718,22.6856128599099,20.2293320502689,15.6406228597395,4.31703383545525,0.00265811442339495,0.00126443663336788,2,1.00001439481176,4358.61476668363,1,19934.44,1,1,1,20,2018-10-30T17:19:25.363,20181030_ecoli_ARA_M2_2K,2000,1732,161.4,DIA_100X_EMPTY_1x1_200ms,,,
72,34,10.8329234672264,369,49.0380506416828,1912.92411924119,393.620596205962,NaN,NaN,NaN,NaN,NaN,NaN,NaN,NaN,NaN,NaN,NaN,NaN,NaN,NaN,NaN,342.427655449511,0.962174392023781,33.8952835384594,11.5601336583823,9.77593108113598,2.53328026338476,0.00588367813764988,0.00217193858501481,1,1.00028609375051,2544.16582719748,0,18388.2547425474,1,1,1,20,2018-10-30T17:19:25.363,20181030_ecoli_ARA_M2_2K,2000,1732,161.4,DIA_100X_EMPTY_1x1_200ms,,,
73,30,10.5488517776499,317,48.0411708849802,1920.7476340694,1982.21451104101,NaN,NaN,NaN,NaN,NaN,NaN,NaN,NaN,NaN,NaN,NaN,NaN,NaN,NaN,NaN,278.514168980838,0.994695741346009,28.3544940439859,11.4957643418831,9.59610525009927,2.60166569961837,0.0114904900091869,0.00629052333703627,0,1.00206852632036,2050.69838246453,1,20601.7539432177,1,1,1,20,2018-10-30T17:19:25.363,20181030_ecoli_ARA_M2_2K,2000,1732,161.4,DIA_100X_EMPTY_1x1_200ms,,,
74,28,11.7117918163945,328,46.6490988100899,1942.0243902439,1667.45426829268,NaN,NaN,NaN,NaN,NaN,NaN,NaN,NaN,NaN,NaN,NaN,NaN,NaN,NaN,NaN,268.662565584986,0.997321022571475,25.7750115893064,12.0774753326293,10.1302676610987,2.91846480293981,0.00683515807631287,0.00316805071231707,1,1.000453502565,2077.45005457364,0,19170.875,1,1,1,20,2018-10-30T17:19:25.363,20181030_ecoli_ARA_M2_2K,2000,1732,161.4,DIA_100X_EMPTY_1x1_200ms,,,
75,24,7.78594761470371,188,-3.41921567825175,1940.8829787234,2002.18617021277,NaN,NaN,NaN,NaN,NaN,NaN,NaN,NaN,NaN,NaN,NaN,NaN,NaN,NaN,NaN,206.747263220464,0.999557182419933,22.5724633050668,10.9030326149151,8.61538312006872,3.07721074631201,0.00306550240783836,0.00124009764626218,1,1.00004775800108,1315.88527471931,2,21349.0585106383,1,1,1,20,2018-10-30T17:19:25.363,20181030_ecoli_ARA_M2_2K,2000,1732,161.4,DIA_100X_EMPTY_1x1_200ms,,,
76,20,13.0891515613074,262,-48.8909895852635,1957.27480916031,2013.3893129771,NaN,NaN,NaN,NaN,NaN,NaN,NaN,NaN,NaN,NaN,NaN,NaN,NaN,NaN,NaN,224.159085017913,0.999857939753642,17.9713516163845,15.8834202332285,11.7627932314356,4.50190534828069,0.0230161846950928,0.0114647459728033,0,1.00304556984813,1952.95190771639,2,19955.7938931298,1,1,1,20,2018-10-30T17:19:25.363,20181030_ecoli_ARA_M2_2K,2000,1732,161.4,DIA_100X_EMPTY_1x1_200ms,,,
77,33,15.1940781011778,503,45.4613503007989,1977.92644135189,2019.97813121272,NaN,NaN,NaN,NaN,NaN,NaN,NaN,NaN,NaN,NaN,NaN,NaN,NaN,NaN,NaN,422.333496381882,0.932175218844529,31.399236861904,21.4628453064166,13.128638375014,5.52584518884364,0.0219352069935636,0.0111510657239303,2,1.0079976475715,4250.58148585905,1,20040.9821073559,1,1,1,20,2018-10-30T17:19:25.363,20181030_ecoli_ARA_M2_2K,2000,1732,161.4,DIA_100X_EMPTY_1x1_200ms,,,
78,24,11.09298020692,267,38.9303031929291,2021.56554307116,8.34831460674157,NaN,NaN,NaN,NaN,NaN,NaN,NaN,NaN,NaN,NaN,NaN,NaN,NaN,NaN,NaN,NaN,NaN,NaN,NaN,NaN,NaN,NaN,NaN,NaN,NaN,NaN,0,16850.5880149813,1,1,1,20,2018-10-30T17:19:25.363,20181030_ecoli_ARA_M2_2K,2000,1732,161.4,DIA_100X_EMPTY_1x1_200ms,,,
79,26,10.2688498634168,267,46.623214278353,2035.33333333333,714.325842696629,NaN,NaN,NaN,NaN,NaN,NaN,NaN,NaN,NaN,NaN,NaN,NaN,NaN,NaN,NaN,252.66354788153,0.991488943217786,25.5431944588415,11.6294789048771,9.54056585282451,2.83156746526639,0.0029410326859602,0.00131327756339451,1,1.00007582720623,1826.05291438192,0,19195.6292134831,1,1,1,20,2018-10-30T17:19:25.363,20181030_ecoli_ARA_M2_2K,2000,1732,161.4,DIA_100X_EMPTY_1x1_200ms,,,
