CellID,LongAxis,ShortAxis,Area,RegionScore,XPosition,YPosition,Fluor1Sum,Fluor1Mean,Fluor1Background,Fluor1BgStd,Fluor1FociNumber,Fluor2Sum,Fluor2Mean,Fluor2Background,Fluor2BgStd,Fluor2FociNumber,Fluor3Sum,Fluor3Mean,Fluor3Background,Fluor3BgStd,Fluor3FociNumber,MeshArea,MeshSolidity,MeshAxisLength,MeshRibsLengthMax,MeshRibsLengthMean,MeshRibsLengthStd,MeshCurvatureMax,MeshCurvatureMean,MeshCurvatureInflection,MeshSinuosity,MeshVolume,NumOfNeighbors,RegionGrayVal,TimeFrames,AgeFrames,RelativeAge,xyFolder,DateTime,Folder,StageXposition,StageYposition,StageZposition,PhaseConfig,Fluo1Config,Fluo2Config,Fluo3Config
1,24,12.0467179023205,289,34.9452539753705,122.044982698962,427.861591695502,NaN,NaN,NaN,NaN,NaN,NaN,NaN,NaN,NaN,NaN,NaN,NaN,NaN,NaN,NaN,263.220517728371,0.999682035321179,22.7963781672525,13.911168369272,11.0662432525434,3.57245169955382,0.0230667936277274,0.0113547423242178,1,1.00461251127713,2192.58358831385,0,15241.062283737,1,1,1,1,2018-11-08T18:18:36.621,20181108_ecoli_ARA_P4_2K,-0,-0,163.55,DIA_100X_EMPTY_1x1_200ms,,,
2,32,11.9228971580445,382,48.468381501338,187.94502617801,1914.42931937173,NaN,NaN,NaN,NaN,NaN,NaN,NaN,NaN,NaN,NaN,NaN,NaN,NaN,NaN,NaN,340.945735925337,0.965604503312387,32.1038891028842,12.0680527929585,10.35156128166,2.63398831459448,0.0153760061695234,0.00956089446219782,0,1.00615191666532,2701.83761054202,0,15172.5916230366,1,1,1,1,2018-11-08T18:18:36.621,20181108_ecoli_ARA_P4_2K,-0,-0,163.55,DIA_100X_EMPTY_1x1_200ms,,,
3,33,11.1152023599607,367,48.7879574837993,257.942779291553,1901.54768392371,NaN,NaN,NaN,NaN,NaN,NaN,NaN,NaN,NaN,NaN,NaN,NaN,NaN,NaN,NaN,355.860237633518,0.960147873021959,33.2880143600268,12.4036724116125,10.4639700342062,2.58537239634107,0.0102459054687463,0.00466324736664518,1,1.00160349488872,2862.66643616878,1,15935.4795640327,1,1,1,1,2018-11-08T18:18:36.621,20181108_ecoli_ARA_P4_2K,-0,-0,163.55,DIA_100X_EMPTY_1x1_200ms,,,
4,38,10.5327071560793,401,47.5677505123006,264.354114713217,1886.65087281796,NaN,NaN,NaN,NaN,NaN,NaN,NaN,NaN,NaN,NaN,NaN,NaN,NaN,NaN,NaN,392.653702355396,0.929815207087328,39.3965242523532,12.1539602080364,9.58401924079538,2.59547422464667,0.0151607254499881,0.00901219831139771,0,1.00720048652744,2842.12479346159,1,16733.0997506234,1,1,1,1,2018-11-08T18:18:36.621,20181108_ecoli_ARA_P4_2K,-0,-0,163.55,DIA_100X_EMPTY_1x1_200ms,,,
5,29,11.528823830992,335,47.1853466181731,677.597014925373,702.068656716418,NaN,NaN,NaN,NaN,NaN,NaN,NaN,NaN,NaN,NaN,NaN,NaN,NaN,NaN,NaN,298.201379168258,0.989351232388518,28.212689304592,12.182728754148,10.2837488560793,2.8173327669043,0.0082447543315252,0.00533396820726119,0,1.00142901869118,2343.35071436758,0,15624.3492537313,1,1,1,1,2018-11-08T18:18:36.621,20181108_ecoli_ARA_P4_2K,-0,-0,163.55,DIA_100X_EMPTY_1x1_200ms,,,
6,39,11.0293680707328,431,49.3777104032116,761.538283062645,1352.48955916473,NaN,NaN,NaN,NaN,NaN,NaN,NaN,NaN,NaN,NaN,NaN,NaN,NaN,NaN,NaN,409.165063242577,0.940801639683759,39.5590136727319,11.7700171804711,10.1128309079738,2.30807395682485,0.0137460326567565,0.00732573147174364,1,1.00553679100631,3177.46538038643,0,15699.1577726218,1,1,1,1,2018-11-08T18:18:36.621,20181108_ecoli_ARA_P4_2K,-0,-0,163.55,DIA_100X_EMPTY_1x1_200ms,,,
7,25,9.84639673411139,247,44.785207767858,831.886639676113,1151.03643724696,NaN,NaN,NaN,NaN,NaN,NaN,NaN,NaN,NaN,NaN,NaN,NaN,NaN,NaN,NaN,249.064581018179,0.988881059502458,25.5290155100406,11.6394810779158,9.38810662038719,2.78208404680957,0.00206370232718055,0.000880509006037447,1,1.00002898920718,1767.1766927038,0,16292.6923076923,1,1,1,1,2018-11-08T18:18:36.621,20181108_ecoli_ARA_P4_2K,-0,-0,163.55,DIA_100X_EMPTY_1x1_200ms,,,
8,22,11.4443669902823,253,20.6087719215916,1175.50592885375,186.446640316206,NaN,NaN,NaN,NaN,NaN,NaN,NaN,NaN,NaN,NaN,NaN,NaN,NaN,NaN,NaN,239.215915614849,0.999457989686994,22.2574344618425,12.6145211651263,10.3995313213619,3.19103019709835,0.00689197911043824,0.00388306642542463,0,1.00050213314378,1890.56894225978,0,15579.7470355731,1,1,1,1,2018-11-08T18:18:36.621,20181108_ecoli_ARA_P4_2K,-0,-0,163.55,DIA_100X_EMPTY_1x1_200ms,,,
9,22,10.9354464862572,241,32.9600784628178,1294.09543568465,476.497925311203,NaN,NaN,NaN,NaN,NaN,NaN,NaN,NaN,NaN,NaN,NaN,NaN,NaN,NaN,NaN,227.69189240727,0.99970761367686,21.6522294322178,12.5461485202427,10.1150765029121,3.29867971498739,0.00571308480708273,0.00285382950570115,1,1.00026663272081,1739.92627003681,0,15800.9004149378,1,1,1,1,2018-11-08T18:18:36.621,20181108_ecoli_ARA_P4_2K,-0,-0,163.55,DIA_100X_EMPTY_1x1_200ms,,,
10,30,11.850835225787,356,47.5197606649856,1734.51123595506,279.219101123596,NaN,NaN,NaN,NaN,NaN,NaN,NaN,NaN,NaN,NaN,NaN,NaN,NaN,NaN,NaN,319.638626201234,0.982398435522021,29.8828150176488,12.512956888113,10.3183861455429,2.96213113234207,0.018635022627896,0.00863780141780819,1,1.00468956701623,2498.81981271229,0,15545.0870786517,1,1,1,1,2018-11-08T18:18:36.621,20181108_ecoli_ARA_P4_2K,-0,-0,163.55,DIA_100X_EMPTY_1x1_200ms,,,
1,28,9.59971188810694,269,36.3278041590654,11.7843866171004,1432.81784386617,NaN,NaN,NaN,NaN,NaN,NaN,NaN,NaN,NaN,NaN,NaN,NaN,NaN,NaN,NaN,NaN,NaN,NaN,NaN,NaN,NaN,NaN,NaN,NaN,NaN,NaN,0,16265.219330855,1,1,1,5,2018-11-08T18:18:46.222,20181108_ecoli_ARA_P4_2K,500,-866,163.55,DIA_100X_EMPTY_1x1_200ms,,,
2,37,11.008253018091,408,48.5211606714248,287.747549019608,547.975490196078,NaN,NaN,NaN,NaN,NaN,NaN,NaN,NaN,NaN,NaN,NaN,NaN,NaN,NaN,NaN,383.442680794564,0.952717717912465,37.326445751283,12.085550953291,10.0872515830955,2.31078492707845,0.0107941464261112,0.00387014428463778,1,1.00119941778516,2982.99293381872,0,16155.5710784314,1,1,1,5,2018-11-08T18:18:46.222,20181108_ecoli_ARA_P4_2K,500,-866,163.55,DIA_100X_EMPTY_1x1_200ms,,,
3,35,11.251655147161,394,49.0071944883224,740.274111675127,1917.28934010152,NaN,NaN,NaN,NaN,NaN,NaN,NaN,NaN,NaN,NaN,NaN,NaN,NaN,NaN,NaN,356.275431784182,0.952695463771737,34.7929119117439,11.8736562148677,9.89775566447855,2.63797002827242,0.0112080917291685,0.00694809308341469,0,1.00357239492964,2677.03541242431,0,15315.4441624365,1,1,1,5,2018-11-08T18:18:46.222,20181108_ecoli_ARA_P4_2K,500,-866,163.55,DIA_100X_EMPTY_1x1_200ms,,,
4,31,10.7732947498347,335,47.5343015362453,797.582089552239,1209.2,NaN,NaN,NaN,NaN,NaN,NaN,NaN,NaN,NaN,NaN,NaN,NaN,NaN,NaN,NaN,321.742338143455,0.973571858285319,31.6659577677723,11.7303636715033,9.89883371061619,2.47912293521075,0.00658350406729465,0.00276228384514372,0,1.00050064993918,2436.97215472867,0,15644.3223880597,1,1,1,5,2018-11-08T18:18:46.222,20181108_ecoli_ARA_P4_2K,500,-866,163.55,DIA_100X_EMPTY_1x1_200ms,,,
5,35,10.5674089798821,370,49.0152961430213,795.12972972973,1307.14594594595,NaN,NaN,NaN,NaN,NaN,NaN,NaN,NaN,NaN,NaN,NaN,NaN,NaN,NaN,NaN,359.960447095998,0.954735079479285,35.1997012042762,12.0001442358583,9.99802801808842,2.40328823161292,0.00455451940807575,0.00222433369716334,1,1.0000987925376,2763.48783571568,0,15306.7540540541,1,1,1,5,2018-11-08T18:18:46.222,20181108_ecoli_ARA_P4_2K,500,-866,163.55,DIA_100X_EMPTY_1x1_200ms,,,
6,24,10.8197026319936,260,44.7471963633722,1062.53076923077,559.426923076923,NaN,NaN,NaN,NaN,NaN,NaN,NaN,NaN,NaN,NaN,NaN,NaN,NaN,NaN,NaN,246.87989339549,0.994683083657407,23.7525432373501,11.9022186732261,9.89965624361257,3.15590939937546,0.0104818590622979,0.0056559841762115,1,1.00124724183667,1828.26955569642,0,15998.5538461538,1,1,1,5,2018-11-08T18:18:46.222,20181108_ecoli_ARA_P4_2K,500,-866,163.55,DIA_100X_EMPTY_1x1_200ms,,,
7,26,11.1538820007092,290,46.0029651821834,1477.46896551724,332.193103448276,NaN,NaN,NaN,NaN,NaN,NaN,NaN,NaN,NaN,NaN,NaN,NaN,NaN,NaN,NaN,255.998729138295,0.998851862837944,24.445035241408,12.9300960997749,10.0623604154288,3.28577914385399,0.00826053006822667,0.00449468703650618,0,1.00084466647836,1943.92849940003,0,15980.5655172414,1,1,1,5,2018-11-08T18:18:46.222,20181108_ecoli_ARA_P4_2K,500,-866,163.55,DIA_100X_EMPTY_1x1_200ms,,,
8,43,11.0991358110774,478,49.645978404283,1831.3640167364,256.945606694561,NaN,NaN,NaN,NaN,NaN,NaN,NaN,NaN,NaN,NaN,NaN,NaN,NaN,NaN,NaN,437.466483733303,0.953901911677497,42.6212013942155,11.7148585099438,10.0579055192421,2.22845377468853,0.00752637388610294,0.00251921911451923,3,1.00057936155942,3386.34086899251,0,16019.7364016736,1,1,1,5,2018-11-08T18:18:46.222,20181108_ecoli_ARA_P4_2K,500,-866,163.55,DIA_100X_EMPTY_1x1_200ms,,,
9,29,11.1464490745723,323,47.7333533841172,1840.85758513932,1307.84520123839,NaN,NaN,NaN,NaN,NaN,NaN,NaN,NaN,NaN,NaN,NaN,NaN,NaN,NaN,NaN,300.794317959156,0.981717561260903,28.2465918527387,12.3828352455366,10.3642525019239,2.74749337832761,0.00421308233584746,0.00187962935645735,1,1.00020819514251,2383.04314961546,0,15132.8390092879,1,1,1,5,2018-11-08T18:18:46.222,20181108_ecoli_ARA_P4_2K,500,-866,163.55,DIA_100X_EMPTY_1x1_200ms,,,
1,34,10.6130964406114,361,48.9978675939526,98.1772853185596,1437.04986149584,NaN,NaN,NaN,NaN,NaN,NaN,NaN,NaN,NaN,NaN,NaN,NaN,NaN,NaN,NaN,350.319632433007,0.96725889560538,34.6882874167166,11.9053247010368,9.73517571679005,2.66904640161489,0.0102204641083506,0.00401091263272211,0,1.00145482643676,2582.02432824643,0,16119.3711911357,1,1,1,8,2018-11-08T18:18:53.305,20181108_ecoli_ARA_P4_2K,-0,1732,163.55,DIA_100X_EMPTY_1x1_200ms,,,
2,25,10.8745785780059,273,41.0476513366183,443.553113553114,282.787545787546,NaN,NaN,NaN,NaN,NaN,NaN,NaN,NaN,NaN,NaN,NaN,NaN,NaN,NaN,NaN,258.425618756864,0.994361702362884,25.041079146941,12.1387831905516,9.74265920589127,3.28036424618505,0.0115668516383366,0.00126655438637282,1,1.00004963420898,1866.80065680268,0,16293.7289377289,1,1,1,8,2018-11-08T18:18:53.305,20181108_ecoli_ARA_P4_2K,-0,1732,163.55,DIA_100X_EMPTY_1x1_200ms,,,
3,25,10.6423725688948,267,40.6083458947793,465.98127340824,257.314606741573,NaN,NaN,NaN,NaN,NaN,NaN,NaN,NaN,NaN,NaN,NaN,NaN,NaN,NaN,NaN,253.982041963763,0.987820050427587,24.6126529408735,12.2613274111792,10.0016968107806,2.85764233625414,0.0205108137856329,0.0105748746393334,1,1.00465618551474,1933.72930916971,0,17026.1722846442,1,1,1,8,2018-11-08T18:18:53.305,20181108_ecoli_ARA_P4_2K,-0,1732,163.55,DIA_100X_EMPTY_1x1_200ms,,,
4,25,10.8455355660575,271,46.3249962907754,626.89667896679,837.756457564576,NaN,NaN,NaN,NaN,NaN,NaN,NaN,NaN,NaN,NaN,NaN,NaN,NaN,NaN,NaN,260.976871066319,0.990548109819891,24.8202254862962,12.1440398956849,10.2184966848388,2.85410639176746,0.00625148299195817,0.00367891226454268,0,1.00054986659398,2035.49303547248,0,16147.8118081181,1,1,1,8,2018-11-08T18:18:53.305,20181108_ecoli_ARA_P4_2K,-0,1732,163.55,DIA_100X_EMPTY_1x1_200ms,,,
5,31,9.95046223652283,309,48.2849171787662,628.546925566343,789.967637540453,NaN,NaN,NaN,NaN,NaN,NaN,NaN,NaN,NaN,NaN,NaN,NaN,NaN,NaN,NaN,307.43307856101,0.976540268939868,31.6501579814638,11.4686447582013,9.46433826234948,2.46109377500283,0.0100688155561336,0.00436026719761057,1,1.00115545426929,2226.6208491245,0,16646.2006472492,1,1,1,8,2018-11-08T18:18:53.305,20181108_ecoli_ARA_P4_2K,-0,1732,163.55,DIA_100X_EMPTY_1x1_200ms,,,
6,36,10.8551590459668,391,49.393407060372,952.644501278772,339.570332480818,NaN,NaN,NaN,NaN,NaN,NaN,NaN,NaN,NaN,NaN,NaN,NaN,NaN,NaN,NaN,371.216855704354,0.959702773732455,35.5179273882759,12.212575572694,10.0370065738446,2.75025314305283,0.0128028440777503,0.00610112218612264,1,1.00244621973174,2810.25619334516,0,15991.6982097187,1,1,1,8,2018-11-08T18:18:53.305,20181108_ecoli_ARA_P4_2K,-0,1732,163.55,DIA_100X_EMPTY_1x1_200ms,,,
7,29,11.4458992019369,333,47.2953737868119,1049.86186186186,929.402402402402,NaN,NaN,NaN,NaN,NaN,NaN,NaN,NaN,NaN,NaN,NaN,NaN,NaN,NaN,NaN,311.510356083354,0.97944339868085,29.5870435417025,12.1847743673241,10.2076691371854,2.78044603285416,0.00296268172350027,0.00180902657887711,0,1.00018294082766,2421.27780884826,0,15580.4264264264,1,1,1,8,2018-11-08T18:18:53.305,20181108_ecoli_ARA_P4_2K,-0,1732,163.55,DIA_100X_EMPTY_1x1_200ms,,,
8,40,11.8419861994389,475,49.0715564989281,1084.85684210526,320.046315789474,NaN,NaN,NaN,NaN,NaN,NaN,NaN,NaN,NaN,NaN,NaN,NaN,NaN,NaN,NaN,433.013490814034,0.942560068018228,40.984206239939,12.3265921732971,10.3015039473317,2.47822585665247,0.0103622541205825,0.00457690095217158,1,1.00265868592785,3415.91988348517,0,15946.5473684211,1,1,1,8,2018-11-08T18:18:53.305,20181108_ecoli_ARA_P4_2K,-0,1732,163.55,DIA_100X_EMPTY_1x1_200ms,,,
9,30,10.7971130170039,324,47.2451431434111,1121.87962962963,85.1882716049383,NaN,NaN,NaN,NaN,NaN,NaN,NaN,NaN,NaN,NaN,NaN,NaN,NaN,NaN,NaN,304.957864375791,0.979523404832332,30.2587231844392,11.8781061984477,9.84483051631618,2.49927026702316,0.0130336896553572,0.00718934710536496,0,1.00277463024816,2303.33426100895,0,16479.9382716049,1,1,1,8,2018-11-08T18:18:53.305,20181108_ecoli_ARA_P4_2K,-0,1732,163.55,DIA_100X_EMPTY_1x1_200ms,,,
10,32,11.483540956377,369,47.6411015485859,1321.34959349593,1501.9756097561,NaN,NaN,NaN,NaN,NaN,NaN,NaN,NaN,NaN,NaN,NaN,NaN,NaN,NaN,NaN,341.435508115554,0.968052398871627,32.5154978982775,12.1014114249636,10.1943922582643,2.64638717462314,0.00872463043918955,0.00515404866109617,1,1.00189434687389,2654.01253999592,0,15745.4661246612,1,1,1,8,2018-11-08T18:18:53.305,20181108_ecoli_ARA_P4_2K,-0,1732,163.55,DIA_100X_EMPTY_1x1_200ms,,,
11,25,10.6127094099929,266,44.7363270361813,1604.40977443609,1475.98496240602,NaN,NaN,NaN,NaN,NaN,NaN,NaN,NaN,NaN,NaN,NaN,NaN,NaN,NaN,NaN,256.580674220555,0.993163528074789,24.9406382969752,12.0245269176315,9.91098579266334,2.9696177975266,0.00702605481985651,0.00359699054886209,1,1.00020321753264,1924.11556390286,0,16324.4473684211,1,1,1,8,2018-11-08T18:18:53.305,20181108_ecoli_ARA_P4_2K,-0,1732,163.55,DIA_100X_EMPTY_1x1_200ms,,,
12,33,10.5464092469316,349,48.8406382021678,1615.55300859599,1812.59312320917,NaN,NaN,NaN,NaN,NaN,NaN,NaN,NaN,NaN,NaN,NaN,NaN,NaN,NaN,NaN,332.585800831787,0.962458430064752,33.5108778921968,11.3816032301055,9.63526856011989,2.4886105338944,0.00317121676840102,0.00144475745235814,1,1.00016464567101,2443.44931519957,0,16462.4670487106,1,1,1,8,2018-11-08T18:18:53.305,20181108_ecoli_ARA_P4_2K,-0,1732,163.55,DIA_100X_EMPTY_1x1_200ms,,,
13,24,11.7543683192794,283,41.8814278717405,1648.2296819788,1460.75618374558,NaN,NaN,NaN,NaN,NaN,NaN,NaN,NaN,NaN,NaN,NaN,NaN,NaN,NaN,NaN,252.810847150685,0.998064862312204,23.4867239259015,12.4867641557971,10.1031184209415,3.53492428677993,0.328498292147244,0.0138378864710664,1,1.00018657312792,1882.88246632393,0,15490.5759717314,1,1,1,8,2018-11-08T18:18:53.305,20181108_ecoli_ARA_P4_2K,-0,1732,163.55,DIA_100X_EMPTY_1x1_200ms,,,
14,27,10.4490620505182,282,48.2434590970388,1815.98936170213,1050.01773049645,NaN,NaN,NaN,NaN,NaN,NaN,NaN,NaN,NaN,NaN,NaN,NaN,NaN,NaN,NaN,270.946370879154,0.989333247773405,26.1556875101482,12.2185039164763,10.0316994625642,2.8674311917114,0.00324057394101064,0.00109059725203101,2,1.0000471486822,2067.30734160579,0,16638.9113475177,1,1,1,8,2018-11-08T18:18:53.305,20181108_ecoli_ARA_P4_2K,-0,1732,163.55,DIA_100X_EMPTY_1x1_200ms,,,
1,26,10.8133067001551,281,46.4861031882078,129.238434163701,1194.00355871886,NaN,NaN,NaN,NaN,NaN,NaN,NaN,NaN,NaN,NaN,NaN,NaN,NaN,NaN,NaN,264.575131273189,0.991365750086399,25.9788766462654,11.8905987234057,9.63393200244923,3.14915354273247,0.0183771551887683,0.00411675088582312,1,1.00047835918912,1893.72713653491,0,17885.4911032028,1,1,1,9,2018-11-08T18:18:55.626,20181108_ecoli_ARA_P4_2K,-1000,1732,163.55,DIA_100X_EMPTY_1x1_200ms,,,
2,29,9.35736830818668,272,48.333752081047,202.930147058824,1917.77573529412,NaN,NaN,NaN,NaN,NaN,NaN,NaN,NaN,NaN,NaN,NaN,NaN,NaN,NaN,NaN,279.690118799569,0.975189236605056,29.3894604205069,10.8950607767843,9.3109583831667,2.3416818928807,0.0115447881610904,0.00573107079719368,1,1.00199908560467,2001.10678747292,0,18783.8897058824,1,1,1,9,2018-11-08T18:18:55.626,20181108_ecoli_ARA_P4_2K,-1000,1732,163.55,DIA_100X_EMPTY_1x1_200ms,,,
3,38,11.1977574489992,426,49.2988577145049,275.241784037559,644.786384976526,NaN,NaN,NaN,NaN,NaN,NaN,NaN,NaN,NaN,NaN,NaN,NaN,NaN,NaN,NaN,385.441737747363,0.948128376399246,37.9021064789332,11.9176523822917,9.88270510641423,2.46018954863657,0.0126553144206272,0.00526298420358602,1,1.00242981601587,2907.40077383561,0,17223.3661971831,1,1,1,9,2018-11-08T18:18:55.626,20181108_ecoli_ARA_P4_2K,-1000,1732,163.55,DIA_100X_EMPTY_1x1_200ms,,,
4,31,11.8052997020636,367,48.2591467446568,459.485013623978,81.1389645776567,NaN,NaN,NaN,NaN,NaN,NaN,NaN,NaN,NaN,NaN,NaN,NaN,NaN,NaN,NaN,325.382541307578,0.988726258289204,30.8985880466162,12.520752692837,10.164171417973,2.97147761116283,0.0114698782268536,0.0066715777577125,0,1.00280435105313,2507.10473510559,0,17282.8228882834,1,1,1,9,2018-11-08T18:18:55.626,20181108_ecoli_ARA_P4_2K,-1000,1732,163.55,DIA_100X_EMPTY_1x1_200ms,,,
5,36,10.6151596207294,383,49.3052938417257,700.798955613577,254.328981723238,NaN,NaN,NaN,NaN,NaN,NaN,NaN,NaN,NaN,NaN,NaN,NaN,NaN,NaN,NaN,346.74430136135,0.97643918555003,35.3508571118448,11.3883752858493,9.62050446814714,2.29141567961134,0.00657798289427311,0.0028600273912514,2,1.00017950869371,2569.71832023661,0,17750.8746736292,1,1,1,9,2018-11-08T18:18:55.626,20181108_ecoli_ARA_P4_2K,-1000,1732,163.55,DIA_100X_EMPTY_1x1_200ms,,,
6,36,10.4190449691984,376,47.6120869719714,1189.55053191489,573.688829787234,NaN,NaN,NaN,NaN,NaN,NaN,NaN,NaN,NaN,NaN,NaN,NaN,NaN,NaN,NaN,362.653742265284,0.953715698698069,36.7883850323495,11.8539884686083,9.67057965791214,2.27177839089225,0.00611600372244376,0.00301785274914719,2,1.00023869839709,2702.12613409639,0,17700.5372340426,1,1,1,9,2018-11-08T18:18:55.626,20181108_ecoli_ARA_P4_2K,-1000,1732,163.55,DIA_100X_EMPTY_1x1_200ms,,,
7,28,10.0001065033154,280,48.6132407313255,1684.24642857143,1331.01071428571,NaN,NaN,NaN,NaN,NaN,NaN,NaN,NaN,NaN,NaN,NaN,NaN,NaN,NaN,NaN,277.978795847805,0.982196849145447,28.2304394393769,11.5633686048446,9.42320451500825,2.86310841185612,0.00422362707481378,0.00235962279986568,1,1.00008464010911,1968.8142931326,0,18798.3642857143,1,1,1,9,2018-11-08T18:18:55.626,20181108_ecoli_ARA_P4_2K,-1000,1732,163.55,DIA_100X_EMPTY_1x1_200ms,,,
8,25,11.1257225913329,278,45.5829566778583,1694.06474820144,1303.29496402878,NaN,NaN,NaN,NaN,NaN,NaN,NaN,NaN,NaN,NaN,NaN,NaN,NaN,NaN,NaN,269.011297313124,0.996019421981733,24.6874966965396,12.7538587122287,10.3578022652617,3.34928344833232,0.0181077588551867,0.0048894613467571,0,1.00088578264038,2080.18599447585,0,17780.571942446,1,1,1,9,2018-11-08T18:18:55.626,20181108_ecoli_ARA_P4_2K,-1000,1732,163.55,DIA_100X_EMPTY_1x1_200ms,,,
9,26,12.4475892322836,324,44.2679151022306,1760.44135802469,1689.48148148148,NaN,NaN,NaN,NaN,NaN,NaN,NaN,NaN,NaN,NaN,NaN,NaN,NaN,NaN,NaN,282.269585073634,0.999624273161162,24.7922187779559,13.6792981455805,11.0519007993219,3.32711359431117,0.000359091043506343,0.000120866102484099,2,1.00000037482274,2378.36898693077,0,17446.6203703704,1,1,1,9,2018-11-08T18:18:55.626,20181108_ecoli_ARA_P4_2K,-1000,1732,163.55,DIA_100X_EMPTY_1x1_200ms,,,
10,39,11.2239951338773,438,44.6525598578782,2019.71461187215,478.358447488584,NaN,NaN,NaN,NaN,NaN,NaN,NaN,NaN,NaN,NaN,NaN,NaN,NaN,NaN,NaN,404.067496505273,0.868845998591158,40.1015457034826,11.8356720359796,9.76868919541607,2.40098865971045,0.0441906295137027,0.0198541455852203,1,1.04897484539693,3005.5473778216,0,17570.1780821918,1,1,1,9,2018-11-08T18:18:55.626,20181108_ecoli_ARA_P4_2K,-1000,1732,163.55,DIA_100X_EMPTY_1x1_200ms,,,
1,27,11.2063559550823,305,45.6462587692513,602.229508196721,1713.04590163934,NaN,NaN,NaN,NaN,NaN,NaN,NaN,NaN,NaN,NaN,NaN,NaN,NaN,NaN,NaN,291.070149899814,0.98399728750428,27.7282438079907,12.2790966055269,10.2089129891142,2.79577578549933,0.00179385878965856,0.000881496869677004,1,1.00004070887105,2269.71459362951,0,16243.2754098361,1,1,1,15,2018-11-08T18:19:09.654,20181108_ecoli_ARA_P4_2K,1000,-1732,163.55,DIA_100X_EMPTY_1x1_200ms,,,
2,49,10.8638325302161,533,48.8601168269461,744.303939962477,1612.51031894934,NaN,NaN,NaN,NaN,NaN,NaN,NaN,NaN,NaN,NaN,NaN,NaN,NaN,NaN,NaN,505.332190970069,0.933116993995194,49.9091848704248,11.7640473753146,9.99594907820475,1.92269967442405,0.00839667146544312,0.0029368802232538,3,1.00076703520433,3916.68304882281,0,16597.0337711069,1,1,1,15,2018-11-08T18:19:09.654,20181108_ecoli_ARA_P4_2K,1000,-1732,163.55,DIA_100X_EMPTY_1x1_200ms,,,
3,30,11.0162206657977,331,47.3461052054414,1263.26586102719,775.78247734139,NaN,NaN,NaN,NaN,NaN,NaN,NaN,NaN,NaN,NaN,NaN,NaN,NaN,NaN,NaN,309.156075935312,0.974029584159573,29.8833762617642,12.2873183996519,10.1230929427221,2.58986234568312,0.012373429919749,0.00674847514941037,0,1.00276033659392,2405.17118903378,0,16145.1812688822,1,1,1,15,2018-11-08T18:19:09.654,20181108_ecoli_ARA_P4_2K,1000,-1732,163.55,DIA_100X_EMPTY_1x1_200ms,,,
4,49,10.0384112640947,493,48.9888397509305,1369.38539553753,1762.34482758621,NaN,NaN,NaN,NaN,NaN,NaN,NaN,NaN,NaN,NaN,NaN,NaN,NaN,NaN,NaN,491.22086266731,0.909349431511519,50.6495217422182,11.1112983935901,9.54017573221755,1.90424339333953,0.0125012876052971,0.00470060788518605,1,1.00331796033919,3620.57859417177,0,16785.3387423935,1,1,1,15,2018-11-08T18:19:09.654,20181108_ecoli_ARA_P4_2K,1000,-1732,163.55,DIA_100X_EMPTY_1x1_200ms,,,
5,24,11.8642069272057,286,27.3420605727872,1425.48251748252,2028.23076923077,NaN,NaN,NaN,NaN,NaN,NaN,NaN,NaN,NaN,NaN,NaN,NaN,NaN,NaN,NaN,265.040849324124,0.994871785645643,24.5306091641415,12.624237549207,10.4185517328246,3.07417918094008,0.00903680537017421,0.0041892501436692,1,1.00070697391643,2091.28354143207,0,16255.3846153846,1,1,1,15,2018-11-08T18:19:09.654,20181108_ecoli_ARA_P4_2K,1000,-1732,163.55,DIA_100X_EMPTY_1x1_200ms,,,
6,24,10.1147021398781,243,44.5604383749644,1571.68312757202,772.0329218107,NaN,NaN,NaN,NaN,NaN,NaN,NaN,NaN,NaN,NaN,NaN,NaN,NaN,NaN,NaN,240.950775012172,0.997494680573791,23.9188983254814,11.6484703423161,9.80612204001402,2.82032160870497,0.00429434632981335,0.00213619573117635,0,1.00017908946312,1806.44873718144,0,16746.7654320988,1,1,1,15,2018-11-08T18:19:09.654,20181108_ecoli_ARA_P4_2K,1000,-1732,163.55,DIA_100X_EMPTY_1x1_200ms,,,
7,29,10.3607354637045,301,47.3616101605475,1677.7707641196,1218.78073089701,NaN,NaN,NaN,NaN,NaN,NaN,NaN,NaN,NaN,NaN,NaN,NaN,NaN,NaN,NaN,295.722281622033,0.966548729781343,29.4211269274847,11.8163412761241,9.73815891714807,2.59571449194609,0.0183270601025135,0.0105185219793229,0,1.00646705942271,2191.30535508697,0,16377.6179401993,1,1,1,15,2018-11-08T18:19:09.654,20181108_ecoli_ARA_P4_2K,1000,-1732,163.55,DIA_100X_EMPTY_1x1_200ms,,,
8,27,9.05320957862263,245,45.5125280721525,1692.17959183673,75.1020408163265,NaN,NaN,NaN,NaN,NaN,NaN,NaN,NaN,NaN,NaN,NaN,NaN,NaN,NaN,NaN,265.729641663769,0.981326230689516,28.4610889000922,10.6425225560452,9.02681132691603,2.46866674659547,0.00638920423694472,0.00369328441419216,1,1.00019399906787,1821.42009469657,0,18774.8693877551,1,1,1,15,2018-11-08T18:19:09.654,20181108_ecoli_ARA_P4_2K,1000,-1732,163.55,DIA_100X_EMPTY_1x1_200ms,,,
9,23,10.240538133696,236,39.3299994735969,1712.8093220339,1145.56355932203,NaN,NaN,NaN,NaN,NaN,NaN,NaN,NaN,NaN,NaN,NaN,NaN,NaN,NaN,NaN,231.714193676996,0.995526316053941,22.9500130022352,11.7698994578786,9.6607186669486,3.02594213291835,0.00506795471681124,0.00258991658392117,1,1.00025440916901,1682.25445621367,0,17081.4194915254,1,1,1,15,2018-11-08T18:19:09.654,20181108_ecoli_ARA_P4_2K,1000,-1732,163.55,DIA_100X_EMPTY_1x1_200ms,,,
10,22,11.0376673423825,244,27.2004819160354,1866.81557377049,541.02868852459,NaN,NaN,NaN,NaN,NaN,NaN,NaN,NaN,NaN,NaN,NaN,NaN,NaN,NaN,NaN,239.499956971822,0.998169594059977,22.7928730912261,12.0622531534494,10.1757030993449,3.0023077311203,0.00200514348196242,0.00110501322797305,0,1.00004243546383,1853.60762612865,0,16919.2786885246,1,1,1,15,2018-11-08T18:19:09.654,20181108_ecoli_ARA_P4_2K,1000,-1732,163.55,DIA_100X_EMPTY_1x1_200ms,,,
11,31,11.6533454264317,362,47.2368355510986,1877.04696132597,1399.82320441989,NaN,NaN,NaN,NaN,NaN,NaN,NaN,NaN,NaN,NaN,NaN,NaN,NaN,NaN,NaN,335.048200258916,0.970563650504455,31.7842777775749,12.3065290650693,10.2976914476292,2.58801676016007,0.00568112044072847,0.0027287267715384,1,1.00052404775143,2647.1708909397,0,15831.5524861878,1,1,1,15,2018-11-08T18:19:09.654,20181108_ecoli_ARA_P4_2K,1000,-1732,163.55,DIA_100X_EMPTY_1x1_200ms,,,
12,33,11.301599676113,373,49.1640878158236,1981.92761394102,1107.36461126005,NaN,NaN,NaN,NaN,NaN,NaN,NaN,NaN,NaN,NaN,NaN,NaN,NaN,NaN,NaN,339.384782672262,0.983883344804014,31.7570760785818,12.262755696588,10.4324451398508,2.64347571440953,0.00108754365531964,0.000628628376113301,0,1.00002246673219,2714.57978110063,0,15765.9758713137,1,1,1,15,2018-11-08T18:19:09.654,20181108_ecoli_ARA_P4_2K,1000,-1732,163.55,DIA_100X_EMPTY_1x1_200ms,,,
13,36,11.3254107261676,408,48.6637251619061,2002.56862745098,1818.62745098039,NaN,NaN,NaN,NaN,NaN,NaN,NaN,NaN,NaN,NaN,NaN,NaN,NaN,NaN,NaN,373.478238583065,0.953313091744563,36.0310344316212,12.5347606917406,10.0969124190803,2.59099824554955,0.0107552184852882,0.00428637783760189,2,1.00159459432847,2884.98653424069,0,16500.8333333333,1,1,1,15,2018-11-08T18:19:09.654,20181108_ecoli_ARA_P4_2K,1000,-1732,163.55,DIA_100X_EMPTY_1x1_200ms,,,
14,26,10.124583551529,264,41.38921531873,2012.43939393939,1202.95833333333,NaN,NaN,NaN,NaN,NaN,NaN,NaN,NaN,NaN,NaN,NaN,NaN,NaN,NaN,NaN,257.290294437892,0.990737291966907,25.9204616842987,11.3254721009995,9.6857015034553,2.65591155669522,0.00610834285534544,0.00320420409799042,0,1.00042356653278,1909.83028357376,0,17037.0681818182,1,1,1,15,2018-11-08T18:19:09.654,20181108_ecoli_ARA_P4_2K,1000,-1732,163.55,DIA_100X_EMPTY_1x1_200ms,,,
1,38,14.0978621846761,536,-49.229705079638,28.5074626865672,416.235074626866,NaN,NaN,NaN,NaN,NaN,NaN,NaN,NaN,NaN,NaN,NaN,NaN,NaN,NaN,NaN,488.445422738379,0.811163126265415,39.3655666208736,13.4658888638363,10.1443812718079,2.53717703307954,0.171133138528216,0.0485864900414734,3,1.06776500079899,3181.68745466637,0,17767.5317164179,1,1,1,24,2018-11-08T18:19:30.593,20181108_ecoli_ARA_P4_2K,2000,-1732,163.55,DIA_100X_EMPTY_1x1_200ms,,,
2,26,9.43430741268777,246,40.1002047706754,49.739837398374,378.178861788618,NaN,NaN,NaN,NaN,NaN,NaN,NaN,NaN,NaN,NaN,NaN,NaN,NaN,NaN,NaN,260.157018766034,0.980039307661651,27.6213153956704,10.7545253525941,8.97502381106069,2.72897039388046,0.0185027066696105,0.00284025974839336,1,1.00016946906927,1747.45281298021,0,18434.6097560976,1,1,1,24,2018-11-08T18:19:30.593,20181108_ecoli_ARA_P4_2K,2000,-1732,163.55,DIA_100X_EMPTY_1x1_200ms,,,
3,27,11.3246587420281,307,45.2124027962459,85.2833876221498,1633.28990228013,NaN,NaN,NaN,NaN,NaN,NaN,NaN,NaN,NaN,NaN,NaN,NaN,NaN,NaN,NaN,287.042749564672,0.981378251443798,27.8938381329035,11.8167534612372,10.0525001527073,2.62225336958374,0.000803917835821694,0.000518806136208668,1,1.00000726453099,2213.84053222027,0,16332.0651465798,1,1,1,24,2018-11-08T18:19:30.593,20181108_ecoli_ARA_P4_2K,2000,-1732,163.55,DIA_100X_EMPTY_1x1_200ms,,,
4,37,9.20680046104466,341,48.560361366862,346.384164222874,1681.92375366569,NaN,NaN,NaN,NaN,NaN,NaN,NaN,NaN,NaN,NaN,NaN,NaN,NaN,NaN,NaN,352.982850244393,0.939156912699139,37.8087356646555,11.0213688882333,9.15895083543506,2.088988162949,0.0139336887929614,0.00662792804051553,1,1.0046622088829,2490.99864652079,0,17586.3049853372,1,1,1,24,2018-11-08T18:19:30.593,20181108_ecoli_ARA_P4_2K,2000,-1732,163.55,DIA_100X_EMPTY_1x1_200ms,,,
5,36,10.2107242141846,369,48.1816308884314,368.552845528455,601.783197831978,NaN,NaN,NaN,NaN,NaN,NaN,NaN,NaN,NaN,NaN,NaN,NaN,NaN,NaN,NaN,359.935664660063,0.946440383060353,37.2541785875207,11.3286582906351,9.47113446522133,2.17310360010652,0.0111931813132006,0.00556952566978028,1,1.00156183267863,2624.6347737701,0,17327.593495935,1,1,1,24,2018-11-08T18:19:30.593,20181108_ecoli_ARA_P4_2K,2000,-1732,163.55,DIA_100X_EMPTY_1x1_200ms,,,
6,31,9.67544038916513,301,47.619242267259,513.335548172758,1253.82724252492,NaN,NaN,NaN,NaN,NaN,NaN,NaN,NaN,NaN,NaN,NaN,NaN,NaN,NaN,NaN,304.384423729571,0.957257191926371,31.6616750150617,11.149090021906,9.3681224457508,2.33867674259875,0.00815194825691531,0.00340193237752226,1,1.0006895566333,2182.37252415717,0,17378.365448505,1,1,1,24,2018-11-08T18:19:30.593,20181108_ecoli_ARA_P4_2K,2000,-1732,163.55,DIA_100X_EMPTY_1x1_200ms,,,
7,36,10.3333752992084,373,48.4536392484102,619.44235924933,1208.64611260054,NaN,NaN,NaN,NaN,NaN,NaN,NaN,NaN,NaN,NaN,NaN,NaN,NaN,NaN,NaN,364.181610329592,0.93540497072014,37.31024356017,11.2432780778412,9.4703030606364,2.36224715479544,0.017033468068165,0.00655670128002855,2,1.00482859345824,2628.12319848194,0,16772.8954423592,1,1,1,24,2018-11-08T18:19:30.593,20181108_ecoli_ARA_P4_2K,2000,-1732,163.55,DIA_100X_EMPTY_1x1_200ms,,,
8,34,10.9324354723177,372,48.7392959638117,820.930107526882,1842.72849462366,NaN,NaN,NaN,NaN,NaN,NaN,NaN,NaN,NaN,NaN,NaN,NaN,NaN,NaN,NaN,348.78757440064,0.961638302594246,34.2928812316216,12.1696345499927,9.96739023121504,2.38509673604437,0.0118302971046204,0.00609234728110925,0,1.00300153581688,2675.81928761086,0,15901.9005376344,1,1,1,24,2018-11-08T18:19:30.593,20181108_ecoli_ARA_P4_2K,2000,-1732,163.55,DIA_100X_EMPTY_1x1_200ms,,,
9,25,9.97006240182746,251,40.9621850976723,875.760956175299,1056.63346613546,NaN,NaN,NaN,NaN,NaN,NaN,NaN,NaN,NaN,NaN,NaN,NaN,NaN,NaN,NaN,254.689126844794,0.981130699451225,26.1962577349759,11.4764332144399,9.28239292928379,2.82590860748966,0.0165252143145581,0.00646018932218488,1,1.00183804545318,1772.75628122299,0,17564.6852589641,1,1,1,24,2018-11-08T18:19:30.593,20181108_ecoli_ARA_P4_2K,2000,-1732,163.55,DIA_100X_EMPTY_1x1_200ms,,,
10,27,10.5960540113234,286,45.0728079445896,899.045454545455,1472.06993006993,NaN,NaN,NaN,NaN,NaN,NaN,NaN,NaN,NaN,NaN,NaN,NaN,NaN,NaN,NaN,271.974890299262,0.987744167819401,26.7031990249877,12.0895669422509,9.71622900883033,3.03237738286538,0.014288022980896,0.0034544288260072,0,1.00051123469803,1979.9246331744,0,16406.8706293706,1,1,1,24,2018-11-08T18:19:30.593,20181108_ecoli_ARA_P4_2K,2000,-1732,163.55,DIA_100X_EMPTY_1x1_200ms,,,
11,29,11.7481087665615,341,47.695611358934,950.24926686217,626.392961876833,NaN,NaN,NaN,NaN,NaN,NaN,NaN,NaN,NaN,NaN,NaN,NaN,NaN,NaN,NaN,296.796457731251,0.995564358492115,27.862423717785,12.4913535214788,10.2373183771813,3.11936576902192,0.0781201900538661,0.0116131252180351,0,1.0052873419638,2293.40731641269,0,15493.9061583578,1,1,1,24,2018-11-08T18:19:30.593,20181108_ecoli_ARA_P4_2K,2000,-1732,163.55,DIA_100X_EMPTY_1x1_200ms,,,
12,30,11.1040201412109,334,45.8351901875054,1179.34431137725,58.7574850299401,NaN,NaN,NaN,NaN,NaN,NaN,NaN,NaN,NaN,NaN,NaN,NaN,NaN,NaN,NaN,308.246889347224,0.980640038097074,30.3581799669411,11.8981032659132,9.9263201930311,2.56450396389271,0.00571707065463872,0.00236339097383245,1,1.00027752162587,2349.31998314089,0,16392.4730538922,1,1,1,24,2018-11-08T18:19:30.593,20181108_ecoli_ARA_P4_2K,2000,-1732,163.55,DIA_100X_EMPTY_1x1_200ms,,,
13,60,13.2283269879986,794,-49.9999849250402,1216.3362720403,1738.15869017632,NaN,NaN,NaN,NaN,NaN,NaN,NaN,NaN,NaN,NaN,NaN,NaN,NaN,NaN,NaN,NaN,NaN,NaN,NaN,NaN,NaN,NaN,NaN,NaN,NaN,NaN,0,17141.6498740554,1,1,1,24,2018-11-08T18:19:30.593,20181108_ecoli_ARA_P4_2K,2000,-1732,163.55,DIA_100X_EMPTY_1x1_200ms,,,
14,27,11.3405240174411,307,46.8416664862099,1218.03908794788,1791.20846905537,NaN,NaN,NaN,NaN,NaN,NaN,NaN,NaN,NaN,NaN,NaN,NaN,NaN,NaN,NaN,284.987750987312,0.992634327465074,26.2386849220972,12.5906576568474,10.3686353783649,3.23451736625726,0.00854095145792736,0.00291612157725395,1,1.00037451284302,2215.51732604709,0,15811.4690553746,1,1,1,24,2018-11-08T18:19:30.593,20181108_ecoli_ARA_P4_2K,2000,-1732,163.55,DIA_100X_EMPTY_1x1_200ms,,,
15,22,11.0200486949058,244,18.1854071315041,1499.15983606557,1685.68442622951,NaN,NaN,NaN,NaN,NaN,NaN,NaN,NaN,NaN,NaN,NaN,NaN,NaN,NaN,NaN,233.598973359626,0.999154664193111,22.4847626646342,12.291745362258,9.9179205314141,3.26013251343549,0.00205995970331207,0.0008629741262642,1,1.00002359691525,1737.07846957758,0,16670.2008196721,1,1,1,24,2018-11-08T18:19:30.593,20181108_ecoli_ARA_P4_2K,2000,-1732,163.55,DIA_100X_EMPTY_1x1_200ms,,,
16,44,11.847675729651,523,49.44060339664,1968.12619502868,568.347992351816,NaN,NaN,NaN,NaN,NaN,NaN,NaN,NaN,NaN,NaN,NaN,NaN,NaN,NaN,NaN,462.724994430326,0.961733539687634,44.3618775290145,11.8656238891823,10.2705871355996,2.16703365576683,0.00527615775939172,0.00208429178888727,1,1.00067726766304,3675.27925196799,0,15579.1567877629,1,1,1,24,2018-11-08T18:19:30.593,20181108_ecoli_ARA_P4_2K,2000,-1732,163.55,DIA_100X_EMPTY_1x1_200ms,,,
1,30,11.1311534108032,335,48.0830297658814,165.089552238806,84.3343283582089,NaN,NaN,NaN,NaN,NaN,NaN,NaN,NaN,NaN,NaN,NaN,NaN,NaN,NaN,NaN,316.478858278064,0.982618302569212,30.4673662304979,11.9097443341852,10.0327539867183,2.82036734042979,0.0738070989118631,0.00511628113206215,0,1.00089633674612,2408.60243150531,0,16227.5432835821,1,1,1,27,2018-11-08T18:19:37.527,20181108_ecoli_ARA_P4_2K,-500,-2598,163.55,DIA_100X_EMPTY_1x1_200ms,,,
2,29,10.2775896238451,298,46.7906564241387,397.614093959732,733.315436241611,NaN,NaN,NaN,NaN,NaN,NaN,NaN,NaN,NaN,NaN,NaN,NaN,NaN,NaN,NaN,291.636493337724,0.972124522034133,29.0851622484182,11.8490129140225,9.73093256956285,2.60482508683644,0.00710710815486701,0.00323906367787479,1,1.00036484460871,2163.06862720868,0,16586.2416107383,1,1,1,27,2018-11-08T18:19:37.527,20181108_ecoli_ARA_P4_2K,-500,-2598,163.55,DIA_100X_EMPTY_1x1_200ms,,,
3,31,10.2427338822985,318,48.3190228611641,612.24213836478,1038.16352201258,NaN,NaN,NaN,NaN,NaN,NaN,NaN,NaN,NaN,NaN,NaN,NaN,NaN,NaN,NaN,315.064930995085,0.978414986806134,30.6609115440227,11.9910895324952,10.0014640726834,2.65463233549413,0.00476386178477767,0.00261203144007346,0,1.00039163964834,2408.80754047185,0,15759.7610062893,1,1,1,27,2018-11-08T18:19:37.527,20181108_ecoli_ARA_P4_2K,-500,-2598,163.55,DIA_100X_EMPTY_1x1_200ms,,,
4,25,9.1915848982868,230,46.04473149487,634.739130434783,1035.94782608696,NaN,NaN,NaN,NaN,NaN,NaN,NaN,NaN,NaN,NaN,NaN,NaN,NaN,NaN,NaN,248.472331987289,0.990198226825869,25.2924421333556,11.3089555121459,9.54444545327715,2.63810729358401,0.00141217487475195,0.000605272809676047,0,1.00001803452179,1809.59774753868,0,17041.9347826087,1,1,1,27,2018-11-08T18:19:37.527,20181108_ecoli_ARA_P4_2K,-500,-2598,163.55,DIA_100X_EMPTY_1x1_200ms,,,
5,40,10.5190651592758,421,49.7064416417454,1121.09026128266,1004.38242280285,NaN,NaN,NaN,NaN,NaN,NaN,NaN,NaN,NaN,NaN,NaN,NaN,NaN,NaN,NaN,405.753914653417,0.961350030707175,40.3096745587859,11.3933219429992,9.89188263933487,2.1398841616809,0.0112099184054733,0.00520945733255305,1,1.00113543594158,3097.82644921958,0,16317.0641330166,1,1,1,27,2018-11-08T18:19:37.527,20181108_ecoli_ARA_P4_2K,-500,-2598,163.55,DIA_100X_EMPTY_1x1_200ms,,,
6,28,11.3089409840617,317,45.6390246764746,1213.97476340694,1758.79495268139,NaN,NaN,NaN,NaN,NaN,NaN,NaN,NaN,NaN,NaN,NaN,NaN,NaN,NaN,NaN,300.905018116994,0.986717890688571,28.1593082594992,12.5740105609688,10.3931988357663,2.92858908866645,0.0100863680856366,0.00461660503163517,1,1.00066306905337,2388.96801626176,0,15611,1,1,1,27,2018-11-08T18:19:37.527,20181108_ecoli_ARA_P4_2K,-500,-2598,163.55,DIA_100X_EMPTY_1x1_200ms,,,
7,48,10.5358792081103,506,49.3377543077276,1270.48814229249,1525.0652173913,NaN,NaN,NaN,NaN,NaN,NaN,NaN,NaN,NaN,NaN,NaN,NaN,NaN,NaN,NaN,485.643752123837,0.924297484064448,48.9672034257837,11.1856901767056,9.72891290474626,2.00013746138646,0.0124050992719835,0.00584127067102278,2,1.00083064577081,3640.18800330329,0,16360.2766798419,1,1,1,27,2018-11-08T18:19:37.527,20181108_ecoli_ARA_P4_2K,-500,-2598,163.55,DIA_100X_EMPTY_1x1_200ms,,,
8,23,11.1812471372114,257,31.4013420688878,1383.36964980545,883.762645914397,NaN,NaN,NaN,NaN,NaN,NaN,NaN,NaN,NaN,NaN,NaN,NaN,NaN,NaN,NaN,242.340538793494,0.999719396278975,21.937250639282,13.0176791524168,10.7441157052131,3.27041771122967,0.00460763379118832,0.00243212065905307,0,1.00019014899783,1988.90221732671,0,15458.3657587549,1,1,1,27,2018-11-08T18:19:37.527,20181108_ecoli_ARA_P4_2K,-500,-2598,163.55,DIA_100X_EMPTY_1x1_200ms,,,
9,26,10.1820933831577,265,44.0648831193888,1460.87924528302,489.690566037736,NaN,NaN,NaN,NaN,NaN,NaN,NaN,NaN,NaN,NaN,NaN,NaN,NaN,NaN,NaN,261.959816990398,0.992420813998282,25.514076463737,12.1521161149891,9.89548903440994,2.94447347667276,0.00691062647501958,0.00278680477203122,1,1.00021906173759,1962.20445706941,0,16378.5660377358,1,1,1,27,2018-11-08T18:19:37.527,20181108_ecoli_ARA_P4_2K,-500,-2598,163.55,DIA_100X_EMPTY_1x1_200ms,,,
10,35,9.77168124155091,342,49.2471539764917,1957.88011695906,1255.78947368421,NaN,NaN,NaN,NaN,NaN,NaN,NaN,NaN,NaN,NaN,NaN,NaN,NaN,NaN,NaN,344.670732081537,0.957648224062423,35.2930645534208,11.6683255315545,9.56799280302722,2.25939389229516,0.00525828845750632,0.00306451147281513,1,1.00069229888851,2537.58694759037,0,16350.3859649123,1,1,1,27,2018-11-08T18:19:37.527,20181108_ecoli_ARA_P4_2K,-500,-2598,163.55,DIA_100X_EMPTY_1x1_200ms,,,
1,39,11.1366858771591,434,49.0438950200469,49.0391705069124,1543.01382488479,NaN,NaN,NaN,NaN,NaN,NaN,NaN,NaN,NaN,NaN,NaN,NaN,NaN,NaN,NaN,385.90987427588,0.958821699311409,38.2648098630984,11.5432226270214,9.89342522383794,2.24261309492781,0.00868078364713631,0.00429297242835558,1,1.00139209003723,2941.59441527369,0,17361.1175115207,1,1,1,34,2018-11-08T18:19:53.799,20181108_ecoli_ARA_P4_2K,-1500,2598,163.55,DIA_100X_EMPTY_1x1_200ms,,,
2,38,11.3544076432614,432,49.5394396986484,42.6365740740741,1914.28703703704,NaN,NaN,NaN,NaN,NaN,NaN,NaN,NaN,NaN,NaN,NaN,NaN,NaN,NaN,NaN,377.435841154591,0.957384518383696,37.9931002386959,11.4528131082307,9.67489394887,2.37272649274156,0.0107844044071776,0.00371761407743302,1,1.00124486257311,2793.10357852641,0,17798.9861111111,1,1,1,34,2018-11-08T18:19:53.799,20181108_ecoli_ARA_P4_2K,-1500,2598,163.55,DIA_100X_EMPTY_1x1_200ms,,,
3,32,12.4302815526593,399,48.700242640753,83.6365914786967,1443.77944862155,NaN,NaN,NaN,NaN,NaN,NaN,NaN,NaN,NaN,NaN,NaN,NaN,NaN,NaN,NaN,338.881373427343,0.972620108185921,31.7763476005377,12.3897149147461,10.4319114257094,2.6571375712687,0.0123827176241174,0.00718054979675764,0,1.0034700417426,2715.94918947512,0,16719.6165413534,1,1,1,34,2018-11-08T18:19:53.799,20181108_ecoli_ARA_P4_2K,-1500,2598,163.55,DIA_100X_EMPTY_1x1_200ms,,,
4,25,10.1684084345673,256,44.5399051697578,91.21484375,644.8828125,NaN,NaN,NaN,NaN,NaN,NaN,NaN,NaN,NaN,NaN,NaN,NaN,NaN,NaN,NaN,256.91719973318,0.98537413962342,26.2583946510881,11.4017276354504,9.36034550851855,2.80867051483131,0.0144656756249301,0.00608078762588993,0,1.00160401814128,1806.9320120112,0,19190.640625,1,1,1,34,2018-11-08T18:19:53.799,20181108_ecoli_ARA_P4_2K,-1500,2598,163.55,DIA_100X_EMPTY_1x1_200ms,,,
5,24,10.9758829214974,264,21.1652093505821,151.030303030303,488.32196969697,NaN,NaN,NaN,NaN,NaN,NaN,NaN,NaN,NaN,NaN,NaN,NaN,NaN,NaN,NaN,245.12852485102,0.99554613877804,24.1358838903294,11.758075057144,9.81121979571371,2.91407216901632,0.00891701092618316,0.00507190316970704,0,1.00100509483214,1824.7320471698,0,18305.2310606061,1,1,1,34,2018-11-08T18:19:53.799,20181108_ecoli_ARA_P4_2K,-1500,2598,163.55,DIA_100X_EMPTY_1x1_200ms,,,
6,38,11.1061508607996,422,49.2768057974123,177.580568720379,713.36018957346,NaN,NaN,NaN,NaN,NaN,NaN,NaN,NaN,NaN,NaN,NaN,NaN,NaN,NaN,NaN,382.344586345974,0.951435244736101,37.6690440658281,11.4688760853537,9.93648416668002,2.32211184749446,0.0163083143224065,0.00686567200356641,2,1.00432295688647,2921.05658690544,0,17257.6066350711,1,1,1,34,2018-11-08T18:19:53.799,20181108_ecoli_ARA_P4_2K,-1500,2598,163.55,DIA_100X_EMPTY_1x1_200ms,,,
7,33,11.0251593054117,364,48.898584007304,548.156593406593,1692.53571428571,NaN,NaN,NaN,NaN,NaN,NaN,NaN,NaN,NaN,NaN,NaN,NaN,NaN,NaN,NaN,326.730051214263,0.961562112511502,32.5675423796692,11.4384593679958,9.77750416950158,2.44236374854151,0.0138909594310464,0.0058471977190194,1,1.00242446060722,2445.29290621597,0,17774.239010989,1,1,1,34,2018-11-08T18:19:53.799,20181108_ecoli_ARA_P4_2K,-1500,2598,163.55,DIA_100X_EMPTY_1x1_200ms,,,
8,27,11.3662447724951,308,43.1993199715579,745.961038961039,1486.17532467532,NaN,NaN,NaN,NaN,NaN,NaN,NaN,NaN,NaN,NaN,NaN,NaN,NaN,NaN,NaN,279.768894205652,0.982142309688625,26.7983557100853,12.3511351314759,10.1810548590406,2.74241161792485,0.0119849095742308,0.00620896456856043,1,1.00194100905503,2181.64249296734,0,17841.3668831169,1,1,1,34,2018-11-08T18:19:53.799,20181108_ecoli_ARA_P4_2K,-1500,2598,163.55,DIA_100X_EMPTY_1x1_200ms,,,
9,27,10.8483365803988,293,47.4436669403364,761.576791808874,982.423208191126,NaN,NaN,NaN,NaN,NaN,NaN,NaN,NaN,NaN,NaN,NaN,NaN,NaN,NaN,NaN,274.511727249287,0.98999996647444,26.5338825894394,11.929178950747,9.97222361307118,2.90471516147914,0.00239075277825443,0.000865694339926359,2,1.00004020766603,2072.40533306469,0,18164.023890785,1,1,1,34,2018-11-08T18:19:53.799,20181108_ecoli_ARA_P4_2K,-1500,2598,163.55,DIA_100X_EMPTY_1x1_200ms,,,
10,25,10.7079923148919,268,44.6120992714047,845.444029850746,468.287313432836,NaN,NaN,NaN,NaN,NaN,NaN,NaN,NaN,NaN,NaN,NaN,NaN,NaN,NaN,NaN,253.907319882607,0.99343518366076,24.8622161540213,12.147365294999,9.81192158625734,2.97825925876107,0.0111339428623742,0.00474226097615321,1,1.00078051848796,1879.91345785598,0,18462.7388059701,1,1,1,34,2018-11-08T18:19:53.799,20181108_ecoli_ARA_P4_2K,-1500,2598,163.55,DIA_100X_EMPTY_1x1_200ms,,,
11,39,19.8257645363792,774,-49.9736685693583,901.354005167959,419.549095607235,NaN,NaN,NaN,NaN,NaN,NaN,NaN,NaN,NaN,NaN,NaN,NaN,NaN,NaN,NaN,639.609449117084,0.766400047699143,66.9824460720955,14.9847249903627,13.4721850257886,2.74962182076039,0.833870973921974,0.117899004931495,5,5.08336863797787,9548.31992466195,0,20115.0374677003,1,1,1,34,2018-11-08T18:19:53.799,20181108_ecoli_ARA_P4_2K,-1500,2598,163.55,DIA_100X_EMPTY_1x1_200ms,,,
12,26,9.28259845864202,243,44.4565758653703,1321.57613168724,494.82304526749,NaN,NaN,NaN,NaN,NaN,NaN,NaN,NaN,NaN,NaN,NaN,NaN,NaN,NaN,NaN,246.232512138214,0.986102416000979,25.6750800749181,11.1738594452775,9.29686355559404,2.56363073752414,0.00780663446822859,0.00348000215243389,1,1.00052692890418,1742.9085579765,0,19749.8600823045,1,1,1,34,2018-11-08T18:19:53.799,20181108_ecoli_ARA_P4_2K,-1500,2598,163.55,DIA_100X_EMPTY_1x1_200ms,,,
13,30,10.2414467126524,308,47.50350077045,1518.63961038961,1338.93181818182,NaN,NaN,NaN,NaN,NaN,NaN,NaN,NaN,NaN,NaN,NaN,NaN,NaN,NaN,NaN,306.784290673196,0.955001774512706,30.559302791833,11.8135475345883,9.73110818420852,2.60223405407786,0.00457750544655941,0.00195456608189632,2,1.00028068481769,2272.78275029194,0,18998.5194805195,1,1,1,34,2018-11-08T18:19:53.799,20181108_ecoli_ARA_P4_2K,-1500,2598,163.55,DIA_100X_EMPTY_1x1_200ms,,,
14,34,11.1009062486377,378,48.0276288434336,1688.21693121693,876.277777777778,NaN,NaN,NaN,NaN,NaN,NaN,NaN,NaN,NaN,NaN,NaN,NaN,NaN,NaN,NaN,347.182258908803,0.947153793329394,34.7689821478737,11.6690724066557,9.67173927714753,2.46426983655927,0.0220771108373288,0.0113338871972496,0,1.00944626871386,2554.41243496201,0,19686.4338624339,1,1,1,34,2018-11-08T18:19:53.799,20181108_ecoli_ARA_P4_2K,-1500,2598,163.55,DIA_100X_EMPTY_1x1_200ms,,,
15,42,11.6504736966728,490,26.6655703285246,1707.40408163265,414.332653061225,NaN,NaN,NaN,NaN,NaN,NaN,NaN,NaN,NaN,NaN,NaN,NaN,NaN,NaN,NaN,421.186618159404,0.858151005094817,41.3875394466288,13.1286137125512,9.93169163063756,2.93253806553294,0.0175498233830117,0.010153146467552,1,1.01150254511703,3206.31319577799,0,19714.0653061224,1,1,1,34,2018-11-08T18:19:53.799,20181108_ecoli_ARA_P4_2K,-1500,2598,163.55,DIA_100X_EMPTY_1x1_200ms,,,
16,30,9.59852609532642,288,47.0701837287577,1923.72222222222,2023.34027777778,NaN,NaN,NaN,NaN,NaN,NaN,NaN,NaN,NaN,NaN,NaN,NaN,NaN,NaN,NaN,283.885035662891,0.976249795107933,30.1118072409581,11.1157985826231,9.14872870901219,2.47218507915206,0.00377738744309384,0.00244213700288364,0,1.00033643769627,1979.46670829771,0,19550.1215277778,1,1,1,34,2018-11-08T18:19:53.799,20181108_ecoli_ARA_P4_2K,-1500,2598,163.55,DIA_100X_EMPTY_1x1_200ms,,,
17,39,10.6513022368781,416,49.386360454067,1937.49759615385,1026.71875,NaN,NaN,NaN,NaN,NaN,NaN,NaN,NaN,NaN,NaN,NaN,NaN,NaN,NaN,NaN,383.260243428321,0.950865363175507,39.1456993401421,11.1381377888324,9.57516714307771,2.22773319399559,0.0054893494150706,0.00283502021678249,1,1.0008506120336,2818.81559103399,0,19646.8341346154,1,1,1,34,2018-11-08T18:19:53.799,20181108_ecoli_ARA_P4_2K,-1500,2598,163.55,DIA_100X_EMPTY_1x1_200ms,,,
18,28,10.7491035929766,301,48.1673206227395,1991.93355481728,1008.62458471761,NaN,NaN,NaN,NaN,NaN,NaN,NaN,NaN,NaN,NaN,NaN,NaN,NaN,NaN,NaN,269.568023473446,0.990300512849346,26.1269550360084,12.0929851710469,9.98398318766234,2.89827026375198,0.00710742013041816,0.00435699888068046,0,1.0008434648719,2045.43819442183,0,19317.6279069767,1,1,1,34,2018-11-08T18:19:53.799,20181108_ecoli_ARA_P4_2K,-1500,2598,163.55,DIA_100X_EMPTY_1x1_200ms,,,
19,28,15.7397459651825,441,-45.678175223779,2036.73696145125,1706.80725623583,NaN,NaN,NaN,NaN,NaN,NaN,NaN,NaN,NaN,NaN,NaN,NaN,NaN,NaN,NaN,340.298416711466,0.799346157698416,34.7586458447823,12.9114416867053,9.06644851013975,2.88464568948742,0.150379930162203,0.0830562936855484,0,1.83777483490771,2244.02209535397,0,22827.4897959184,1,1,1,34,2018-11-08T18:19:53.799,20181108_ecoli_ARA_P4_2K,-1500,2598,163.55,DIA_100X_EMPTY_1x1_200ms,,,
1,32,9.64828991310588,309,4.78361129807705,10.1003236245955,375.84142394822,NaN,NaN,NaN,NaN,NaN,NaN,NaN,NaN,NaN,NaN,NaN,NaN,NaN,NaN,NaN,NaN,NaN,NaN,NaN,NaN,NaN,NaN,NaN,NaN,NaN,NaN,0,16097.644012945,1,1,1,37,2018-11-08T18:20:00.800,20181108_ecoli_ARA_P4_2K,1500,2598,163.55,DIA_100X_EMPTY_1x1_200ms,,,
2,29,11.1829484267576,325,48.3990742404768,47.5015384615385,982.627692307692,NaN,NaN,NaN,NaN,NaN,NaN,NaN,NaN,NaN,NaN,NaN,NaN,NaN,NaN,NaN,310.314479559905,0.980713946850807,29.6633328209345,11.9627109348103,10.1799058963664,2.72979714368374,0.0101468348184486,0.00335495516673548,2,1.00052127809087,2414.33401259335,0,16596.9538461538,1,1,1,37,2018-11-08T18:20:00.800,20181108_ecoli_ARA_P4_2K,1500,2598,163.55,DIA_100X_EMPTY_1x1_200ms,,,
3,27,11.0212910095111,300,46.302904102603,376.21,115.063333333333,NaN,NaN,NaN,NaN,NaN,NaN,NaN,NaN,NaN,NaN,NaN,NaN,NaN,NaN,NaN,277.722119004543,0.991607590924927,27.4010958230498,11.6627724263149,9.90478431037061,2.70117906120257,0.00701327767860698,0.00382241014202022,0,1.00075276893747,2111.28984157176,0,16742.7633333333,1,1,1,37,2018-11-08T18:20:00.800,20181108_ecoli_ARA_P4_2K,1500,2598,163.55,DIA_100X_EMPTY_1x1_200ms,,,
4,32,8.67645637038379,278,48.8765852294313,381.971223021583,1892.87410071942,NaN,NaN,NaN,NaN,NaN,NaN,NaN,NaN,NaN,NaN,NaN,NaN,NaN,NaN,NaN,309.544895850585,0.973544679320707,33.624516602894,10.4846235601522,8.9810494608421,2.2273450300775,0.00842723042247906,0.00343748942232159,2,1.0009120695699,2130.10056312674,0,18143.1223021583,1,1,1,37,2018-11-08T18:20:00.800,20181108_ecoli_ARA_P4_2K,1500,2598,163.55,DIA_100X_EMPTY_1x1_200ms,,,
5,25,10.3184980483801,258,46.445082135985,396.205426356589,1831.76744186047,NaN,NaN,NaN,NaN,NaN,NaN,NaN,NaN,NaN,NaN,NaN,NaN,NaN,NaN,NaN,252.944323632457,0.994796888143052,25.1222948090966,11.6382904088787,9.74090546461388,2.82353015156825,0.00690184520862762,0.00336862301388987,1,1.00049265524236,1872.18105488713,0,16432.1279069767,1,1,1,37,2018-11-08T18:20:00.800,20181108_ecoli_ARA_P4_2K,1500,2598,163.55,DIA_100X_EMPTY_1x1_200ms,,,
6,24,9.8254310585502,236,43.6195015234456,467.754237288136,1053.51694915254,NaN,NaN,NaN,NaN,NaN,NaN,NaN,NaN,NaN,NaN,NaN,NaN,NaN,NaN,NaN,236.516730495192,0.991714131547357,24.0120882548515,11.5072293308912,9.44668642436543,2.91736527560224,0.00442042976988077,0.00232404568686545,1,1.00021939345298,1682.97944321092,0,16913.6525423729,1,1,1,37,2018-11-08T18:20:00.800,20181108_ecoli_ARA_P4_2K,1500,2598,163.55,DIA_100X_EMPTY_1x1_200ms,,,
7,40,10.6001622916855,424,48.6336509884843,580.530660377358,758.877358490566,NaN,NaN,NaN,NaN,NaN,NaN,NaN,NaN,NaN,NaN,NaN,NaN,NaN,NaN,NaN,403.73202374687,0.93729418813092,40.2951551252106,11.199533535014,9.84419483934433,2.16441915796775,0.0146978072298887,0.00864925984208407,1,1.00805929431953,3066.92471279007,0,16102.875,1,1,1,37,2018-11-08T18:20:00.800,20181108_ecoli_ARA_P4_2K,1500,2598,163.55,DIA_100X_EMPTY_1x1_200ms,,,
8,38,10.5232320459556,401,49.1719427387222,595.501246882793,1405.6957605985,NaN,NaN,NaN,NaN,NaN,NaN,NaN,NaN,NaN,NaN,NaN,NaN,NaN,NaN,NaN,393.193855229583,0.939332956221211,39.1168735602666,12.0319068931578,9.72873938706667,2.51976476822595,0.0190837008293096,0.00814922041524152,0,1.00656175948433,2907.81757422532,0,16224.4438902743,1,1,1,37,2018-11-08T18:20:00.800,20181108_ecoli_ARA_P4_2K,1500,2598,163.55,DIA_100X_EMPTY_1x1_200ms,,,
9,29,9.3635760205727,272,46.5826698478843,619.691176470588,1420.09558823529,NaN,NaN,NaN,NaN,NaN,NaN,NaN,NaN,NaN,NaN,NaN,NaN,NaN,NaN,NaN,288.719217687736,0.9706197579801,30.5475032965124,11.0736854886674,9.1597391124979,2.47293969248039,0.00590603579904423,0.00258807807538418,1,1.00047298622659,2012.94454349307,0,17366.6102941176,1,1,1,37,2018-11-08T18:20:00.800,20181108_ecoli_ARA_P4_2K,1500,2598,163.55,DIA_100X_EMPTY_1x1_200ms,,,
10,29,9.19436303776858,267,47.9372278306418,743.333333333333,104.213483146067,NaN,NaN,NaN,NaN,NaN,NaN,NaN,NaN,NaN,NaN,NaN,NaN,NaN,NaN,NaN,268.352555103296,0.976510284243031,29.1030324737023,10.7329145473795,8.96341126436761,2.39456582736246,0.0143419909545923,0.0073193484126169,0,1.00319443488603,1836.43166315424,0,18730.1685393258,1,1,1,37,2018-11-08T18:20:00.800,20181108_ecoli_ARA_P4_2K,1500,2598,163.55,DIA_100X_EMPTY_1x1_200ms,,,
11,32,9.79744361982573,314,48.4943907473458,898.46178343949,1244.44585987261,NaN,NaN,NaN,NaN,NaN,NaN,NaN,NaN,NaN,NaN,NaN,NaN,NaN,NaN,NaN,317.855621603027,0.966118190035154,33.2294779279923,11.2699131049022,9.34676454453339,2.30904666805586,0.00571122293050641,0.00256766416900335,1,1.00021151892598,2280.00607610735,0,16625.4076433121,1,1,1,37,2018-11-08T18:20:00.800,20181108_ecoli_ARA_P4_2K,1500,2598,163.55,DIA_100X_EMPTY_1x1_200ms,,,
12,26,10.9614486029892,285,46.8571588113193,956.052631578947,1483.89473684211,NaN,NaN,NaN,NaN,NaN,NaN,NaN,NaN,NaN,NaN,NaN,NaN,NaN,NaN,NaN,275.484562201309,0.991066738017151,25.8201972713574,12.5091632152037,10.3873430919612,2.89127874332879,0.0102469829903768,0.00540564446237668,1,1.00131362614346,2188.05578602872,0,15867.0385964912,1,1,1,37,2018-11-08T18:20:00.800,20181108_ecoli_ARA_P4_2K,1500,2598,163.55,DIA_100X_EMPTY_1x1_200ms,,,
13,32,10.309392666022,330,48.703825832279,961.427272727273,1778.03333333333,NaN,NaN,NaN,NaN,NaN,NaN,NaN,NaN,NaN,NaN,NaN,NaN,NaN,NaN,NaN,321.367003393378,0.974419889614421,31.9614876021376,11.6594853530741,9.86515429770282,2.41110764631831,0.00423899212991968,0.0017054812205795,2,1.00020426144312,2443.00654623641,0,15776.9333333333,1,1,1,37,2018-11-08T18:20:00.800,20181108_ecoli_ARA_P4_2K,1500,2598,163.55,DIA_100X_EMPTY_1x1_200ms,,,
14,30,12.3639912082702,371,26.4307544207503,1353.525606469,241.323450134771,NaN,NaN,NaN,NaN,NaN,NaN,NaN,NaN,NaN,NaN,NaN,NaN,NaN,NaN,NaN,313.491131078798,0.962431092613832,28.3509501982287,14.3184071912311,10.6014366742733,3.36006536052042,0.0680061767633989,0.0316588888433226,1,1.0560994380802,2502.57411095842,0,16025.679245283,1,1,1,37,2018-11-08T18:20:00.800,20181108_ecoli_ARA_P4_2K,1500,2598,163.55,DIA_100X_EMPTY_1x1_200ms,,,
15,28,10.179202840914,285,48.4646613757504,1394.32631578947,1564.88771929825,NaN,NaN,NaN,NaN,NaN,NaN,NaN,NaN,NaN,NaN,NaN,NaN,NaN,NaN,NaN,280.67977188805,0.978524532347816,28.162300008947,11.4506870754537,9.68144269319243,2.63631922666469,0.00214379387765903,0.000984847164348818,1,1.00004450896768,2073.1854882626,0,16733.7122807018,1,1,1,37,2018-11-08T18:20:00.800,20181108_ecoli_ARA_P4_2K,1500,2598,163.55,DIA_100X_EMPTY_1x1_200ms,,,
16,28,11.0721726216711,311,47.8175128402653,1574.09003215434,125.91961414791,NaN,NaN,NaN,NaN,NaN,NaN,NaN,NaN,NaN,NaN,NaN,NaN,NaN,NaN,NaN,282.752279699864,0.987928761570643,27.3406023677588,12.1064755652989,10.0877358337847,2.71004469486999,0.0105274916942628,0.00587812493443278,0,1.00166499426723,2185.17066608385,0,15949.5980707396,1,1,1,37,2018-11-08T18:20:00.800,20181108_ecoli_ARA_P4_2K,1500,2598,163.55,DIA_100X_EMPTY_1x1_200ms,,,
17,33,10.2760402967371,340,47.9524809585061,1799.42941176471,382.197058823529,NaN,NaN,NaN,NaN,NaN,NaN,NaN,NaN,NaN,NaN,NaN,NaN,NaN,NaN,NaN,339.089194442596,0.957941975011354,34.3175209544293,11.4558336214471,9.68184440158971,2.31616645200017,0.00457030989041036,0.00152861840088179,2,1.00012997209267,2526.51561313995,0,17118.0794117647,1,1,1,37,2018-11-08T18:20:00.800,20181108_ecoli_ARA_P4_2K,1500,2598,163.55,DIA_100X_EMPTY_1x1_200ms,,,
18,29,11.3117963959191,328,48.7508615014119,1827.35365853659,792.274390243902,NaN,NaN,NaN,NaN,NaN,NaN,NaN,NaN,NaN,NaN,NaN,NaN,NaN,NaN,NaN,296.828560100355,0.986404471330424,28.179745148202,12.4860220913222,10.0944975518658,3.08756806559398,0.0194919716437637,0.0105523493787009,0,1.00598655264877,2255.25864665335,0,16050.3841463415,1,1,1,37,2018-11-08T18:20:00.800,20181108_ecoli_ARA_P4_2K,1500,2598,163.55,DIA_100X_EMPTY_1x1_200ms,,,
19,25,10.9589730072298,274,43.3476358114077,1844.96350364963,914.613138686131,NaN,NaN,NaN,NaN,NaN,NaN,NaN,NaN,NaN,NaN,NaN,NaN,NaN,NaN,NaN,264.391419074562,0.996215968426181,24.8092220944082,12.5484523311817,10.3668046701706,2.9999262489,0.00909235421536333,0.00379189950346003,1,1.00047114487571,2094.07802665844,0,16287.4708029197,1,1,1,37,2018-11-08T18:20:00.800,20181108_ecoli_ARA_P4_2K,1500,2598,163.55,DIA_100X_EMPTY_1x1_200ms,,,
1,28,11.2079749988963,314,45.9493080389635,91.3089171974522,402.87898089172,NaN,NaN,NaN,NaN,NaN,NaN,NaN,NaN,NaN,NaN,NaN,NaN,NaN,NaN,NaN,287.990588931652,0.986660657705969,27.8173750105124,11.7366888605002,9.98806321987325,2.79844602524754,0.0195168250491026,0.0125105876998392,0,1.00783339913788,2179.558809926,0,16573.9331210191,1,1,1,38,2018-11-08T18:20:03.128,20181108_ecoli_ARA_P4_2K,1000,3464,163.55,DIA_100X_EMPTY_1x1_200ms,,,
2,42,10.9658483088847,461,11.5164667640026,240.752711496746,1345.31019522777,NaN,NaN,NaN,NaN,NaN,NaN,NaN,NaN,NaN,NaN,NaN,NaN,NaN,NaN,NaN,403.947469903395,0.930896003019109,39.8713066575626,13.6987156924475,9.92619632016616,3.49798603910144,0.0406414425965842,0.0129668835024834,1,1.01996359839148,3085.43264880057,0,15315.5401301518,1,1,1,38,2018-11-08T18:20:03.128,20181108_ecoli_ARA_P4_2K,1000,3464,163.55,DIA_100X_EMPTY_1x1_200ms,,,
3,31,10.4748213024309,325,48.4489034382082,261.975384615385,1499.09846153846,NaN,NaN,NaN,NaN,NaN,NaN,NaN,NaN,NaN,NaN,NaN,NaN,NaN,NaN,NaN,319.038583024216,0.96996707035978,31.6227781258084,11.6651164503436,9.81918651579797,2.50627602781231,0.00498009203916095,0.00197614344096943,1,1.00016207887433,2394.643797494,0,16113.6461538462,1,1,1,38,2018-11-08T18:20:03.128,20181108_ecoli_ARA_P4_2K,1000,3464,163.55,DIA_100X_EMPTY_1x1_200ms,,,
4,25,11.405331020269,285,46.7290379303442,329.6,1278.20350877193,NaN,NaN,NaN,NaN,NaN,NaN,NaN,NaN,NaN,NaN,NaN,NaN,NaN,NaN,NaN,263.673895931182,0.996289778801243,24.4105522210237,12.7461169910259,10.5299149739883,2.99314795042985,0.00945653109200498,0.00500856937342756,0,1.00099490720884,2125.77460418242,0,15796.8561403509,1,1,1,38,2018-11-08T18:20:03.128,20181108_ecoli_ARA_P4_2K,1000,3464,163.55,DIA_100X_EMPTY_1x1_200ms,,,
5,35,10.3992659870574,364,49.2866238553826,409.568681318681,352.115384615385,NaN,NaN,NaN,NaN,NaN,NaN,NaN,NaN,NaN,NaN,NaN,NaN,NaN,NaN,NaN,349.857006947979,0.965933597656012,35.0307358281147,11.4484605413149,9.71071526238689,2.45617235373448,0.00228299767701044,0.000983784332571186,2,1.00003263676142,2594.4277510463,0,16549.3873626374,1,1,1,38,2018-11-08T18:20:03.128,20181108_ecoli_ARA_P4_2K,1000,3464,163.55,DIA_100X_EMPTY_1x1_200ms,,,
6,23,11.1322081097271,257,36.4825167211656,417.758754863813,1154.86381322957,NaN,NaN,NaN,NaN,NaN,NaN,NaN,NaN,NaN,NaN,NaN,NaN,NaN,NaN,NaN,249.139866869048,0.99715832126767,23.1884214738444,13.1298274351725,10.3938989841172,3.21441005495175,0.00956854482275695,0.00551528901190261,0,1.00109146211724,1967.51499213318,0,16227.8404669261,1,1,1,38,2018-11-08T18:20:03.128,20181108_ecoli_ARA_P4_2K,1000,3464,163.55,DIA_100X_EMPTY_1x1_200ms,,,
7,40,10.8438230990463,435,48.1795000649633,550.519540229885,726.041379310345,NaN,NaN,NaN,NaN,NaN,NaN,NaN,NaN,NaN,NaN,NaN,NaN,NaN,NaN,NaN,414.951834514556,0.902391813702419,41.5640253012387,11.7385177372876,9.7762352687913,2.20868951038032,0.0199378752625496,0.00952182985835713,2,1.01153875138267,3119.97253425628,0,16502.4206896552,1,1,1,38,2018-11-08T18:20:03.128,20181108_ecoli_ARA_P4_2K,1000,3464,163.55,DIA_100X_EMPTY_1x1_200ms,,,
8,26,10.2228513195364,266,46.7914997656932,662.075187969925,838.755639097744,NaN,NaN,NaN,NaN,NaN,NaN,NaN,NaN,NaN,NaN,NaN,NaN,NaN,NaN,NaN,254.490382847433,0.986774634126177,25.9779223646819,11.3236956381801,9.43001560295864,2.78032455320101,0.00918723601388095,0.00438538283817566,1,1.00093949577238,1814.34185155151,0,17475.5639097744,1,1,1,38,2018-11-08T18:20:03.128,20181108_ecoli_ARA_P4_2K,1000,3464,163.55,DIA_100X_EMPTY_1x1_200ms,,,
9,37,10.6134110921271,393,49.0858089920896,728.76844783715,827.374045801527,NaN,NaN,NaN,NaN,NaN,NaN,NaN,NaN,NaN,NaN,NaN,NaN,NaN,NaN,NaN,379.44655841874,0.900721891220618,37.2458836822616,12.4336138434738,9.89214416881445,2.60404043554761,0.0217565897677273,0.0121845857198885,0,1.01424841601467,2862.52335261529,1,16601.8651399491,1,1,1,38,2018-11-08T18:20:03.128,20181108_ecoli_ARA_P4_2K,1000,3464,163.55,DIA_100X_EMPTY_1x1_200ms,,,
10,36,10.5521095282228,380,49.2902911030101,737.052631578947,814.092105263158,NaN,NaN,NaN,NaN,NaN,NaN,NaN,NaN,NaN,NaN,NaN,NaN,NaN,NaN,NaN,369.654849191498,0.964878244278668,36.3545846195165,11.8762033437584,9.86238862450014,2.52875353141446,0.00961590551401,0.0040675884511938,1,1.00125395173523,2777.23923315387,1,17298.1868421053,1,1,1,38,2018-11-08T18:20:03.128,20181108_ecoli_ARA_P4_2K,1000,3464,163.55,DIA_100X_EMPTY_1x1_200ms,,,
11,40,11.2209069262034,449,49.4010067170242,908.95991091314,948.93986636971,NaN,NaN,NaN,NaN,NaN,NaN,NaN,NaN,NaN,NaN,NaN,NaN,NaN,NaN,NaN,410.286652875396,0.959139679825018,40.3345013930423,11.5346380846013,9.99771226901843,2.13615842531879,0.00734842762686547,0.00238081546469034,3,1.00044436370272,3166.4150530863,0,15982.4966592428,1,1,1,38,2018-11-08T18:20:03.128,20181108_ecoli_ARA_P4_2K,1000,3464,163.55,DIA_100X_EMPTY_1x1_200ms,,,
12,46,11.4290578370514,527,49.5839999747908,925.891840607211,1166.39278937381,NaN,NaN,NaN,NaN,NaN,NaN,NaN,NaN,NaN,NaN,NaN,NaN,NaN,NaN,NaN,486.536812814374,0.938172368079324,46.742085276325,12.1951511059979,10.2368890180708,2.11781197120359,0.00666597072621234,0.00293012695489149,0,1.00129198549539,3847.10424635847,0,15730.8937381404,1,1,1,38,2018-11-08T18:20:03.128,20181108_ecoli_ARA_P4_2K,1000,3464,163.55,DIA_100X_EMPTY_1x1_200ms,,,
13,33,11.4011589316338,377,47.9663212053856,1016.29177718833,526.427055702918,NaN,NaN,NaN,NaN,NaN,NaN,NaN,NaN,NaN,NaN,NaN,NaN,NaN,NaN,NaN,344.844590224452,0.947263940454636,32.7020944261932,12.301423580221,10.2089503928897,2.72154287523736,0.0328449479386398,0.0165664108071926,0,1.01982938193605,2676.87219459206,0,15402.0769230769,1,1,1,38,2018-11-08T18:20:03.128,20181108_ecoli_ARA_P4_2K,1000,3464,163.55,DIA_100X_EMPTY_1x1_200ms,,,
14,22,10.2591978617661,226,34.3127976178718,1138.22123893805,433.924778761062,NaN,NaN,NaN,NaN,NaN,NaN,NaN,NaN,NaN,NaN,NaN,NaN,NaN,NaN,NaN,224.187559519784,0.999840302675416,21.6947505338735,12.2773787021807,9.75674721107724,3.43612593038285,0.013977393904817,0.0025108682428206,1,1.00016134115036,1622.01418461142,0,16395.3982300885,1,1,1,38,2018-11-08T18:20:03.128,20181108_ecoli_ARA_P4_2K,1000,3464,163.55,DIA_100X_EMPTY_1x1_200ms,,,
15,37,12.1250910028636,450,47.3351160197565,1232.39111111111,1723.48444444444,NaN,NaN,NaN,NaN,NaN,NaN,NaN,NaN,NaN,NaN,NaN,NaN,NaN,NaN,NaN,399.35522907934,0.936025182078952,37.7326608868898,12.3697831409914,10.3902600948364,2.3826542985431,0.0246289094610847,0.0156438713949146,0,1.02138781361398,3199.33820552792,0,14961.7911111111,1,1,1,38,2018-11-08T18:20:03.128,20181108_ecoli_ARA_P4_2K,1000,3464,163.55,DIA_100X_EMPTY_1x1_200ms,,,
16,34,12.0879265077064,412,46.4035148001245,1251.2354368932,1638.58009708738,NaN,NaN,NaN,NaN,NaN,NaN,NaN,NaN,NaN,NaN,NaN,NaN,NaN,NaN,NaN,379.581026037165,0.976088979927864,35.6106393219382,12.208044016834,10.268292521385,2.81532303317877,0.00402958400216662,0.00192973670632339,2,1.00005097117887,2948.94122398711,0,15039.1893203884,1,1,1,38,2018-11-08T18:20:03.128,20181108_ecoli_ARA_P4_2K,1000,3464,163.55,DIA_100X_EMPTY_1x1_200ms,,,
17,29,10.208339964754,296,49.0703166064257,1263.83783783784,22.7195945945946,NaN,NaN,NaN,NaN,NaN,NaN,NaN,NaN,NaN,NaN,NaN,NaN,NaN,NaN,NaN,275.251602146786,0.978700375738238,28.1257043964674,11.0383648219494,9.50809122074178,2.59160053898887,0.0174085523476193,0.00935186696085833,0,1.004808468011,1997.00875455651,0,16776.7297297297,1,1,1,38,2018-11-08T18:20:03.128,20181108_ecoli_ARA_P4_2K,1000,3464,163.55,DIA_100X_EMPTY_1x1_200ms,,,
18,37,10.3660694535168,384,47.6203065045979,1294.94010416667,570.927083333333,NaN,NaN,NaN,NaN,NaN,NaN,NaN,NaN,NaN,NaN,NaN,NaN,NaN,NaN,NaN,373.882303908443,0.929877426556396,38.2991858817298,11.5107546565241,9.58096937925199,2.15285546143739,0.0167771514712632,0.00795520862406668,2,1.00696439415954,2761.20294582408,0,16718.1692708333,1,1,1,38,2018-11-08T18:20:03.128,20181108_ecoli_ARA_P4_2K,1000,3464,163.55,DIA_100X_EMPTY_1x1_200ms,,,
19,36,10.552271136472,380,49.5275278601549,1288.48157894737,701.052631578947,NaN,NaN,NaN,NaN,NaN,NaN,NaN,NaN,NaN,NaN,NaN,NaN,NaN,NaN,NaN,355.642534890123,0.965146210808336,35.7587589120939,11.4799115982032,9.60811444424445,2.54129503837164,0.0054113675832155,0.00267650393565921,1,1.00059013141705,2592.67842303529,0,16010.3921052632,1,1,1,38,2018-11-08T18:20:03.128,20181108_ecoli_ARA_P4_2K,1000,3464,163.55,DIA_100X_EMPTY_1x1_200ms,,,
20,32,10.2986863649781,330,48.9913356746079,1452.44242424242,1964.66363636364,NaN,NaN,NaN,NaN,NaN,NaN,NaN,NaN,NaN,NaN,NaN,NaN,NaN,NaN,NaN,319.300702325637,0.955162556852348,32.648601260523,11.2534236565295,9.53390810176906,2.37775183179228,0.00667864780229362,0.00352963138526861,0,1.00083154414541,2330.75370919584,0,16314.9242424242,1,1,1,38,2018-11-08T18:20:03.128,20181108_ecoli_ARA_P4_2K,1000,3464,163.55,DIA_100X_EMPTY_1x1_200ms,,,
21,24,11.1869486910503,269,38.8996465964308,1681.68773234201,137.31970260223,NaN,NaN,NaN,NaN,NaN,NaN,NaN,NaN,NaN,NaN,NaN,NaN,NaN,NaN,NaN,262.916193559341,0.995924323261219,24.5798055417274,12.4162887419235,10.2979040634941,3.09191952967451,0.00373051741531141,0.00198252952598451,0,1.00016254737282,2047.22703109255,0,16457.7434944238,1,1,1,38,2018-11-08T18:20:03.128,20181108_ecoli_ARA_P4_2K,1000,3464,163.55,DIA_100X_EMPTY_1x1_200ms,,,
22,46,10.9965933779715,506,48.1037337737223,1836.82806324111,277.310276679842,NaN,NaN,NaN,NaN,NaN,NaN,NaN,NaN,NaN,NaN,NaN,NaN,NaN,NaN,NaN,460.40330222492,0.891981862070743,45.1561370950671,12.2463365454541,10.0093990189061,2.31867433611528,0.0184797195538621,0.0082318595842775,1,1.00986180831538,3553.22467410234,0,16529.7687747036,1,1,1,38,2018-11-08T18:20:03.128,20181108_ecoli_ARA_P4_2K,1000,3464,163.55,DIA_100X_EMPTY_1x1_200ms,,,
23,26,12.1902910648162,317,43.0004742206458,1903.28075709779,1953.71608832808,NaN,NaN,NaN,NaN,NaN,NaN,NaN,NaN,NaN,NaN,NaN,NaN,NaN,NaN,NaN,270.084045701222,0.999589839949131,24.7599748405439,13.1206927697763,10.590675582913,3.20348472774789,0.00260119197824564,0.00144096133630315,1,1.00002245217509,2181.15942429559,0,15366.1987381703,1,1,1,38,2018-11-08T18:20:03.128,20181108_ecoli_ARA_P4_2K,1000,3464,163.55,DIA_100X_EMPTY_1x1_200ms,,,
24,36,11.1924677469537,403,49.1837437098861,1994.60049627792,924.39205955335,NaN,NaN,NaN,NaN,NaN,NaN,NaN,NaN,NaN,NaN,NaN,NaN,NaN,NaN,NaN,378.641131716749,0.948496106233213,36.9164158584828,11.7566810732201,9.96498896583942,2.46340376384325,0.0136293966340511,0.00849118303662221,0,1.00642187568505,2879.14180344161,0,16265.58808933,1,1,1,38,2018-11-08T18:20:03.128,20181108_ecoli_ARA_P4_2K,1000,3464,163.55,DIA_100X_EMPTY_1x1_200ms,,,
