CellID,LongAxis,ShortAxis,Area,RegionScore,XPosition,YPosition,Fluor1Sum,Fluor1Mean,Fluor1Background,Fluor1BgStd,Fluor1FociNumber,Fluor2Sum,Fluor2Mean,Fluor2Background,Fluor2BgStd,Fluor2FociNumber,Fluor3Sum,Fluor3Mean,Fluor3Background,Fluor3BgStd,Fluor3FociNumber,MeshArea,MeshSolidity,MeshAxisLength,MeshRibsLengthMax,MeshRibsLengthMean,MeshRibsLengthStd,MeshCurvatureMax,MeshCurvatureMean,MeshCurvatureInflection,MeshSinuosity,MeshVolume,NumOfNeighbors,RegionGrayVal,TimeFrames,AgeFrames,RelativeAge,xyFolder,DateTime,Folder,StageXposition,StageYposition,StageZposition,PhaseConfig,Fluo1Config,Fluo2Config,Fluo3Config
1,35,12.7317440914254,446,48.417952405707,60.4125560538117,1753.87443946188,NaN,NaN,NaN,NaN,NaN,NaN,NaN,NaN,NaN,NaN,NaN,NaN,NaN,NaN,NaN,398.390031366969,0.983090695153322,34.7577227099093,13.1436613875054,11.2177936532203,2.75762167651795,0.00418912853304284,0.00152990587134649,1,1.00019015524063,3435.23213473027,0,15015.7197309417,1,1,1,9,2018-11-01T18:10:38.328,20181101_ecoli_ARA_P5_50K,-1000,1732,161.975,DIA_100X_EMPTY_1x1_200ms,,,
2,48,13.8630872913866,666,49.0741921189427,121.444444444444,1084.97897897898,NaN,NaN,NaN,NaN,NaN,NaN,NaN,NaN,NaN,NaN,NaN,NaN,NaN,NaN,NaN,574.958036937919,0.943742021812563,47.2385474419309,13.9824091755597,11.9810953181932,2.58564832157008,0.0117742079782137,0.00553123361044268,0,1.00402432536204,5325.73389596475,0,14866.0720720721,1,1,1,9,2018-11-01T18:10:38.328,20181101_ecoli_ARA_P5_50K,-1000,1732,161.975,DIA_100X_EMPTY_1x1_200ms,,,
3,36,13.5481197253447,488,49.5296037110458,190.274590163934,1576.37295081967,NaN,NaN,NaN,NaN,NaN,NaN,NaN,NaN,NaN,NaN,NaN,NaN,NaN,NaN,NaN,426.961174226623,0.971836336900081,35.7150047760655,13.7488485505275,11.7035754035344,2.84649755534727,0.0119577675178265,0.00442588148592243,1,1.00084727126024,3842.18001754502,0,14880.637295082,1,1,1,9,2018-11-01T18:10:38.328,20181101_ecoli_ARA_P5_50K,-1000,1732,161.975,DIA_100X_EMPTY_1x1_200ms,,,
4,51,12.8868749591572,658,49.366456149459,536.0273556231,1348.58054711246,NaN,NaN,NaN,NaN,NaN,NaN,NaN,NaN,NaN,NaN,NaN,NaN,NaN,NaN,NaN,580.866840507623,0.92178261943126,51.4019963658683,13.6762899836727,11.0999493945739,2.36732376456105,0.0250510493090986,0.0105764814201671,3,1.00579862037926,4974.06968820248,0,15246.2978723404,1,1,1,9,2018-11-01T18:10:38.328,20181101_ecoli_ARA_P5_50K,-1000,1732,161.975,DIA_100X_EMPTY_1x1_200ms,,,
5,42,13.014459185535,547,49.3255679849556,551.45155393053,1212.60329067642,NaN,NaN,NaN,NaN,NaN,NaN,NaN,NaN,NaN,NaN,NaN,NaN,NaN,NaN,NaN,481.319875818296,0.952384906817062,41.9486386035058,13.2078889085636,11.0746019826128,2.88069254118194,0.014594561461622,0.00642324584432491,1,1.00251838987013,4040.76883329821,0,14937.281535649,1,1,1,9,2018-11-01T18:10:38.328,20181101_ecoli_ARA_P5_50K,-1000,1732,161.975,DIA_100X_EMPTY_1x1_200ms,,,
6,47,13.8288816628432,650,49.3464446032691,802.927692307692,902.952307692308,NaN,NaN,NaN,NaN,NaN,NaN,NaN,NaN,NaN,NaN,NaN,NaN,NaN,NaN,NaN,556.521815206257,0.938671500416306,46.0638768244907,13.6522036913075,11.7642052505575,2.71050056341101,0.0275085372750497,0.0116831516241577,0,1.01462878736218,5006.97650733751,0,15055.36,1,1,1,9,2018-11-01T18:10:38.328,20181101_ecoli_ARA_P5_50K,-1000,1732,161.975,DIA_100X_EMPTY_1x1_200ms,,,
7,35,13.7887968337426,483,49.3819600525216,946.656314699793,868.4016563147,NaN,NaN,NaN,NaN,NaN,NaN,NaN,NaN,NaN,NaN,NaN,NaN,NaN,NaN,NaN,418.038937177451,0.983070234669506,33.7100971181346,14.6620370494504,11.9758813911206,3.39752429763458,0.187763363371994,0.0121190564651851,1,1.00662018544298,3797.21211053192,0,14495.9875776398,1,1,1,9,2018-11-01T18:10:38.328,20181101_ecoli_ARA_P5_50K,-1000,1732,161.975,DIA_100X_EMPTY_1x1_200ms,,,
8,43,12.4670891536142,536,49.6643091793103,990.97947761194,1619.05410447761,NaN,NaN,NaN,NaN,NaN,NaN,NaN,NaN,NaN,NaN,NaN,NaN,NaN,NaN,NaN,473.700543203425,0.949126530773944,42.3944665596783,13.020346573029,10.9220122169228,2.57906537987681,0.0240373479118929,0.0097040182305533,2,1.01142792069649,3971.95548286141,0,14764.1175373134,1,1,1,9,2018-11-01T18:10:38.328,20181101_ecoli_ARA_P5_50K,-1000,1732,161.975,DIA_100X_EMPTY_1x1_200ms,,,
9,33,11.6830971232744,386,49.3220655720575,1379.29533678756,438.761658031088,NaN,NaN,NaN,NaN,NaN,NaN,NaN,NaN,NaN,NaN,NaN,NaN,NaN,NaN,NaN,357.47760223093,0.980066487193772,33.4419440495638,12.4780855514695,10.3448424355105,2.87373657607793,0.0240544955948917,0.00189333645298325,2,1.00004697216126,2810.79490569494,0,15682.9481865285,1,1,1,9,2018-11-01T18:10:38.328,20181101_ecoli_ARA_P5_50K,-1000,1732,161.975,DIA_100X_EMPTY_1x1_200ms,,,
10,45,14.116460910093,636,49.4089752017817,1597.84748427673,775.844339622642,NaN,NaN,NaN,NaN,NaN,NaN,NaN,NaN,NaN,NaN,NaN,NaN,NaN,NaN,NaN,547.169775294613,0.958614419812085,44.582442830544,14.1897270587213,11.9134649632865,2.9902900197967,0.0154913694210888,0.0053780812583675,0,1.00347565122928,4969.6971800629,0,14894.1650943396,1,1,1,9,2018-11-01T18:10:38.328,20181101_ecoli_ARA_P5_50K,-1000,1732,161.975,DIA_100X_EMPTY_1x1_200ms,,,
11,34,13.1974441420168,449,48.6516620357646,1783.5723830735,169.572383073497,NaN,NaN,NaN,NaN,NaN,NaN,NaN,NaN,NaN,NaN,NaN,NaN,NaN,NaN,NaN,402.652507064603,0.975165856605598,33.7608013970874,13.4185519563245,11.6869769818736,2.8787981646099,0.022498314911114,0.0127598632447898,0,1.01165157350163,3621.65440740883,0,14625.5679287305,1,1,1,9,2018-11-01T18:10:38.328,20181101_ecoli_ARA_P5_50K,-1000,1732,161.975,DIA_100X_EMPTY_1x1_200ms,,,
12,32,14.4179077583258,462,47.1400945942172,1894.4025974026,395.82683982684,NaN,NaN,NaN,NaN,NaN,NaN,NaN,NaN,NaN,NaN,NaN,NaN,NaN,NaN,NaN,398.706105762332,0.98382144182004,31.6817761378959,14.8365621824726,12.1426674548037,3.44022340368735,0.0280515061750396,0.0114978357614601,1,1.00781746283506,3668.8301387549,0,15046.4220779221,1,1,1,9,2018-11-01T18:10:38.328,20181101_ecoli_ARA_P5_50K,-1000,1732,161.975,DIA_100X_EMPTY_1x1_200ms,,,
13,50,13.4957475629833,676,41.8318010747829,1922.92455621302,876.170118343195,NaN,NaN,NaN,NaN,NaN,NaN,NaN,NaN,NaN,NaN,NaN,NaN,NaN,NaN,NaN,591.914626136508,0.859134870519307,51.6522359862974,13.4305443050963,11.2761837301049,2.36730028897454,0.0318418290588961,0.0117802641727436,2,1.03079373100342,5158.26078521948,0,15286.7825443787,1,1,1,9,2018-11-01T18:10:38.328,20181101_ecoli_ARA_P5_50K,-1000,1732,161.975,DIA_100X_EMPTY_1x1_200ms,,,
14,45,14.2820975107716,644,49.0638770956461,1988.17391304348,234.181677018634,NaN,NaN,NaN,NaN,NaN,NaN,NaN,NaN,NaN,NaN,NaN,NaN,NaN,NaN,NaN,549.516280991225,0.962256736806733,45.1580764288261,14.2741648052456,11.9573084326496,2.78601205438106,0.0135333097445567,0.00607008943844336,2,1.00085176394901,5070.98328726128,0,14758.0527950311,1,1,1,9,2018-11-01T18:10:38.328,20181101_ecoli_ARA_P5_50K,-1000,1732,161.975,DIA_100X_EMPTY_1x1_200ms,,,
1,26,11.1150720526327,289,33.7329956008895,41.3252595155709,1577.2214532872,NaN,NaN,NaN,NaN,NaN,NaN,NaN,NaN,NaN,NaN,NaN,NaN,NaN,NaN,NaN,278.392476657213,0.991055532848927,25.0990000961451,13.6100143904659,10.7889069528704,3.35558929520322,0.0108126079986446,0.00425004719867628,2,1.00042877891399,2294.56939585702,0,14858.8650519031,1,1,1,20,2018-11-01T18:11:04.109,20181101_ecoli_ARA_P5_50K,2000,1732,161.975,DIA_100X_EMPTY_1x1_200ms,,,
2,31,18.1619012032059,564,-42.1846752823467,52.1010638297872,1118.85283687943,NaN,NaN,NaN,NaN,NaN,NaN,NaN,NaN,NaN,NaN,NaN,NaN,NaN,NaN,NaN,457.926146251557,0.989748919384255,29.8585650482052,20.549016545028,14.7348832535289,5.6491893713031,0.0629362497990061,0.0307104152623882,2,1.06464761950446,5091.57578376453,0,14834.2340425532,1,1,1,20,2018-11-01T18:11:04.109,20181101_ecoli_ARA_P5_50K,2000,1732,161.975,DIA_100X_EMPTY_1x1_200ms,,,
3,34,13.9942197405366,477,48.1531756618852,70.2327044025157,451.41928721174,NaN,NaN,NaN,NaN,NaN,NaN,NaN,NaN,NaN,NaN,NaN,NaN,NaN,NaN,NaN,400.609568999738,0.975007727538405,33.6614386615362,14.0999839919394,11.6181615706076,2.951738478298,0.00453498051315775,0.00202003888463482,0,1.00025125669867,3568.59595090845,0,15428.4821802935,1,1,1,20,2018-11-01T18:11:04.109,20181101_ecoli_ARA_P5_50K,2000,1732,161.975,DIA_100X_EMPTY_1x1_200ms,,,
4,31,13.5609584210556,421,45.4907605191537,120.714964370546,1176.67933491686,NaN,NaN,NaN,NaN,NaN,NaN,NaN,NaN,NaN,NaN,NaN,NaN,NaN,NaN,NaN,369.754617229673,0.994306055914734,30.0257153040911,15.9687070599387,11.8392326800439,4.25986203164006,0.0245640644661162,0.00994510834211595,1,1.00274786984508,3305.44820027543,0,14457.135391924,1,1,1,20,2018-11-01T18:11:04.109,20181101_ecoli_ARA_P5_50K,2000,1732,161.975,DIA_100X_EMPTY_1x1_200ms,,,
5,46,13.2998505131439,612,49.227750670547,131.267973856209,284.339869281046,NaN,NaN,NaN,NaN,NaN,NaN,NaN,NaN,NaN,NaN,NaN,NaN,NaN,NaN,NaN,508.150398463544,0.930581458178416,44.8989372306652,13.2754022337278,11.0386479962867,2.60860527371356,0.0299501244539458,0.00652507760239191,2,1.00415675759477,4296.92439158661,0,15896.227124183,1,1,1,20,2018-11-01T18:11:04.109,20181101_ecoli_ARA_P5_50K,2000,1732,161.975,DIA_100X_EMPTY_1x1_200ms,,,
6,45,13.620643841428,613,49.4483382103077,190.729200652529,41.6101141924959,NaN,NaN,NaN,NaN,NaN,NaN,NaN,NaN,NaN,NaN,NaN,NaN,NaN,NaN,NaN,528.606555794451,0.956361542309936,44.7802006745612,13.790854564414,11.505934356168,2.77128103406887,0.0175175648658004,0.00918772561023599,0,1.00847367389044,4656.07214205028,0,15556.3181076672,1,1,1,20,2018-11-01T18:11:04.109,20181101_ecoli_ARA_P5_50K,2000,1732,161.975,DIA_100X_EMPTY_1x1_200ms,,,
7,34,14.4585077299789,492,48.6957340239835,386.873983739837,249.815040650407,NaN,NaN,NaN,NaN,NaN,NaN,NaN,NaN,NaN,NaN,NaN,NaN,NaN,NaN,NaN,414.589080313661,0.991376936137285,32.4682843101177,15.4160743076166,12.4206501244003,3.51670583525936,0.0229739633177574,0.0103082026653619,1,1.00777731419777,3934.03191060098,0,15757.1077235772,1,1,1,20,2018-11-01T18:11:04.109,20181101_ecoli_ARA_P5_50K,2000,1732,161.975,DIA_100X_EMPTY_1x1_200ms,,,
8,43,12.2297292588697,526,49.6109477926916,666.264258555133,318.41825095057,NaN,NaN,NaN,NaN,NaN,NaN,NaN,NaN,NaN,NaN,NaN,NaN,NaN,NaN,NaN,464.953745943094,0.959100177228057,41.8904146029657,13.0608720247065,10.92691565997,2.46980430353884,0.0173079200988585,0.00689868046288037,1,1.0055580418157,3928.25545285259,0,15578.9923954373,1,1,1,20,2018-11-01T18:11:04.109,20181101_ecoli_ARA_P5_50K,2000,1732,161.975,DIA_100X_EMPTY_1x1_200ms,,,
9,58,12.6896950055038,736,48.9375727085058,672.527173913043,413.804347826087,NaN,NaN,NaN,NaN,NaN,NaN,NaN,NaN,NaN,NaN,NaN,NaN,NaN,NaN,NaN,636.672957691907,0.921764324844913,57.6001882966197,12.945714289575,10.8884643883769,2.13267415229378,0.0118075370717858,0.00497698281062701,1,1.00346509803616,5363.48480573085,0,16080.6141304348,1,1,1,20,2018-11-01T18:11:04.109,20181101_ecoli_ARA_P5_50K,2000,1732,161.975,DIA_100X_EMPTY_1x1_200ms,,,
10,54,13.5731398021971,733,48.4337050084771,689.080491132333,692.338335607094,NaN,NaN,NaN,NaN,NaN,NaN,NaN,NaN,NaN,NaN,NaN,NaN,NaN,NaN,NaN,616.458847789722,0.920435669021436,52.5668060851939,13.756190058974,11.4569258889809,2.48289600919615,0.0237280394546597,0.00678587398473327,1,1.00239763887256,5419.2311969104,0,15878.2933151432,1,1,1,20,2018-11-01T18:11:04.109,20181101_ecoli_ARA_P5_50K,2000,1732,161.975,DIA_100X_EMPTY_1x1_200ms,,,
11,30,13.1975208701086,396,45.5487491457838,904.426767676768,1061.13383838384,NaN,NaN,NaN,NaN,NaN,NaN,NaN,NaN,NaN,NaN,NaN,NaN,NaN,NaN,NaN,348.640884663317,0.974078842918546,29.6004492678678,13.6492916009566,11.3473005668222,3.269919619309,0.0340392120244197,0.0158284235150235,1,1.01618400252521,2993.45891085145,0,15175.5909090909,1,1,1,20,2018-11-01T18:11:04.109,20181101_ecoli_ARA_P5_50K,2000,1732,161.975,DIA_100X_EMPTY_1x1_200ms,,,
12,44,13.7714561276769,606,49.0737771507791,915.445544554455,1449.5,NaN,NaN,NaN,NaN,NaN,NaN,NaN,NaN,NaN,NaN,NaN,NaN,NaN,NaN,NaN,526.115073091392,0.960094313284214,43.4645683091809,13.7253587798376,11.8319954153237,2.7813252161662,0.0112183791915804,0.00501308309454026,1,1.00076341148098,4779.04629234049,0,15326.6699669967,1,1,1,20,2018-11-01T18:11:04.109,20181101_ecoli_ARA_P5_50K,2000,1732,161.975,DIA_100X_EMPTY_1x1_200ms,,,
13,54,12.7023121684615,686,49.3744252146866,996.268221574344,669.524781341108,NaN,NaN,NaN,NaN,NaN,NaN,NaN,NaN,NaN,NaN,NaN,NaN,NaN,NaN,NaN,596.105696652487,0.919077321772324,53.0448439359406,12.9961336137132,11.0541059067837,2.24255319630051,0.0181012451556818,0.00704770384100566,2,1.0016343735697,5090.73276550649,1,16328.2288629738,1,1,1,20,2018-11-01T18:11:04.109,20181101_ecoli_ARA_P5_50K,2000,1732,161.975,DIA_100X_EMPTY_1x1_200ms,,,
14,43,12.032669789087,518,49.7699081932684,1002.37065637066,695.758687258687,NaN,NaN,NaN,NaN,NaN,NaN,NaN,NaN,NaN,NaN,NaN,NaN,NaN,NaN,NaN,467.470398973445,0.958006157009377,43.0966131214404,12.5654249451308,10.5237962257144,2.63084560290724,0.0118027531890333,0.00570645843075214,1,1.00101760434793,3748.67580234934,1,15977.111969112,1,1,1,20,2018-11-01T18:11:04.109,20181101_ecoli_ARA_P5_50K,2000,1732,161.975,DIA_100X_EMPTY_1x1_200ms,,,
15,42,12.9027808543229,543,49.3952154362569,1094.4438305709,269.924493554328,NaN,NaN,NaN,NaN,NaN,NaN,NaN,NaN,NaN,NaN,NaN,NaN,NaN,NaN,NaN,467.171342797683,0.972426045891152,41.6452049497447,13.1275048718563,10.9924241570237,2.53304049977953,0.00673152159899259,0.00382768854998551,0,1.00127179785327,3952.22663649711,0,15864.9907918969,1,1,1,20,2018-11-01T18:11:04.109,20181101_ecoli_ARA_P5_50K,2000,1732,161.975,DIA_100X_EMPTY_1x1_200ms,,,
16,54,13.2356030943333,716,41.3965056969231,1129.46229050279,473.858938547486,NaN,NaN,NaN,NaN,NaN,NaN,NaN,NaN,NaN,NaN,NaN,NaN,NaN,NaN,NaN,626.937706506469,0.838186686480626,55.2464345048096,13.2894123973337,11.0619229740525,2.35762893610915,0.0317689367310787,0.0145018775255432,1,1.01867637465517,5309.52165337184,0,15854.7388268156,1,1,1,20,2018-11-01T18:11:04.109,20181101_ecoli_ARA_P5_50K,2000,1732,161.975,DIA_100X_EMPTY_1x1_200ms,,,
17,17,6.38959692044521,110,-47.700616610688,1171.74545454545,1972.01818181818,NaN,NaN,NaN,NaN,NaN,NaN,NaN,NaN,NaN,NaN,NaN,NaN,NaN,NaN,NaN,166.487581245575,0.999495318831803,19.127441338982,10.4809253961452,8.33269795688574,2.76816337879063,0.00698290967299227,0.00361901812428703,0,1.00033898113778,1043.08101216875,1,20121.4181818182,1,1,1,20,2018-11-01T18:11:04.109,20181101_ecoli_ARA_P5_50K,2000,1732,161.975,DIA_100X_EMPTY_1x1_200ms,,,
18,28,9.4656203365478,266,22.3819944504855,1174.71052631579,1985.42857142857,NaN,NaN,NaN,NaN,NaN,NaN,NaN,NaN,NaN,NaN,NaN,NaN,NaN,NaN,NaN,270.904921200532,0.939379028372638,28.4470383721983,12.8589548086823,9.16453661723432,3.0599732069092,0.0475779764402609,0.0207600465539281,2,1.02715230818045,1876.49737639156,1,19496.4887218045,1,1,1,20,2018-11-01T18:11:04.109,20181101_ecoli_ARA_P5_50K,2000,1732,161.975,DIA_100X_EMPTY_1x1_200ms,,,
19,50,12.1718008036043,609,-49.9997105802019,1215.08866995074,1964.74055829228,NaN,NaN,NaN,NaN,NaN,NaN,NaN,NaN,NaN,NaN,NaN,NaN,NaN,NaN,NaN,582.285952804618,0.663155966433472,62.3118855261334,13.2913512293136,8.94139423565898,2.81007564023204,0.17344116926674,0.053047524786551,3,1.55433882559358,3912.65235565396,0,18029.0968801314,1,1,1,20,2018-11-01T18:11:04.109,20181101_ecoli_ARA_P5_50K,2000,1732,161.975,DIA_100X_EMPTY_1x1_200ms,,,
20,29,14.1778106295518,412,-24.4015543250825,1206.83252427184,2010.18932038835,NaN,NaN,NaN,NaN,NaN,NaN,NaN,NaN,NaN,NaN,NaN,NaN,NaN,NaN,NaN,347.302761499777,0.95153588623686,28.02968880082,15.5485590123794,11.6024338082983,3.76858016754242,0.104700233042798,0.0495306788823398,1,1.15425022389386,2963.50972203302,1,15638.786407767,1,1,1,20,2018-11-01T18:11:04.109,20181101_ecoli_ARA_P5_50K,2000,1732,161.975,DIA_100X_EMPTY_1x1_200ms,,,
21,30,11.4079470832022,343,45.5254702446121,1221.68221574344,2018.77842565598,NaN,NaN,NaN,NaN,NaN,NaN,NaN,NaN,NaN,NaN,NaN,NaN,NaN,NaN,NaN,293.479555884243,0.981901702801644,27.184065466032,13.1664890516757,10.418859273309,3.40493533090351,0.0307747022331497,0.0131894932924448,2,1.01015854351339,2317.63282361578,1,16087.1690962099,1,1,1,20,2018-11-01T18:11:04.109,20181101_ecoli_ARA_P5_50K,2000,1732,161.975,DIA_100X_EMPTY_1x1_200ms,,,
22,26,13.0747257528738,340,40.8576445710018,1295.33235294118,1913.61764705882,NaN,NaN,NaN,NaN,NaN,NaN,NaN,NaN,NaN,NaN,NaN,NaN,NaN,NaN,NaN,291.846692298248,0.99951123540125,24.6737643857997,14.0097079486733,11.4765297228963,3.48358214191251,0.0120479994021904,0.00494748920448734,1,1.0009612253064,2552.38666053922,0,15410.7794117647,1,1,1,20,2018-11-01T18:11:04.109,20181101_ecoli_ARA_P5_50K,2000,1732,161.975,DIA_100X_EMPTY_1x1_200ms,,,
23,48,13.1589950372636,632,49.4643414073539,1593.2832278481,1919.99525316456,NaN,NaN,NaN,NaN,NaN,NaN,NaN,NaN,NaN,NaN,NaN,NaN,NaN,NaN,NaN,530.01759428496,0.944122172518743,47.3839605053456,12.7601175027863,11.0343655566949,2.25246846246249,0.0124142993595879,0.00456630882637005,2,1.00130514635451,4531.22861369084,0,15734.9857594937,1,1,1,20,2018-11-01T18:11:04.109,20181101_ecoli_ARA_P5_50K,2000,1732,161.975,DIA_100X_EMPTY_1x1_200ms,,,
24,53,13.0078103901064,690,49.0202046148095,1697.21449275362,175.833333333333,NaN,NaN,NaN,NaN,NaN,NaN,NaN,NaN,NaN,NaN,NaN,NaN,NaN,NaN,NaN,584.530280124308,0.936901937533456,52.5227731202027,12.8670283542007,10.9246216075666,2.30797269050957,0.00632969129369572,0.00301910566989,4,1.0019106294644,4923.23239113163,0,16121.9956521739,1,1,1,20,2018-11-01T18:11:04.109,20181101_ecoli_ARA_P5_50K,2000,1732,161.975,DIA_100X_EMPTY_1x1_200ms,,,
1,40,13.969248365547,559,49.0195097327312,12.5885509838998,1834.93917710197,NaN,NaN,NaN,NaN,NaN,NaN,NaN,NaN,NaN,NaN,NaN,NaN,NaN,NaN,NaN,475.376353989144,0.977305341828779,39.2991600181496,14.3465655680384,11.8829165335575,2.97778499255471,0.011401120848703,0.00669323769607758,1,1.00467363146226,4358.32128714153,0,15039.9427549195,1,1,1,22,2018-11-01T18:11:08.798,20181101_ecoli_ARA_P5_50K,3000,-0,161.975,DIA_100X_EMPTY_1x1_200ms,,,
2,29,13.4922039517546,392,46.1746811358505,49.2474489795918,484.40306122449,NaN,NaN,NaN,NaN,NaN,NaN,NaN,NaN,NaN,NaN,NaN,NaN,NaN,NaN,NaN,333.634426774847,0.996902458853169,27.9780591610248,13.8235338253179,11.5507014206312,3.36564249125994,0.0195088322727506,0.0101490677169066,0,1.00530624637839,2931.73141675461,0,15465.6683673469,1,1,1,22,2018-11-01T18:11:08.798,20181101_ecoli_ARA_P5_50K,3000,-0,161.975,DIA_100X_EMPTY_1x1_200ms,,,
3,42,10.7923660252689,454,46.4058444795972,102.667400881057,325.76872246696,NaN,NaN,NaN,NaN,NaN,NaN,NaN,NaN,NaN,NaN,NaN,NaN,NaN,NaN,NaN,421.858021644461,0.909116745618355,42.5373990889666,12.2226412955855,9.71592764342653,2.29610223816058,0.0123945729469293,0.00755402764063704,1,1.00249372937357,3153.7652018231,0,18296.1365638767,1,1,1,22,2018-11-01T18:11:08.798,20181101_ecoli_ARA_P5_50K,3000,-0,161.975,DIA_100X_EMPTY_1x1_200ms,,,
4,33,13.1364707465403,437,47.7244359400631,130.089244851259,290.24942791762,NaN,NaN,NaN,NaN,NaN,NaN,NaN,NaN,NaN,NaN,NaN,NaN,NaN,NaN,NaN,371.923765120281,0.981859601144236,32.7447451007038,13.0714875271956,11.1030082425372,2.86690650293763,0.0108607983220725,0.00505617220581764,1,1.00117546440567,3170.39095170461,0,15916.6361556064,1,1,1,22,2018-11-01T18:11:08.798,20181101_ecoli_ARA_P5_50K,3000,-0,161.975,DIA_100X_EMPTY_1x1_200ms,,,
5,37,13.3121767789619,493,49.32067140924,187.7261663286,635.987829614604,NaN,NaN,NaN,NaN,NaN,NaN,NaN,NaN,NaN,NaN,NaN,NaN,NaN,NaN,NaN,422.737225069784,0.960828940425227,36.0400508174909,13.6543522190221,11.4330550341301,2.85484431771342,0.014618411284271,0.00608533033530008,1,1.0035797700361,3699.98415369358,0,15660.7667342799,1,1,1,22,2018-11-01T18:11:08.798,20181101_ecoli_ARA_P5_50K,3000,-0,161.975,DIA_100X_EMPTY_1x1_200ms,,,
6,54,13.6654789048662,738,42.115912756526,441.047425474255,1241.4891598916,NaN,NaN,NaN,NaN,NaN,NaN,NaN,NaN,NaN,NaN,NaN,NaN,NaN,NaN,NaN,638.149902501781,0.864000286917499,53.7989672511747,13.8925352289899,11.624879352506,2.86588512862563,0.0223398617076311,0.00875909796212996,1,1.01366748860206,5710.06075054997,0,15410.135501355,1,1,1,22,2018-11-01T18:11:08.798,20181101_ecoli_ARA_P5_50K,3000,-0,161.975,DIA_100X_EMPTY_1x1_200ms,,,
7,35,13.74160306334,481,49.3670965153441,535.110187110187,493.83367983368,NaN,NaN,NaN,NaN,NaN,NaN,NaN,NaN,NaN,NaN,NaN,NaN,NaN,NaN,NaN,407.076568345259,0.980121186730837,33.5983639753645,13.8189914740429,11.8009420750423,3.07404068609035,0.00528719655822441,0.00255733693828741,0,1.0003950337923,3674.86482849819,0,15205.0706860707,1,1,1,22,2018-11-01T18:11:08.798,20181101_ecoli_ARA_P5_50K,3000,-0,161.975,DIA_100X_EMPTY_1x1_200ms,,,
8,32,13.3645063186326,428,45.6677488034807,651.252336448598,750.64953271028,NaN,NaN,NaN,NaN,NaN,NaN,NaN,NaN,NaN,NaN,NaN,NaN,NaN,NaN,NaN,379.560470137446,0.978697310798729,31.939330264193,13.6303830937443,11.3646822941112,3.36535557146232,0.017332337778113,0.00657388615067124,1,1.00186904819396,3239.89014723357,0,15858.6051401869,1,1,1,22,2018-11-01T18:11:08.798,20181101_ecoli_ARA_P5_50K,3000,-0,161.975,DIA_100X_EMPTY_1x1_200ms,,,
9,35,13.3109214967555,466,49.2002437105842,739.427038626609,188.077253218884,NaN,NaN,NaN,NaN,NaN,NaN,NaN,NaN,NaN,NaN,NaN,NaN,NaN,NaN,NaN,401.757436180618,0.984750834267097,34.1145288781667,13.7639183426512,11.4924190229305,2.98536158274172,0.0104754963691926,0.00589221381378274,1,1.00080300246295,3538.76859210445,0,15631.2360515021,1,1,1,22,2018-11-01T18:11:08.798,20181101_ecoli_ARA_P5_50K,3000,-0,161.975,DIA_100X_EMPTY_1x1_200ms,,,
10,51,13.3537301477753,682,49.2664965042086,747.234604105572,815.888563049853,NaN,NaN,NaN,NaN,NaN,NaN,NaN,NaN,NaN,NaN,NaN,NaN,NaN,NaN,NaN,596.159408557171,0.917548144777461,52.275752367387,13.6083641658267,11.2529994053278,2.36865840598022,0.0179487377911985,0.0103552660242223,0,1.0162028525141,5199.08317369948,0,15620.7390029326,1,1,1,22,2018-11-01T18:11:08.798,20181101_ecoli_ARA_P5_50K,3000,-0,161.975,DIA_100X_EMPTY_1x1_200ms,,,
11,35,12.0768360660582,423,49.4265602423036,938.286052009456,1143.29787234043,NaN,NaN,NaN,NaN,NaN,NaN,NaN,NaN,NaN,NaN,NaN,NaN,NaN,NaN,NaN,399.359876147384,0.970557506285075,34.8159064840686,13.0122579414113,11.1088837485171,2.90071559430572,0.0176250928207703,0.0074024989544684,0,1.00405424417206,3374.49223061969,0,15332.9810874704,1,1,1,22,2018-11-01T18:11:08.798,20181101_ecoli_ARA_P5_50K,3000,-0,161.975,DIA_100X_EMPTY_1x1_200ms,,,
12,44,13.2324283959953,583,49.4938917716082,957.257289879931,1462.48542024014,NaN,NaN,NaN,NaN,NaN,NaN,NaN,NaN,NaN,NaN,NaN,NaN,NaN,NaN,NaN,503.597279423535,0.949799846452991,43.8964017180838,13.1665187611142,11.3034862373812,2.36948797861451,0.00832007271878692,0.00289136592470939,2,1.00066971374823,4404.97677293672,0,15343.9965694683,1,1,1,22,2018-11-01T18:11:08.798,20181101_ecoli_ARA_P5_50K,3000,-0,161.975,DIA_100X_EMPTY_1x1_200ms,,,
13,34,14.2564312451869,486,43.8245872788979,1772.670781893,699.56378600823,NaN,NaN,NaN,NaN,NaN,NaN,NaN,NaN,NaN,NaN,NaN,NaN,NaN,NaN,NaN,418.643694798121,0.988001311927704,33.5040358155883,14.3669928676752,12.1373824992264,3.22288014789704,0.00958903341593372,0.00388695686147833,1,1.00066033899129,3876.4758505778,0,14549.866255144,1,1,1,22,2018-11-01T18:11:08.798,20181101_ecoli_ARA_P5_50K,3000,-0,161.975,DIA_100X_EMPTY_1x1_200ms,,,
14,63,13.8365762031354,872,-49.3689103408529,1941.39334862385,435.519495412844,NaN,NaN,NaN,NaN,NaN,NaN,NaN,NaN,NaN,NaN,NaN,NaN,NaN,NaN,NaN,737.696329871769,0.733437381870608,65.0635787733734,13.4140132531711,11.1931451301391,2.44330865090541,0.0369863777674133,0.0139953605535702,1,1.06800838151682,6402.24218557062,0,15537,1,1,1,22,2018-11-01T18:11:08.798,20181101_ecoli_ARA_P5_50K,3000,-0,161.975,DIA_100X_EMPTY_1x1_200ms,,,
1,51,15.2014248729724,777,46.0535675439627,143.617760617761,744.001287001287,NaN,NaN,NaN,NaN,NaN,NaN,NaN,NaN,NaN,NaN,NaN,NaN,NaN,NaN,NaN,665.910768456288,0.966363998119651,51.4260706682882,14.6291768056437,12.6953640875165,2.72371243966648,0.00640020252055524,0.00312497642239641,3,1.00011571657822,6509.73852156406,0,15434.2831402831,1,1,1,35,2018-11-01T18:11:39.006,20181101_ecoli_ARA_P5_50K,-500,2598,161.975,DIA_100X_EMPTY_1x1_200ms,,,
2,45,13.2680178185942,597,49.5593717983553,309.922948073702,770.326633165829,NaN,NaN,NaN,NaN,NaN,NaN,NaN,NaN,NaN,NaN,NaN,NaN,NaN,NaN,NaN,518.363832468898,0.9607648643643,44.4344123324528,13.6220200617768,11.3827207142026,2.75444914084124,0.113123860031228,0.00390304885536262,1,1.00083913732508,4521.69726704825,0,15299.8978224456,1,1,1,35,2018-11-01T18:11:39.006,20181101_ecoli_ARA_P5_50K,-500,2598,161.975,DIA_100X_EMPTY_1x1_200ms,,,
3,55,13.3980272059959,737,48.0214910159142,543.073270013569,108.708276797829,NaN,NaN,NaN,NaN,NaN,NaN,NaN,NaN,NaN,NaN,NaN,NaN,NaN,NaN,NaN,631.347031288052,0.886903685351282,54.9709370092814,13.2814638096514,11.2795366431207,2.29317407955186,0.0186961847793249,0.00892348639568215,2,1.0151460707579,5492.94866223151,0,15989.5481682497,1,1,1,35,2018-11-01T18:11:39.006,20181101_ecoli_ARA_P5_50K,-500,2598,161.975,DIA_100X_EMPTY_1x1_200ms,,,
4,48,13.2710229258306,637,49.5811108659034,648.971742543171,102.676609105181,NaN,NaN,NaN,NaN,NaN,NaN,NaN,NaN,NaN,NaN,NaN,NaN,NaN,NaN,NaN,546.971373170787,0.945242145723402,48.077959930394,13.1813887022764,11.1687722121593,2.40473064745888,0.00891342586381467,0.00487463061779807,2,1.00053352051361,4710.28060056,0,16204.4772370487,1,1,1,35,2018-11-01T18:11:39.006,20181101_ecoli_ARA_P5_50K,-500,2598,161.975,DIA_100X_EMPTY_1x1_200ms,,,
5,38,13.494562727259,513,49.1437517054059,680.230019493177,1387.80506822612,NaN,NaN,NaN,NaN,NaN,NaN,NaN,NaN,NaN,NaN,NaN,NaN,NaN,NaN,NaN,458.834793697551,0.962533084836161,38.1130254236118,13.892386325391,11.7785499790299,2.84583273580312,0.0154218215190775,0.00566539287560487,2,1.00282732033109,4152.85687849435,0,15066.2631578947,1,1,1,35,2018-11-01T18:11:39.006,20181101_ecoli_ARA_P5_50K,-500,2598,161.975,DIA_100X_EMPTY_1x1_200ms,,,
6,48,13.2894562785762,638,49.5538672265931,1155.34796238245,663.601880877743,NaN,NaN,NaN,NaN,NaN,NaN,NaN,NaN,NaN,NaN,NaN,NaN,NaN,NaN,NaN,545.019841614973,0.950622248596491,46.9850701062079,13.1080079045683,11.3601011014444,2.50085872640823,0.00980901135677859,0.00543879180583978,0,1.00375106880646,4762.2715258908,0,15024.775862069,1,1,1,35,2018-11-01T18:11:39.006,20181101_ecoli_ARA_P5_50K,-500,2598,161.975,DIA_100X_EMPTY_1x1_200ms,,,
7,34,13.9491099446285,475,48.0752265328516,1191.78526315789,620.16,NaN,NaN,NaN,NaN,NaN,NaN,NaN,NaN,NaN,NaN,NaN,NaN,NaN,NaN,NaN,423.059723993101,0.982380213719157,34.1552485073425,14.2086837612887,12.0930835951108,3.13520575578198,0.0067400624402521,0.00258815740206553,1,1.00013927188506,3923.0282985751,0,14647.6,1,1,1,35,2018-11-01T18:11:39.006,20181101_ecoli_ARA_P5_50K,-500,2598,161.975,DIA_100X_EMPTY_1x1_200ms,,,
8,31,13.6590812086942,425,44.9636821860711,1201.16235294118,1475.83529411765,NaN,NaN,NaN,NaN,NaN,NaN,NaN,NaN,NaN,NaN,NaN,NaN,NaN,NaN,NaN,363.870431174042,0.981048776853987,30.5904091010591,13.7251452229562,11.4921795686198,3.10373649961589,0.026291881622041,0.0134508299134375,1,1.00365028096116,3173.07233875431,0,14980.9176470588,1,1,1,35,2018-11-01T18:11:39.006,20181101_ecoli_ARA_P5_50K,-500,2598,161.975,DIA_100X_EMPTY_1x1_200ms,,,
9,46,14.1190624545748,650,49.3423189766927,1402.78461538462,1333.38153846154,NaN,NaN,NaN,NaN,NaN,NaN,NaN,NaN,NaN,NaN,NaN,NaN,NaN,NaN,NaN,553.733137533941,0.958316523907077,45.1240093572543,14.2406620081447,12.0406728457282,2.70827300282018,0.0100016095384536,0.00498975893033025,1,1.00123296104431,5138.0588571635,0,14668.1830769231,1,1,1,35,2018-11-01T18:11:39.006,20181101_ecoli_ARA_P5_50K,-500,2598,161.975,DIA_100X_EMPTY_1x1_200ms,,,
10,47,13.2112538816381,621,49.2738593440686,1530.76650563607,1285.33655394525,NaN,NaN,NaN,NaN,NaN,NaN,NaN,NaN,NaN,NaN,NaN,NaN,NaN,NaN,NaN,540.601399410924,0.938252986711207,45.6536030604012,13.7054081051568,11.5065011762992,2.76437811545476,0.0114147969904395,0.00438716677667922,1,1.00183846218009,4747.35285131958,0,14992.653784219,1,1,1,35,2018-11-01T18:11:39.006,20181101_ecoli_ARA_P5_50K,-500,2598,161.975,DIA_100X_EMPTY_1x1_200ms,,,
11,26,14.1341978636019,378,10.9426306111638,1567.91798941799,383.481481481481,NaN,NaN,NaN,NaN,NaN,NaN,NaN,NaN,NaN,NaN,NaN,NaN,NaN,NaN,NaN,328.34478534713,0.99920638729132,26.2579285459154,14.557718021186,12.1560172211567,3.59223472585176,0.00243954305037569,0.0010515398923428,1,1.00003571618193,3047.42451471786,0,15048.0238095238,1,1,1,35,2018-11-01T18:11:39.006,20181101_ecoli_ARA_P5_50K,-500,2598,161.975,DIA_100X_EMPTY_1x1_200ms,,,
12,46,13.783893200196,635,47.740791017405,1865.74015748032,426.149606299213,NaN,NaN,NaN,NaN,NaN,NaN,NaN,NaN,NaN,NaN,NaN,NaN,NaN,NaN,NaN,528.357308178373,0.903713628391768,45.0414779191556,14.1069931843723,11.5029144073882,2.74762092656982,0.0183139484745193,0.00754916536635819,1,1.00738873013069,4680.78065434926,0,14960.2409448819,1,1,1,35,2018-11-01T18:11:39.006,20181101_ecoli_ARA_P5_50K,-500,2598,161.975,DIA_100X_EMPTY_1x1_200ms,,,
13,32,13.7803363221462,441,48.3040288731276,1917.77551020408,1327.85714285714,NaN,NaN,NaN,NaN,NaN,NaN,NaN,NaN,NaN,NaN,NaN,NaN,NaN,NaN,NaN,364.930892867233,0.988241077784043,30.5177701109667,14.1061401942729,11.4065316424227,3.56533843238659,0.020473959275133,0.00173400287640198,2,1.00007846172553,3118.52979472014,0,14841.6825396825,1,1,1,35,2018-11-01T18:11:39.006,20181101_ecoli_ARA_P5_50K,-500,2598,161.975,DIA_100X_EMPTY_1x1_200ms,,,
14,32,13.1879546811738,422,48.820359648016,2029.04739336493,1011.30331753555,NaN,NaN,NaN,NaN,NaN,NaN,NaN,NaN,NaN,NaN,NaN,NaN,NaN,NaN,NaN,358.340942919984,0.985183941343677,30.7420315788317,13.3460112726223,11.387590505443,3.00451640482335,0.0101533501647366,0.00416599850073686,0,1.00090423912905,3131.02207084958,0,15163.2654028436,1,1,1,35,2018-11-01T18:11:39.006,20181101_ecoli_ARA_P5_50K,-500,2598,161.975,DIA_100X_EMPTY_1x1_200ms,,,
1,35,13.9629524395788,489,47.7349750150424,17.3537832310838,1189.01022494888,NaN,NaN,NaN,NaN,NaN,NaN,NaN,NaN,NaN,NaN,NaN,NaN,NaN,NaN,NaN,NaN,NaN,NaN,NaN,NaN,NaN,NaN,NaN,NaN,NaN,NaN,0,15060.2494887526,1,1,1,38,2018-11-01T18:11:46.057,20181101_ecoli_ARA_P5_50K,1000,3464,161.975,DIA_100X_EMPTY_1x1_200ms,,,
2,28,14.0390063396641,394,39.8362991428874,93.6979695431472,1749.17005076142,NaN,NaN,NaN,NaN,NaN,NaN,NaN,NaN,NaN,NaN,NaN,NaN,NaN,NaN,NaN,342.105084566322,0.994796813301552,27.778745813528,14.2026947591279,11.8040980968794,3.73800632734497,0.00702270522056344,0.00320136645213079,1,1.00029109099338,3039.96186217121,0,14798.8807106599,1,1,1,38,2018-11-01T18:11:46.057,20181101_ecoli_ARA_P5_50K,1000,3464,161.975,DIA_100X_EMPTY_1x1_200ms,,,
3,45,13.2854928131353,598,48.9882003171688,117.958193979933,754.220735785953,NaN,NaN,NaN,NaN,NaN,NaN,NaN,NaN,NaN,NaN,NaN,NaN,NaN,NaN,NaN,505.679339908216,0.946910198321281,44.0130495999084,13.6316254341073,11.2392934369629,2.69954410667617,0.0154436505172894,0.00609519305771211,1,1.00524891580824,4366.6598458953,0,15224.4715719064,1,1,1,38,2018-11-01T18:11:46.057,20181101_ecoli_ARA_P5_50K,1000,3464,161.975,DIA_100X_EMPTY_1x1_200ms,,,
4,46,12.5183386835494,592,49.4446455948977,127.451013513514,312.623310810811,NaN,NaN,NaN,NaN,NaN,NaN,NaN,NaN,NaN,NaN,NaN,NaN,NaN,NaN,NaN,503.878812625167,0.94446419071718,46.2159277025292,12.72029197079,10.6176886696776,2.51244147392852,0.00747444926997912,0.00196300297895955,3,1.00022479075753,4092.05564041071,0,16256.1148648649,1,1,1,38,2018-11-01T18:11:46.057,20181101_ecoli_ARA_P5_50K,1000,3464,161.975,DIA_100X_EMPTY_1x1_200ms,,,
5,50,12.8485239443741,644,30.4670500727031,157.149068322981,1982.93322981366,NaN,NaN,NaN,NaN,NaN,NaN,NaN,NaN,NaN,NaN,NaN,NaN,NaN,NaN,NaN,557.12951297265,0.824171946102748,52.0426052557063,12.926714578967,10.4550901902432,2.44716585618058,0.0276299906581368,0.016239023990849,1,1.04572818523708,4467.91063292082,0,15406.1583850932,1,1,1,38,2018-11-01T18:11:46.057,20181101_ecoli_ARA_P5_50K,1000,3464,161.975,DIA_100X_EMPTY_1x1_200ms,,,
6,45,12.9655181036199,584,49.0679535489671,158.767123287671,1885.57191780822,NaN,NaN,NaN,NaN,NaN,NaN,NaN,NaN,NaN,NaN,NaN,NaN,NaN,NaN,NaN,502.439205654573,0.923276205167405,44.4317754526138,13.3271563665147,10.9713456070918,2.6701854526118,0.0438582520557569,0.00605330935292155,3,1.0016081961366,4200.52274651372,1,16166.7397260274,1,1,1,38,2018-11-01T18:11:46.057,20181101_ecoli_ARA_P5_50K,1000,3464,161.975,DIA_100X_EMPTY_1x1_200ms,,,
7,58,12.6020592558073,731,46.4003505880987,172.369357045144,1571.18604651163,NaN,NaN,NaN,NaN,NaN,NaN,NaN,NaN,NaN,NaN,NaN,NaN,NaN,NaN,NaN,629.56322543326,0.902547706106397,57.5484785819698,12.6110585099735,10.7673832038432,2.31415042384197,0.0150251914991158,0.00733098954770131,2,1.0027925668793,5240.15420158436,0,15974.7961696306,1,1,1,38,2018-11-01T18:11:46.057,20181101_ecoli_ARA_P5_50K,1000,3464,161.975,DIA_100X_EMPTY_1x1_200ms,,,
8,34,12.9460230918656,441,48.5633841787364,177.75283446712,1879.08843537415,NaN,NaN,NaN,NaN,NaN,NaN,NaN,NaN,NaN,NaN,NaN,NaN,NaN,NaN,NaN,375.73969324203,0.965731901006981,34.303638917529,12.6429604913928,10.6321332413805,2.77432236796144,0.0192669899232537,0.0061441658673893,1,1.00171758945111,3045.58619121485,1,16923.6099773243,1,1,1,38,2018-11-01T18:11:46.057,20181101_ecoli_ARA_P5_50K,1000,3464,161.975,DIA_100X_EMPTY_1x1_200ms,,,
9,40,14.6653894285273,588,48.2219296174183,368.491496598639,209.78231292517,NaN,NaN,NaN,NaN,NaN,NaN,NaN,NaN,NaN,NaN,NaN,NaN,NaN,NaN,NaN,487.143404545926,0.942550408946046,39.1504989366285,14.3228170567281,12.129978739371,2.79245449423001,0.0347468809641035,0.0103156445154033,2,1.0080631972859,4524.25694573318,0,15386.1632653061,1,1,1,38,2018-11-01T18:11:46.057,20181101_ecoli_ARA_P5_50K,1000,3464,161.975,DIA_100X_EMPTY_1x1_200ms,,,
10,32,14.1595082717539,454,42.9016719157943,381.57268722467,1837.61894273128,NaN,NaN,NaN,NaN,NaN,NaN,NaN,NaN,NaN,NaN,NaN,NaN,NaN,NaN,NaN,379.429243081647,0.990875486867086,31.8878125664984,13.5817188663471,11.4927657845655,3.25608442237689,0.0262569532627763,0.00633131999666993,0,1.00206715564338,3307.98645244236,0,14430.204845815,1,1,1,38,2018-11-01T18:11:46.057,20181101_ecoli_ARA_P5_50K,1000,3464,161.975,DIA_100X_EMPTY_1x1_200ms,,,
11,28,13.0919999139172,368,46.3770855340332,387.961956521739,2022.94293478261,NaN,NaN,NaN,NaN,NaN,NaN,NaN,NaN,NaN,NaN,NaN,NaN,NaN,NaN,NaN,323.128727770073,0.990271576057073,28.008815617311,13.5743575545365,11.154622835552,3.2518560781298,0.0119239545035898,0.00686040896642227,0,1.00248852962819,2737.12358359666,0,14850.8913043478,1,1,1,38,2018-11-01T18:11:46.057,20181101_ecoli_ARA_P5_50K,1000,3464,161.975,DIA_100X_EMPTY_1x1_200ms,,,
12,52,14.1995324707836,739,47.6506054781759,441.07848443843,1436.3599458728,NaN,NaN,NaN,NaN,NaN,NaN,NaN,NaN,NaN,NaN,NaN,NaN,NaN,NaN,NaN,622.786847477923,0.910353969356964,52.3103189151281,13.8476415747754,11.7502997950119,2.35517957072413,0.0157727014989461,0.00750323276107453,2,1.00597230952745,5672.5083473446,0,15142.6955345061,1,1,1,38,2018-11-01T18:11:46.057,20181101_ecoli_ARA_P5_50K,1000,3464,161.975,DIA_100X_EMPTY_1x1_200ms,,,
13,47,14.0612245014579,661,48.982182284929,441.046898638427,1030.8880484115,NaN,NaN,NaN,NaN,NaN,NaN,NaN,NaN,NaN,NaN,NaN,NaN,NaN,NaN,NaN,567.877190527627,0.906541038452808,47.2526615794307,13.4939093825547,11.8443314242224,2.42725014344309,0.0321639387137273,0.0118228118272108,2,1.02118717492872,5206.39674283273,0,15089.2420574887,1,1,1,38,2018-11-01T18:11:46.057,20181101_ecoli_ARA_P5_50K,1000,3464,161.975,DIA_100X_EMPTY_1x1_200ms,,,
14,46,14.0802241816055,648,49.3260160406248,458.933641975309,720.597222222222,NaN,NaN,NaN,NaN,NaN,NaN,NaN,NaN,NaN,NaN,NaN,NaN,NaN,NaN,NaN,548.778143533987,0.950607308678,44.9466336627927,13.8780225861748,11.9799943614443,2.55582735383751,0.0329293391210067,0.0107208842344953,2,1.01127633169963,5066.40937782037,0,14975.5,1,1,1,38,2018-11-01T18:11:46.057,20181101_ecoli_ARA_P5_50K,1000,3464,161.975,DIA_100X_EMPTY_1x1_200ms,,,
15,41,14.493980041398,595,47.3291827981636,557.623529411765,464.981512605042,NaN,NaN,NaN,NaN,NaN,NaN,NaN,NaN,NaN,NaN,NaN,NaN,NaN,NaN,NaN,500.319596593514,0.960328757238332,40.5093581995223,14.1982154206721,12.0543733792796,2.89774949981433,0.0067511092302017,0.0033111738632693,3,1.0002919464195,4623.1131496753,0,15183.6117647059,1,1,1,38,2018-11-01T18:11:46.057,20181101_ecoli_ARA_P5_50K,1000,3464,161.975,DIA_100X_EMPTY_1x1_200ms,,,
16,38,14.2727025082412,543,49.3740731185592,697.14364640884,631.397790055249,NaN,NaN,NaN,NaN,NaN,NaN,NaN,NaN,NaN,NaN,NaN,NaN,NaN,NaN,NaN,475.241878516857,0.977363835061262,37.6408704346778,14.9251822441488,12.2371626994987,3.33342665234418,0.0197190307440739,0.0117694414347586,0,1.01023323108357,4427.01514451608,0,14266.1841620626,1,1,1,38,2018-11-01T18:11:46.057,20181101_ecoli_ARA_P5_50K,1000,3464,161.975,DIA_100X_EMPTY_1x1_200ms,,,
17,32,13.2814692243362,425,48.2082939819459,726.889411764706,1692.68235294118,NaN,NaN,NaN,NaN,NaN,NaN,NaN,NaN,NaN,NaN,NaN,NaN,NaN,NaN,NaN,377.831492485806,0.963882574019205,31.7608062659526,13.9250599619441,11.5334557537402,3.07337868464929,0.0328689354222587,0.0201929251951267,0,1.0274518718725,3318.18279994018,0,13820.6870588235,1,1,1,38,2018-11-01T18:11:46.057,20181101_ecoli_ARA_P5_50K,1000,3464,161.975,DIA_100X_EMPTY_1x1_200ms,,,
18,41,14.1891974975891,583,49.1741968573142,791.775300171527,277.499142367067,NaN,NaN,NaN,NaN,NaN,NaN,NaN,NaN,NaN,NaN,NaN,NaN,NaN,NaN,NaN,487.375813043488,0.961544542197398,40.1987391664605,14.0454448289835,11.7535150902781,3.03790219515344,0.0243599043760961,0.00378574751334547,2,1.00051626181853,4361.51983140735,0,14836.077186964,1,1,1,38,2018-11-01T18:11:46.057,20181101_ecoli_ARA_P5_50K,1000,3464,161.975,DIA_100X_EMPTY_1x1_200ms,,,
19,49,14.4715759845168,710,49.0993933195735,796.283098591549,46.7507042253521,NaN,NaN,NaN,NaN,NaN,NaN,NaN,NaN,NaN,NaN,NaN,NaN,NaN,NaN,NaN,588.46355398071,0.95448579664239,47.8579085522751,13.7176357344531,11.9116672386705,2.96125585608448,0.0124675686611846,0.00636197869870354,1,1.00340567627164,5333.21021190569,0,15360.8830985916,1,1,1,38,2018-11-01T18:11:46.057,20181101_ecoli_ARA_P5_50K,1000,3464,161.975,DIA_100X_EMPTY_1x1_200ms,,,
20,35,11.7972482653798,413,49.2889621542756,821.297820823245,1894.76755447942,NaN,NaN,NaN,NaN,NaN,NaN,NaN,NaN,NaN,NaN,NaN,NaN,NaN,NaN,NaN,366.342854703694,0.972183681847521,34.4834382488798,12.7978692011117,10.3517052833832,2.64870072978272,0.0214338852706739,0.00847600719316266,1,1.00565888182091,2902.17930544292,0,15575.1331719128,1,1,1,38,2018-11-01T18:11:46.057,20181101_ecoli_ARA_P5_50K,1000,3464,161.975,DIA_100X_EMPTY_1x1_200ms,,,
21,33,12.8382065663937,424,48.8851369312239,853.469339622642,1772.83962264151,NaN,NaN,NaN,NaN,NaN,NaN,NaN,NaN,NaN,NaN,NaN,NaN,NaN,NaN,NaN,366.842989456377,0.979074528345,31.6173054095214,13.1193959184666,11.1598621270197,3.12229719294457,0.0685965290902276,0.00880114571198464,1,1.00304945234918,3092.66154414824,0,14566.2641509434,1,1,1,38,2018-11-01T18:11:46.057,20181101_ecoli_ARA_P5_50K,1000,3464,161.975,DIA_100X_EMPTY_1x1_200ms,,,
22,34,11.8214960807756,402,48.9018239734934,896.480099502488,647.669154228856,NaN,NaN,NaN,NaN,NaN,NaN,NaN,NaN,NaN,NaN,NaN,NaN,NaN,NaN,NaN,358.386896053631,0.984445543834497,32.6212729135521,13.168893240867,10.7020792993179,2.91628611194395,0.00952937304027058,0.00381301778022765,2,1.00096099524102,2934.45270476925,0,15227.7711442786,1,1,1,38,2018-11-01T18:11:46.057,20181101_ecoli_ARA_P5_50K,1000,3464,161.975,DIA_100X_EMPTY_1x1_200ms,,,
23,36,13.8894494741909,501,48.4650395495222,973.656686626746,718.512974051896,NaN,NaN,NaN,NaN,NaN,NaN,NaN,NaN,NaN,NaN,NaN,NaN,NaN,NaN,NaN,416.015949146007,0.962894086894772,35.7477626288629,13.5162233084719,11.4047838730632,2.80832725184235,0.0155313435085048,0.00803396500364712,0,1.00545620664903,3651.84945713893,0,14959.2055888224,1,1,1,38,2018-11-01T18:11:46.057,20181101_ecoli_ARA_P5_50K,1000,3464,161.975,DIA_100X_EMPTY_1x1_200ms,,,
24,42,14.4138885060909,606,49.1014417692643,1129.83663366337,1798.32673267327,NaN,NaN,NaN,NaN,NaN,NaN,NaN,NaN,NaN,NaN,NaN,NaN,NaN,NaN,NaN,507.362075887705,0.967755461148635,41.3654432553173,13.8878863136726,11.949252349324,2.93300135964307,0.0135419653266803,0.00439225726597193,1,1.00080375225522,4638.83611301908,0,14647.1798679868,1,1,1,38,2018-11-01T18:11:46.057,20181101_ecoli_ARA_P5_50K,1000,3464,161.975,DIA_100X_EMPTY_1x1_200ms,,,
25,42,11.7369562122978,493,49.6417492748581,1137.29006085193,1569.22515212982,NaN,NaN,NaN,NaN,NaN,NaN,NaN,NaN,NaN,NaN,NaN,NaN,NaN,NaN,NaN,437.750080508112,0.948532411849915,41.1220692902687,12.2184498966943,10.3493364748113,2.47389183854424,0.0231565521132641,0.0113598256068956,0,1.01007954912363,3459.31297328797,0,15494.831643002,1,1,1,38,2018-11-01T18:11:46.057,20181101_ecoli_ARA_P5_50K,1000,3464,161.975,DIA_100X_EMPTY_1x1_200ms,,,
26,30,11.3829504572046,342,37.0111466241069,1169.99707602339,432.751461988304,NaN,NaN,NaN,NaN,NaN,NaN,NaN,NaN,NaN,NaN,NaN,NaN,NaN,NaN,NaN,315.303846280219,0.993511511070771,28.7909416686398,12.7826554390468,10.5711288210814,3.19240268784571,0.020255442243374,0.01052642365196,0,1.00617953351856,2526.90247884617,1,15044.7631578947,1,1,1,38,2018-11-01T18:11:46.057,20181101_ecoli_ARA_P5_50K,1000,3464,161.975,DIA_100X_EMPTY_1x1_200ms,,,
27,27,11.7142373861407,319,24.7012774582372,1179.66771159875,455.564263322884,NaN,NaN,NaN,NaN,NaN,NaN,NaN,NaN,NaN,NaN,NaN,NaN,NaN,NaN,NaN,314.150830862331,0.978986072665429,29.6379730912087,12.6147047523497,10.2893771132416,2.8033212027616,0.0433361805000297,0.0161082934434878,1,1.01194243044485,2464.43035923804,1,15850.2946708464,1,1,1,38,2018-11-01T18:11:46.057,20181101_ecoli_ARA_P5_50K,1000,3464,161.975,DIA_100X_EMPTY_1x1_200ms,,,
28,48,12.9172796585794,621,49.6049115513519,1210.96779388084,1730.48309178744,NaN,NaN,NaN,NaN,NaN,NaN,NaN,NaN,NaN,NaN,NaN,NaN,NaN,NaN,NaN,538.159166780972,0.959925152116776,48.3622813976335,12.5666590734035,10.9749093627653,2.2531433941752,0.00517487183244093,0.00271446616538464,3,1.00012923695595,4575.07845174185,0,15353.9726247987,1,1,1,38,2018-11-01T18:11:46.057,20181101_ecoli_ARA_P5_50K,1000,3464,161.975,DIA_100X_EMPTY_1x1_200ms,,,
29,38,13.1772138478816,501,49.4606584911278,1230.59481037924,450.201596806387,NaN,NaN,NaN,NaN,NaN,NaN,NaN,NaN,NaN,NaN,NaN,NaN,NaN,NaN,NaN,428.178318227754,0.970073724334278,36.3208663847699,13.8885159816499,11.4292265046504,2.96883456202751,0.013360999553467,0.00736184637425273,1,1.00116672102739,3726.31667683827,0,14805.375249501,1,1,1,38,2018-11-01T18:11:46.057,20181101_ecoli_ARA_P5_50K,1000,3464,161.975,DIA_100X_EMPTY_1x1_200ms,,,
30,32,12.6559458936398,405,48.8681581112344,1294.74320987654,1692.63209876543,NaN,NaN,NaN,NaN,NaN,NaN,NaN,NaN,NaN,NaN,NaN,NaN,NaN,NaN,NaN,347.857950567298,0.990353224469385,30.2226425676232,13.6010932474969,11.2175019276392,3.09994243006616,0.00737117265759498,0.00307565551461683,1,1.00047818525089,2986.85831586444,0,15273.1975308642,1,1,1,38,2018-11-01T18:11:46.057,20181101_ecoli_ARA_P5_50K,1000,3464,161.975,DIA_100X_EMPTY_1x1_200ms,,,
31,35,13.6657741303023,479,49.3477991105058,1301.30897703549,345.597077244259,NaN,NaN,NaN,NaN,NaN,NaN,NaN,NaN,NaN,NaN,NaN,NaN,NaN,NaN,NaN,405.805067608129,0.973654591466132,34.212255504536,13.9181627009908,11.5916583527874,2.89658209963967,0.00688503447755857,0.00355974233346297,1,1.0002854841299,3610.4616228479,0,14715.48434238,1,1,1,38,2018-11-01T18:11:46.057,20181101_ecoli_ARA_P5_50K,1000,3464,161.975,DIA_100X_EMPTY_1x1_200ms,,,
32,54,12.9252008938538,698,49.3810761980615,1373.2893982808,601.828080229226,NaN,NaN,NaN,NaN,NaN,NaN,NaN,NaN,NaN,NaN,NaN,NaN,NaN,NaN,NaN,601.484379204925,0.899309785270002,53.4995023490763,12.9295707936229,11.0322549660461,2.3036046341853,0.0183165371660078,0.00669678684406991,1,1.00747923557229,5114.08808580093,0,15346.1432664756,1,1,1,38,2018-11-01T18:11:46.057,20181101_ecoli_ARA_P5_50K,1000,3464,161.975,DIA_100X_EMPTY_1x1_200ms,,,
33,32,13.5953377711335,435,48.369296633201,1479.6367816092,1809.91954022989,NaN,NaN,NaN,NaN,NaN,NaN,NaN,NaN,NaN,NaN,NaN,NaN,NaN,NaN,NaN,366.669444825342,0.986306837548206,30.4013001096564,13.7562901838838,11.8101935628227,3.06651017159429,0.00730114927279967,0.00360902150718062,0,1.00084863049801,3330.39747802305,0,13855.9747126437,1,1,1,38,2018-11-01T18:11:46.057,20181101_ecoli_ARA_P5_50K,1000,3464,161.975,DIA_100X_EMPTY_1x1_200ms,,,
34,58,12.1893645737758,707,48.735725717152,1508.80198019802,36.7623762376238,NaN,NaN,NaN,NaN,NaN,NaN,NaN,NaN,NaN,NaN,NaN,NaN,NaN,NaN,NaN,613.628845489766,0.895511667928168,57.5787726932418,12.0325858873723,10.4070633915623,2.26766572385978,0.0226075690392787,0.0074432894488648,2,1.00370646656376,4897.88613812454,0,16078.4299858557,1,1,1,38,2018-11-01T18:11:46.057,20181101_ecoli_ARA_P5_50K,1000,3464,161.975,DIA_100X_EMPTY_1x1_200ms,,,
35,38,16.8149698825464,639,47.5615650907069,1514.22222222222,1969.32081377152,NaN,NaN,NaN,NaN,NaN,NaN,NaN,NaN,NaN,NaN,NaN,NaN,NaN,NaN,NaN,518.5814864545,0.986566077402074,34.8505776559118,17.0741796793014,14.3431106638432,4.14821968699241,0.0275897515986453,0.0139983038185838,0,1.011519690914,5631.01339988487,0,13687.8841940532,1,1,1,38,2018-11-01T18:11:46.057,20181101_ecoli_ARA_P5_50K,1000,3464,161.975,DIA_100X_EMPTY_1x1_200ms,,,
36,53,13.1027124812717,696,49.1142214916683,1612.46120689655,1713.36925287356,NaN,NaN,NaN,NaN,NaN,NaN,NaN,NaN,NaN,NaN,NaN,NaN,NaN,NaN,NaN,584.579605573661,0.936464442110532,53.2680031253482,12.4711807652796,10.82187379705,2.14467921144185,0.00796700035128433,0.00362131228275184,2,1.00068602397245,4899.60679000315,0,15267.117816092,1,1,1,38,2018-11-01T18:11:46.057,20181101_ecoli_ARA_P5_50K,1000,3464,161.975,DIA_100X_EMPTY_1x1_200ms,,,
37,44,13.6448255507889,601,49.3178399642451,1637.4159733777,566.702163061564,NaN,NaN,NaN,NaN,NaN,NaN,NaN,NaN,NaN,NaN,NaN,NaN,NaN,NaN,NaN,520.204116989886,0.95449110486683,44.0180522164929,13.9573437356727,11.565582976688,2.74030245523198,0.012035283229432,0.00564136169730963,1,1.00319186971623,4624.40391498028,0,14726.2329450915,1,1,1,38,2018-11-01T18:11:46.057,20181101_ecoli_ARA_P5_50K,1000,3464,161.975,DIA_100X_EMPTY_1x1_200ms,,,
38,32,13.2772496976874,426,46.263160406545,1652.64788732394,908.389671361502,NaN,NaN,NaN,NaN,NaN,NaN,NaN,NaN,NaN,NaN,NaN,NaN,NaN,NaN,NaN,369.166700756431,0.980098267079152,31.763365832858,13.392200683535,11.3500103155073,2.91197817634949,0.00254719488519384,0.00139938756896745,1,1.00013130853214,3213.72647409533,0,14863.8145539906,1,1,1,38,2018-11-01T18:11:46.057,20181101_ecoli_ARA_P5_50K,1000,3464,161.975,DIA_100X_EMPTY_1x1_200ms,,,
39,40,14.4786447422009,580,48.6711337608396,1671.92413793103,454.28275862069,NaN,NaN,NaN,NaN,NaN,NaN,NaN,NaN,NaN,NaN,NaN,NaN,NaN,NaN,NaN,498.667496524704,0.962750640442798,40.0020988123597,14.4942891780351,12.1709453061365,3.01117357573726,0.0134557087513339,0.00608382385866963,1,1.00445295655553,4653.94537216797,0,15021.6913793103,1,1,1,38,2018-11-01T18:11:46.057,20181101_ecoli_ARA_P5_50K,1000,3464,161.975,DIA_100X_EMPTY_1x1_200ms,,,
40,35,12.3938255214774,434,48.7218131207049,1789.44470046083,1916.32488479263,NaN,NaN,NaN,NaN,NaN,NaN,NaN,NaN,NaN,NaN,NaN,NaN,NaN,NaN,NaN,379.35751558276,0.969802854487526,34.669668311259,12.8232766458424,10.6858572214433,2.68017647114915,0.00396393612694257,0.00168047980411014,1,1.00020395772412,3109.26903852508,0,15334.633640553,1,1,1,38,2018-11-01T18:11:46.057,20181101_ecoli_ARA_P5_50K,1000,3464,161.975,DIA_100X_EMPTY_1x1_200ms,,,
41,38,13.4085988597305,510,49.2056234038284,1863.73725490196,1356.35098039216,NaN,NaN,NaN,NaN,NaN,NaN,NaN,NaN,NaN,NaN,NaN,NaN,NaN,NaN,NaN,429.005802367402,0.958196163642302,37.5033820712271,13.0366198154719,11.1396489739495,2.7464917447986,0.00771929558643585,0.00291531110165391,3,1.00040824614401,3655.13420379956,0,14823.8294117647,1,1,1,38,2018-11-01T18:11:46.057,20181101_ecoli_ARA_P5_50K,1000,3464,161.975,DIA_100X_EMPTY_1x1_200ms,,,
42,58,13.5989045276506,789,48.802347585917,1958.36375158428,1377.4588086185,NaN,NaN,NaN,NaN,NaN,NaN,NaN,NaN,NaN,NaN,NaN,NaN,NaN,NaN,NaN,660.05336056268,0.901176182705095,57.7660686618869,12.8387519300058,11.1845427149698,2.4040713544175,0.0105965519912132,0.00564521243905534,2,1.00770885614757,5675.43505631692,0,15032.3358681876,1,1,1,38,2018-11-01T18:11:46.057,20181101_ecoli_ARA_P5_50K,1000,3464,161.975,DIA_100X_EMPTY_1x1_200ms,,,
1,51,13.8283955706316,705,48.5500060023598,98.222695035461,1097.3390070922,NaN,NaN,NaN,NaN,NaN,NaN,NaN,NaN,NaN,NaN,NaN,NaN,NaN,NaN,NaN,590.896746802416,0.917230722404989,50.1081924348238,13.6796796546646,11.6036929678113,2.42867534499835,0.0200888991147973,0.011073953244501,1,1.01127749006458,5298.96530276073,0,15248.4737588652,1,1,1,39,2018-11-01T18:11:48.392,20181101_ecoli_ARA_P5_50K,-0,3464,161.975,DIA_100X_EMPTY_1x1_200ms,,,
2,36,12.6944171772738,457,48.7617431146137,96.5251641137856,1579.99781181619,NaN,NaN,NaN,NaN,NaN,NaN,NaN,NaN,NaN,NaN,NaN,NaN,NaN,NaN,NaN,394.925528734582,0.970720099207144,35.1505970380148,13.1169222621613,10.9749595561447,2.78047878032594,0.00543185819681327,0.00248951665590718,0,1.00043320928922,3325.2817156311,0,15356.3785557987,1,1,1,39,2018-11-01T18:11:48.392,20181101_ecoli_ARA_P5_50K,-0,3464,161.975,DIA_100X_EMPTY_1x1_200ms,,,
3,36,13.6636482219383,492,48.7110514463152,166.762195121951,894.686991869919,NaN,NaN,NaN,NaN,NaN,NaN,NaN,NaN,NaN,NaN,NaN,NaN,NaN,NaN,NaN,419.963593066068,0.975277720811397,35.3899359475246,13.7108573214081,11.6539753741443,2.85676441739273,0.0125942404532131,0.00610971198047474,1,1.00341643332412,3775.00777187424,0,15291.3475609756,1,1,1,39,2018-11-01T18:11:48.392,20181101_ecoli_ARA_P5_50K,-0,3464,161.975,DIA_100X_EMPTY_1x1_200ms,,,
4,35,13.5958010341245,476,49.0864449883333,222.439075630252,299.411764705882,NaN,NaN,NaN,NaN,NaN,NaN,NaN,NaN,NaN,NaN,NaN,NaN,NaN,NaN,NaN,412.117068972876,0.979823278327742,33.9741473282447,14.1365451264452,11.677776302878,3.22394849849509,0.0281297251011521,0.0118833228550998,1,1.01063203102638,3638.80473030881,0,15533.1260504202,1,1,1,39,2018-11-01T18:11:48.392,20181101_ecoli_ARA_P5_50K,-0,3464,161.975,DIA_100X_EMPTY_1x1_200ms,,,
5,33,13.2529938727368,439,47.9509310164606,221.820045558087,845.986332574032,NaN,NaN,NaN,NaN,NaN,NaN,NaN,NaN,NaN,NaN,NaN,NaN,NaN,NaN,NaN,380.777447338305,0.988157470397727,32.5760270452401,13.3443374280775,11.3611508292809,3.10963315417692,0.00203182143897438,0.00100728685394557,2,1.0000086063513,3302.42261208128,0,14616.6879271071,1,1,1,39,2018-11-01T18:11:48.392,20181101_ecoli_ARA_P5_50K,-0,3464,161.975,DIA_100X_EMPTY_1x1_200ms,,,
6,33,13.8707106090059,458,48.7637088352752,429.779475982533,1144.77510917031,NaN,NaN,NaN,NaN,NaN,NaN,NaN,NaN,NaN,NaN,NaN,NaN,NaN,NaN,NaN,398.387185373903,0.982948374934469,31.4737024455163,14.5167991909875,12.2806147322514,3.30288374505873,0.00759254489393592,0.00329803300391506,1,1.0007039478723,3728.01739217436,0,14307.7467248908,1,1,1,39,2018-11-01T18:11:48.392,20181101_ecoli_ARA_P5_50K,-0,3464,161.975,DIA_100X_EMPTY_1x1_200ms,,,
7,39,13.2643078416118,518,49.4410211913359,440.523166023166,1748.21235521236,NaN,NaN,NaN,NaN,NaN,NaN,NaN,NaN,NaN,NaN,NaN,NaN,NaN,NaN,NaN,444.626430772486,0.963627901993138,38.5407768812804,13.0491624086349,11.260287677156,2.69395410508944,0.00913399606091112,0.00370949098783104,1,1.00038569839207,3838.03842123006,0,15031.4189189189,1,1,1,39,2018-11-01T18:11:48.392,20181101_ecoli_ARA_P5_50K,-0,3464,161.975,DIA_100X_EMPTY_1x1_200ms,,,
8,33,14.0274388607884,464,46.3047609263086,563.609913793103,1519.05387931034,NaN,NaN,NaN,NaN,NaN,NaN,NaN,NaN,NaN,NaN,NaN,NaN,NaN,NaN,NaN,400.12446163052,0.978206931494463,32.4184695351419,13.9965320837623,11.8769525591968,3.2689285482337,0.0302055666997258,0.0131411097263107,1,1.00805869573226,3591.63696756103,0,15194.9719827586,1,1,1,39,2018-11-01T18:11:48.392,20181101_ecoli_ARA_P5_50K,-0,3464,161.975,DIA_100X_EMPTY_1x1_200ms,,,
9,40,13.2701891528306,531,49.1175259285438,605.418079096045,1147.39548022599,NaN,NaN,NaN,NaN,NaN,NaN,NaN,NaN,NaN,NaN,NaN,NaN,NaN,NaN,NaN,475.15677603267,0.947928204476174,39.4128111013389,13.5216288786792,11.6543351893599,2.92671380255742,0.0303529058030271,0.0135033946987181,1,1.01421816095641,4204.38330095885,0,15385.8305084746,1,1,1,39,2018-11-01T18:11:48.392,20181101_ecoli_ARA_P5_50K,-0,3464,161.975,DIA_100X_EMPTY_1x1_200ms,,,
10,39,12.6071672194146,492,49.4526431830973,1106.91463414634,341.973577235772,NaN,NaN,NaN,NaN,NaN,NaN,NaN,NaN,NaN,NaN,NaN,NaN,NaN,NaN,NaN,419.21344918917,0.964392270545919,37.6900960860794,13.0190691841346,10.8923160269176,2.63325488213842,0.010465530061719,0.00656375424926906,0,1.00394754916454,3512.0249514112,0,15298.8922764228,1,1,1,39,2018-11-01T18:11:48.392,20181101_ecoli_ARA_P5_50K,-0,3464,161.975,DIA_100X_EMPTY_1x1_200ms,,,
11,47,12.4325994265814,584,49.3742226964011,1431.02226027397,510.380136986301,NaN,NaN,NaN,NaN,NaN,NaN,NaN,NaN,NaN,NaN,NaN,NaN,NaN,NaN,NaN,514.730377199877,0.938876654662496,46.110926352217,12.9824443552088,10.8415311788504,2.58351836750415,0.012176824978392,0.0031282241130922,2,1.00047751112325,4256.71892963255,0,15636.0393835616,1,1,1,39,2018-11-01T18:11:48.392,20181101_ecoli_ARA_P5_50K,-0,3464,161.975,DIA_100X_EMPTY_1x1_200ms,,,
12,40,12.1119165850886,485,48.4440217058733,1483.30927835052,2038.4206185567,NaN,NaN,NaN,NaN,NaN,NaN,NaN,NaN,NaN,NaN,NaN,NaN,NaN,NaN,NaN,NaN,NaN,NaN,NaN,NaN,NaN,NaN,NaN,NaN,NaN,NaN,0,15274.0721649485,1,1,1,39,2018-11-01T18:11:48.392,20181101_ecoli_ARA_P5_50K,-0,3464,161.975,DIA_100X_EMPTY_1x1_200ms,,,
13,46,14.3409779742303,661,47.3995496414652,1887.7019667171,1192.65204236006,NaN,NaN,NaN,NaN,NaN,NaN,NaN,NaN,NaN,NaN,NaN,NaN,NaN,NaN,NaN,553.82709057885,0.948035075946245,45.8196124695652,13.6825945519195,11.7874390372964,2.735003148069,0.0149493434062375,0.0042465537817187,1,1.0009229533286,5000.11752591373,0,15037.8214826021,1,1,1,39,2018-11-01T18:11:48.392,20181101_ecoli_ARA_P5_50K,-0,3464,161.975,DIA_100X_EMPTY_1x1_200ms,,,
14,42,14.119235234466,594,49.5013044868743,1959.67845117845,1375.33164983165,NaN,NaN,NaN,NaN,NaN,NaN,NaN,NaN,NaN,NaN,NaN,NaN,NaN,NaN,NaN,502.165120832041,0.953443206063027,41.2258014897064,14.1457726358247,11.958516818958,2.74452661205953,0.00567179507507821,0.00307240150787028,0,1.00089248774534,4630.34793822632,0,15113.8265993266,1,1,1,39,2018-11-01T18:11:48.392,20181101_ecoli_ARA_P5_50K,-0,3464,161.975,DIA_100X_EMPTY_1x1_200ms,,,
15,37,13.5251791584484,501,48.5623602210588,1979.52694610778,1728.11776447106,NaN,NaN,NaN,NaN,NaN,NaN,NaN,NaN,NaN,NaN,NaN,NaN,NaN,NaN,NaN,415.641448153675,0.968515114046661,36.3601678611252,13.0290497553967,11.2222237213668,2.66318135961726,0.00737066717702966,0.00330602894786604,0,1.00094201895262,3596.44651162298,0,15167.4650698603,1,1,1,39,2018-11-01T18:11:48.392,20181101_ecoli_ARA_P5_50K,-0,3464,161.975,DIA_100X_EMPTY_1x1_200ms,,,
16,32,13.4659113210281,431,48.5811671460163,1998.99071925754,105.512761020882,NaN,NaN,NaN,NaN,NaN,NaN,NaN,NaN,NaN,NaN,NaN,NaN,NaN,NaN,NaN,373.911550258813,0.992260632424978,30.6541434050234,14.1737096842239,11.866815414049,3.27302425335407,0.0046097208549169,0.00242844749209426,1,1.0003838468612,3390.37268355712,0,14956.5336426914,1,1,1,39,2018-11-01T18:11:48.392,20181101_ecoli_ARA_P5_50K,-0,3464,161.975,DIA_100X_EMPTY_1x1_200ms,,,
1,32,12.1000947075943,388,46.597072911255,33.548969072165,264.373711340206,NaN,NaN,NaN,NaN,NaN,NaN,NaN,NaN,NaN,NaN,NaN,NaN,NaN,NaN,NaN,351.737069393192,0.967727651252866,31.8161693314388,12.9152899278313,10.8243409413182,2.79268186817636,0.00689968372324736,0.00289856957335069,2,1.00027053393249,2927.79521634643,1,16099.0592783505,1,1,1,40,2018-11-01T18:11:50.726,20181101_ecoli_ARA_P5_50K,-1000,3464,161.975,DIA_100X_EMPTY_1x1_200ms,,,
2,29,12.8224745919884,372,44.98684171099,48.4005376344086,260.615591397849,NaN,NaN,NaN,NaN,NaN,NaN,NaN,NaN,NaN,NaN,NaN,NaN,NaN,NaN,NaN,338.622100381212,0.982488387179805,28.128278073214,14.8772945860548,11.7461727222426,3.3432861663181,0.0259870671706435,0.0123455419112881,0,1.00763058835029,3048.07601470535,1,16573.1102150538,1,1,1,40,2018-11-01T18:11:50.726,20181101_ecoli_ARA_P5_50K,-1000,3464,161.975,DIA_100X_EMPTY_1x1_200ms,,,
3,33,13.491402600154,446,47.4459916632569,79.9349775784753,402.522421524664,NaN,NaN,NaN,NaN,NaN,NaN,NaN,NaN,NaN,NaN,NaN,NaN,NaN,NaN,NaN,382.833431015791,0.975306963643885,32.4831806783805,13.5092271576343,11.4565643973187,2.94816408950131,0.0114456383104935,0.00558149599573316,2,1.00052746475918,3348.55340976866,0,15509.7242152466,1,1,1,40,2018-11-01T18:11:50.726,20181101_ecoli_ARA_P5_50K,-1000,3464,161.975,DIA_100X_EMPTY_1x1_200ms,,,
4,39,14.0212231695508,547,49.5215351739001,102.497257769653,634.09689213894,NaN,NaN,NaN,NaN,NaN,NaN,NaN,NaN,NaN,NaN,NaN,NaN,NaN,NaN,NaN,475.269161340033,0.969704750609077,37.9169579110485,14.7055198778696,12.1794155220559,3.15712210227846,0.084331808144198,0.00370600852276959,2,1.00037953386905,4417.4969948221,0,15340.7166361974,1,1,1,40,2018-11-01T18:11:50.726,20181101_ecoli_ARA_P5_50K,-1000,3464,161.975,DIA_100X_EMPTY_1x1_200ms,,,
5,53,14.2300805735504,755,47.6420841580292,178.250331125828,180.366887417219,NaN,NaN,NaN,NaN,NaN,NaN,NaN,NaN,NaN,NaN,NaN,NaN,NaN,NaN,NaN,635.249410902948,0.931938775305677,52.7287735097105,14.2708582809046,11.761407705637,2.81056483611811,0.0112909374086055,0.00179908919185483,2,1.00036042110851,5728.70106919255,0,15870.5761589404,1,1,1,40,2018-11-01T18:11:50.726,20181101_ecoli_ARA_P5_50K,-1000,3464,161.975,DIA_100X_EMPTY_1x1_200ms,,,
6,28,13.7506195906973,386,41.7492674810104,181.080310880829,1256.9170984456,NaN,NaN,NaN,NaN,NaN,NaN,NaN,NaN,NaN,NaN,NaN,NaN,NaN,NaN,NaN,344.983327019773,0.999048581235855,27.5543041298181,14.8123096797801,12.1170883740285,3.67117789047812,0.0113203787990449,0.00662401085580441,0,1.0021612175927,3177.4291808245,0,14329.3082901554,1,1,1,40,2018-11-01T18:11:50.726,20181101_ecoli_ARA_P5_50K,-1000,3464,161.975,DIA_100X_EMPTY_1x1_200ms,,,
7,38,14.7326676848672,561,49.1886232362312,185.254901960784,667.602495543672,NaN,NaN,NaN,NaN,NaN,NaN,NaN,NaN,NaN,NaN,NaN,NaN,NaN,NaN,NaN,475.407582421818,0.97678135489115,37.7161390977187,14.6627283384677,12.3693517135522,3.06823904239492,0.0123768620490699,0.00483777989285522,1,1.00045099551663,4532.22004460382,0,15038.486631016,1,1,1,40,2018-11-01T18:11:50.726,20181101_ecoli_ARA_P5_50K,-1000,3464,161.975,DIA_100X_EMPTY_1x1_200ms,,,
8,60,13.9483012900978,837,47.7599982912535,296.641577060932,1143.05017921147,NaN,NaN,NaN,NaN,NaN,NaN,NaN,NaN,NaN,NaN,NaN,NaN,NaN,NaN,NaN,708.131391167108,0.914850652113775,59.2872562669401,13.985654615044,11.8079186205397,2.26507650021284,0.0149430557570321,0.00451823407769801,2,1.0008498800621,6492.29038157156,0,15828.0227001195,1,1,1,40,2018-11-01T18:11:50.726,20181101_ecoli_ARA_P5_50K,-1000,3464,161.975,DIA_100X_EMPTY_1x1_200ms,,,
9,30,13.7517936471727,413,45.4784927055129,296.569007263923,1305.85472154964,NaN,NaN,NaN,NaN,NaN,NaN,NaN,NaN,NaN,NaN,NaN,NaN,NaN,NaN,NaN,365.266922551527,0.995362961040565,30.0324340028689,14.4983522981578,11.7755289485018,3.49720752714622,0.00471599226671104,0.00193787685042566,0,1.00022806383484,3270.70414717311,0,15121.4309927361,1,1,1,40,2018-11-01T18:11:50.726,20181101_ecoli_ARA_P5_50K,-1000,3464,161.975,DIA_100X_EMPTY_1x1_200ms,,,
10,42,13.9789895721512,588,47.9514665245688,503.527210884354,937.753401360544,NaN,NaN,NaN,NaN,NaN,NaN,NaN,NaN,NaN,NaN,NaN,NaN,NaN,NaN,NaN,505.988688134245,0.935029603936514,42.8253728570121,13.8524080048345,11.5226486122512,2.74397983394154,0.020604276178764,0.00837211502200461,3,1.00489890281007,4465.76299221865,0,15422.8826530612,1,1,1,40,2018-11-01T18:11:50.726,20181101_ecoli_ARA_P5_50K,-1000,3464,161.975,DIA_100X_EMPTY_1x1_200ms,,,
11,32,12.8256351748892,411,48.6252956926433,525.255474452555,526.642335766423,NaN,NaN,NaN,NaN,NaN,NaN,NaN,NaN,NaN,NaN,NaN,NaN,NaN,NaN,NaN,362.744037388828,0.977515617785141,31.7900084599028,13.4956713491568,11.1664564813265,2.96623540709548,0.0153708770873979,0.00826556070120863,0,1.00436516285983,3113.23052669855,0,15098.1532846715,1,1,1,40,2018-11-01T18:11:50.726,20181101_ecoli_ARA_P5_50K,-1000,3464,161.975,DIA_100X_EMPTY_1x1_200ms,,,
12,52,12.9491098025146,673,49.1474606655157,541.867756315007,1737.45468053492,NaN,NaN,NaN,NaN,NaN,NaN,NaN,NaN,NaN,NaN,NaN,NaN,NaN,NaN,NaN,579.411015495826,0.923228667851061,51.7543174984458,13.0352949265085,10.9663115961455,2.31992984697575,0.0273785540276484,0.0122695837868877,2,1.00950033410038,4888.29751776518,0,15437.3120356612,1,1,1,40,2018-11-01T18:11:50.726,20181101_ecoli_ARA_P5_50K,-1000,3464,161.975,DIA_100X_EMPTY_1x1_200ms,,,
13,32,13.3410008442084,427,48.5499645059295,608.138173302108,626.196721311475,NaN,NaN,NaN,NaN,NaN,NaN,NaN,NaN,NaN,NaN,NaN,NaN,NaN,NaN,NaN,368.208584169284,0.982168846329874,30.7861138846629,13.6911404676935,11.6890819428844,2.98450238030061,0.00906009462679185,0.00478816571042069,1,1.00040429190532,3303.73769996996,0,14929.2693208431,1,1,1,40,2018-11-01T18:11:50.726,20181101_ecoli_ARA_P5_50K,-1000,3464,161.975,DIA_100X_EMPTY_1x1_200ms,,,
14,50,13.4120103076107,671,49.3830788072212,714.28912071535,875.146050670641,NaN,NaN,NaN,NaN,NaN,NaN,NaN,NaN,NaN,NaN,NaN,NaN,NaN,NaN,NaN,586.623409503379,0.948170964722472,49.6980547074358,13.5633942413643,11.6151889366071,2.41586047967204,0.00922733919072879,0.00425472629550114,1,1.00279060274803,5266.01180482017,0,15054.9627421759,1,1,1,40,2018-11-01T18:11:50.726,20181101_ecoli_ARA_P5_50K,-1000,3464,161.975,DIA_100X_EMPTY_1x1_200ms,,,
15,32,13.4575833388743,439,34.2272005878397,720.127562642369,1708.98177676538,NaN,NaN,NaN,NaN,NaN,NaN,NaN,NaN,NaN,NaN,NaN,NaN,NaN,NaN,NaN,393.08106516716,0.980648680639563,34.128331669314,13.0081393981772,11.2228373589664,2.81761080030518,0.00112665374305564,0.000367862829194724,3,1.0000069848207,3376.06094891163,1,16083.8656036446,1,1,1,40,2018-11-01T18:11:50.726,20181101_ecoli_ARA_P5_50K,-1000,3464,161.975,DIA_100X_EMPTY_1x1_200ms,,,
16,30,13.7017130664026,412,26.7251538831388,720.592233009709,1740.5,NaN,NaN,NaN,NaN,NaN,NaN,NaN,NaN,NaN,NaN,NaN,NaN,NaN,NaN,NaN,363.446096888778,0.982962876667166,31.7464426440582,13.5401598646603,11.0114749000775,3.17676635962628,0.0392663965343208,0.00430542329626152,1,1.0009426518182,3023.26304242224,1,15860.5752427184,1,1,1,40,2018-11-01T18:11:50.726,20181101_ecoli_ARA_P5_50K,-1000,3464,161.975,DIA_100X_EMPTY_1x1_200ms,,,
17,39,14.0648684001286,550,49.2980961708572,877.069090909091,662.103636363636,NaN,NaN,NaN,NaN,NaN,NaN,NaN,NaN,NaN,NaN,NaN,NaN,NaN,NaN,NaN,480.562604708629,0.965824967124073,38.4273049391532,14.2676441514479,12.1985852400264,3.01824503191804,0.0194771067200518,0.00955412336912439,0,1.00765388739034,4491.05877336825,0,14720.2618181818,1,1,1,40,2018-11-01T18:11:50.726,20181101_ecoli_ARA_P5_50K,-1000,3464,161.975,DIA_100X_EMPTY_1x1_200ms,,,
18,45,14.6550612295792,666,48.9981947375446,910.232732732733,472.53003003003,NaN,NaN,NaN,NaN,NaN,NaN,NaN,NaN,NaN,NaN,NaN,NaN,NaN,NaN,NaN,559.999577605175,0.959611232196455,45.003356899292,14.3586307449849,12.1829183638318,2.85893709293734,0.00830242185739165,0.00501974293130415,1,1.00170300771272,5246.11080770472,0,14992.5225225225,1,1,1,40,2018-11-01T18:11:50.726,20181101_ecoli_ARA_P5_50K,-1000,3464,161.975,DIA_100X_EMPTY_1x1_200ms,,,
19,35,13.5117105564778,475,47.6481844110485,971.010526315789,455.115789473684,NaN,NaN,NaN,NaN,NaN,NaN,NaN,NaN,NaN,NaN,NaN,NaN,NaN,NaN,NaN,400.834231365851,0.974593855029383,34.4622607749497,13.2995295998119,11.2945155344493,2.99874443133711,0.00669804140350194,0.00337506152874158,1,1.00079176858467,3452.77962271975,0,15267.1073684211,1,1,1,40,2018-11-01T18:11:50.726,20181101_ecoli_ARA_P5_50K,-1000,3464,161.975,DIA_100X_EMPTY_1x1_200ms,,,
20,34,13.2320669266724,452,48.2378577593724,995.393805309734,995.128318584071,NaN,NaN,NaN,NaN,NaN,NaN,NaN,NaN,NaN,NaN,NaN,NaN,NaN,NaN,NaN,400.897610965497,0.979561133660766,33.6798822231999,13.7539914093771,11.62464888296,3.03011693728112,0.00915217605836205,0.00393209256588752,2,1.00127707392958,3574.53977281284,0,14876.9933628319,1,1,1,40,2018-11-01T18:11:50.726,20181101_ecoli_ARA_P5_50K,-1000,3464,161.975,DIA_100X_EMPTY_1x1_200ms,,,
21,30,13.91591763915,418,45.0216770793055,990.803827751196,387.464114832536,NaN,NaN,NaN,NaN,NaN,NaN,NaN,NaN,NaN,NaN,NaN,NaN,NaN,NaN,NaN,358.844413015648,0.989697902583372,29.0046133882305,14.053037664459,11.9493175532632,3.44411626773247,0.00477491008806467,0.00220982537060798,1,1.00009342561913,3252.69369375642,0,15141.6435406699,1,1,1,40,2018-11-01T18:11:50.726,20181101_ecoli_ARA_P5_50K,-1000,3464,161.975,DIA_100X_EMPTY_1x1_200ms,,,
22,46,12.970828589758,597,48.9827486078375,1031.59296482412,1680.14740368509,NaN,NaN,NaN,NaN,NaN,NaN,NaN,NaN,NaN,NaN,NaN,NaN,NaN,NaN,NaN,516.460404463858,0.932367972030821,45.8922143427796,13.0907535797489,11.0098663372562,2.46659370501935,0.0166685775564904,0.00842821502549265,1,1.00542550220443,4369.11008871014,0,15569.3752093802,1,1,1,40,2018-11-01T18:11:50.726,20181101_ecoli_ARA_P5_50K,-1000,3464,161.975,DIA_100X_EMPTY_1x1_200ms,,,
23,54,13.7562650522386,743,48.75919245408,1034.99865410498,601.690444145357,NaN,NaN,NaN,NaN,NaN,NaN,NaN,NaN,NaN,NaN,NaN,NaN,NaN,NaN,NaN,644.96049885942,0.936219908247388,53.7864696981598,13.7744122241918,11.8370440126378,2.31019057835246,0.0145584805589295,0.00557095221263822,2,1.00286933312522,5919.01507783599,0,15125.1063257066,1,1,1,40,2018-11-01T18:11:50.726,20181101_ecoli_ARA_P5_50K,-1000,3464,161.975,DIA_100X_EMPTY_1x1_200ms,,,
24,43,13.186109529683,567,49.5252002862125,1032.74603174603,1956.7442680776,NaN,NaN,NaN,NaN,NaN,NaN,NaN,NaN,NaN,NaN,NaN,NaN,NaN,NaN,NaN,472.871720802118,0.945064066253866,41.9388978096546,12.988660240549,11.004009261984,2.61057407223367,0.00883269092124438,0.00438908552583755,1,1.00186456872988,3988.49258077989,0,15169.2839506173,1,1,1,40,2018-11-01T18:11:50.726,20181101_ecoli_ARA_P5_50K,-1000,3464,161.975,DIA_100X_EMPTY_1x1_200ms,,,
25,34,14.020253317346,478,47.4543572466585,1137.32426778243,872.479079497908,NaN,NaN,NaN,NaN,NaN,NaN,NaN,NaN,NaN,NaN,NaN,NaN,NaN,NaN,NaN,414.074219703984,0.979149621745292,33.9333448755035,14.2581394886709,11.8160307873901,3.30237642730199,0.0685486426799971,0.0031038338830557,2,1.00011346912389,3721.00094349989,0,14678.0564853556,1,1,1,40,2018-11-01T18:11:50.726,20181101_ecoli_ARA_P5_50K,-1000,3464,161.975,DIA_100X_EMPTY_1x1_200ms,,,
26,41,14.0831640868659,578,48.6962562062492,1140.41003460208,741.801038062284,NaN,NaN,NaN,NaN,NaN,NaN,NaN,NaN,NaN,NaN,NaN,NaN,NaN,NaN,NaN,493.89334424961,0.969111300706195,40.6380633508056,14.2682712587226,11.9069948054591,2.80499430241185,0.00498274298727995,0.00216538396171557,2,1.00005949450816,4525.08990983653,0,14963.0034602076,1,1,1,40,2018-11-01T18:11:50.726,20181101_ecoli_ARA_P5_50K,-1000,3464,161.975,DIA_100X_EMPTY_1x1_200ms,,,
27,48,13.2168481377263,635,49.6519842791954,1166.2,943.072440944882,NaN,NaN,NaN,NaN,NaN,NaN,NaN,NaN,NaN,NaN,NaN,NaN,NaN,NaN,NaN,558.646018569225,0.936619418796286,47.3801014316655,13.7166130420793,11.4554194551617,2.70325518081424,0.026281936073131,0.0119749757075851,1,1.00856802707773,4883.23764173757,0,15229.8881889764,1,1,1,40,2018-11-01T18:11:50.726,20181101_ecoli_ARA_P5_50K,-1000,3464,161.975,DIA_100X_EMPTY_1x1_200ms,,,
28,41,12.7599559492413,524,49.1949952412156,1169.12213740458,1170.0572519084,NaN,NaN,NaN,NaN,NaN,NaN,NaN,NaN,NaN,NaN,NaN,NaN,NaN,NaN,NaN,459.805339318928,0.935890555557828,41.2126569706072,12.9303098298348,10.9444054006829,2.4591129099289,0.0161427698005667,0.0061432722700134,2,1.00501119653942,3877.08068520336,0,15229.8244274809,1,1,1,40,2018-11-01T18:11:50.726,20181101_ecoli_ARA_P5_50K,-1000,3464,161.975,DIA_100X_EMPTY_1x1_200ms,,,
29,55,14.2969346650937,787,48.9562124589033,1194.67471410419,273.4625158831,NaN,NaN,NaN,NaN,NaN,NaN,NaN,NaN,NaN,NaN,NaN,NaN,NaN,NaN,NaN,667.049333578543,0.930836303489485,55.0096433156633,13.5815608545441,11.9100157784725,2.50330189338161,0.0149385091839349,0.00481889799965382,1,1.00336508041015,6128.48862045241,0,15522.8907242694,1,1,1,40,2018-11-01T18:11:50.726,20181101_ecoli_ARA_P5_50K,-1000,3464,161.975,DIA_100X_EMPTY_1x1_200ms,,,
30,47,15.2934322692958,720,48.4362785549665,1222.58194444444,437.794444444444,NaN,NaN,NaN,NaN,NaN,NaN,NaN,NaN,NaN,NaN,NaN,NaN,NaN,NaN,NaN,593.728305803473,0.964071450676145,46.4957977589447,14.8957899042273,12.5442492823799,2.75391284518899,0.0280276883416619,0.0104161533414864,1,1.00624381030244,5746.36140616799,0,15112.3763888889,1,1,1,40,2018-11-01T18:11:50.726,20181101_ecoli_ARA_P5_50K,-1000,3464,161.975,DIA_100X_EMPTY_1x1_200ms,,,
31,28,12.9040950361913,362,43.878273898243,1244.41436464088,745.002762430939,NaN,NaN,NaN,NaN,NaN,NaN,NaN,NaN,NaN,NaN,NaN,NaN,NaN,NaN,NaN,323.715538993184,0.993556495125272,27.3864954245556,13.7071167104297,11.5478885439336,3.22326323074898,0.00879875830149029,0.0050074881390485,0,1.00120288036554,2868.34580872819,0,14763.4723756906,1,1,1,40,2018-11-01T18:11:50.726,20181101_ecoli_ARA_P5_50K,-1000,3464,161.975,DIA_100X_EMPTY_1x1_200ms,,,
32,38,12.2519186937935,467,48.8155405612276,1257.28265524625,845.032119914347,NaN,NaN,NaN,NaN,NaN,NaN,NaN,NaN,NaN,NaN,NaN,NaN,NaN,NaN,NaN,427.324191281776,0.968019701049495,39.1342052066262,12.7975905937751,10.6827843981874,2.57731171328925,0.00999404578960365,0.00646236602419479,0,1.00404555724168,3507.64252234898,1,16501.8907922912,1,1,1,40,2018-11-01T18:11:50.726,20181101_ecoli_ARA_P5_50K,-1000,3464,161.975,DIA_100X_EMPTY_1x1_200ms,,,
33,36,12.3244968133833,444,49.3738423083758,1250.33558558559,867.993243243243,NaN,NaN,NaN,NaN,NaN,NaN,NaN,NaN,NaN,NaN,NaN,NaN,NaN,NaN,NaN,404.896755041494,0.974700452159929,36.496189776935,12.6882985523745,10.8135827498157,2.73759737546904,0.0122578024532763,0.00382130184151043,2,1.00065061342444,3351.78863123871,1,15802.7545045045,1,1,1,40,2018-11-01T18:11:50.726,20181101_ecoli_ARA_P5_50K,-1000,3464,161.975,DIA_100X_EMPTY_1x1_200ms,,,
34,41,13.84033884118,568,49.2365324493267,1306.76232394366,1722.49647887324,NaN,NaN,NaN,NaN,NaN,NaN,NaN,NaN,NaN,NaN,NaN,NaN,NaN,NaN,NaN,487.238109659617,0.948240219082041,40.6129339338277,13.6097492827184,11.6679101196776,2.76051299359333,0.0344353499277055,0.0123103207015773,1,1.00726089172195,4342.50568844042,0,15809.8080985915,1,1,1,40,2018-11-01T18:11:50.726,20181101_ecoli_ARA_P5_50K,-1000,3464,161.975,DIA_100X_EMPTY_1x1_200ms,,,
35,41,13.627315952564,559,48.6495587624849,1310.25402504472,484.003577817531,NaN,NaN,NaN,NaN,NaN,NaN,NaN,NaN,NaN,NaN,NaN,NaN,NaN,NaN,NaN,480.655610427785,0.952799476991258,41.0404883540583,13.3749566179872,11.4990500450083,2.52889859715454,0.0225934052763678,0.0141341865063217,0,1.01633192916339,4262.12644126027,0,16159.3506261181,1,1,1,40,2018-11-01T18:11:50.726,20181101_ecoli_ARA_P5_50K,-1000,3464,161.975,DIA_100X_EMPTY_1x1_200ms,,,
36,36,13.3026268993581,479,49.0659742312834,1425.75782881002,1166.15657620042,NaN,NaN,NaN,NaN,NaN,NaN,NaN,NaN,NaN,NaN,NaN,NaN,NaN,NaN,NaN,411.464475356761,0.972531225915729,35.4766857020203,13.3532740428062,11.2702166550195,2.91982971514995,0.00640961287554749,0.00317224488057376,1,1.00052226456885,3539.1376278676,0,14844.2400835073,1,1,1,40,2018-11-01T18:11:50.726,20181101_ecoli_ARA_P5_50K,-1000,3464,161.975,DIA_100X_EMPTY_1x1_200ms,,,
37,50,12.488583334322,639,48.7496877949723,1449.03599374022,433.749608763693,NaN,NaN,NaN,NaN,NaN,NaN,NaN,NaN,NaN,NaN,NaN,NaN,NaN,NaN,NaN,622.594873207671,0.895968570858723,52.0574156854413,14.4956474568549,11.728633897237,2.52970225609796,0.0346052287045813,0.0127444929446389,2,1.00710520182987,5624.28534461008,2,17243.3255086072,1,1,1,40,2018-11-01T18:11:50.726,20181101_ecoli_ARA_P5_50K,-1000,3464,161.975,DIA_100X_EMPTY_1x1_200ms,,,
38,50,13.3511430962743,669,48.67942692913,1433.31240657698,1949.52615844544,NaN,NaN,NaN,NaN,NaN,NaN,NaN,NaN,NaN,NaN,NaN,NaN,NaN,NaN,NaN,560.81791766888,0.932608667269105,50.7792522975913,12.5773930376132,10.8868220921613,2.18436746262065,0.00957204154502633,0.00503227982442745,1,1.00145155588958,4726.92198939193,0,15957.4035874439,1,1,1,40,2018-11-01T18:11:50.726,20181101_ecoli_ARA_P5_50K,-1000,3464,161.975,DIA_100X_EMPTY_1x1_200ms,,,
39,34,11.699872412691,398,46.5472278620262,1449.18592964824,456.44472361809,NaN,NaN,NaN,NaN,NaN,NaN,NaN,NaN,NaN,NaN,NaN,NaN,NaN,NaN,NaN,408.21912269871,0.963028579270441,35.5994569606372,13.3578522604237,11.0836406107254,3.05382838213381,0.0180465877214853,0.0092820569107189,1,1.00181978750785,3434.77367032884,2,17905.0477386935,1,1,1,40,2018-11-01T18:11:50.726,20181101_ecoli_ARA_P5_50K,-1000,3464,161.975,DIA_100X_EMPTY_1x1_200ms,,,
40,30,13.1145647354465,394,45.0209694297335,1464.15228426396,456.03807106599,NaN,NaN,NaN,NaN,NaN,NaN,NaN,NaN,NaN,NaN,NaN,NaN,NaN,NaN,NaN,398.784614807454,0.987251345567354,30.7096840951027,15.2306566351968,12.6758003224461,3.47069628830321,0.00660039885321669,0.00247649529694686,2,1.00020171251755,3875.39530588671,2,17419.3959390863,1,1,1,40,2018-11-01T18:11:50.726,20181101_ecoli_ARA_P5_50K,-1000,3464,161.975,DIA_100X_EMPTY_1x1_200ms,,,
41,47,13.3475730725322,628,49.4790358441509,1526.94904458599,1599.75636942675,NaN,NaN,NaN,NaN,NaN,NaN,NaN,NaN,NaN,NaN,NaN,NaN,NaN,NaN,NaN,542.340138815149,0.951701457759069,46.7910324277938,13.1051749985236,11.4114684165217,2.35758689099135,0.00571110940358254,0.00306133153469392,2,1.00015715673224,4785.5909502714,0,15172.6369426752,1,1,1,40,2018-11-01T18:11:50.726,20181101_ecoli_ARA_P5_50K,-1000,3464,161.975,DIA_100X_EMPTY_1x1_200ms,,,
42,39,14.2381585211552,556,48.9511046185577,1603.87050359712,1460.79676258993,NaN,NaN,NaN,NaN,NaN,NaN,NaN,NaN,NaN,NaN,NaN,NaN,NaN,NaN,NaN,464.374990482892,0.96582212650434,38.1310292490026,14.0003482643256,11.9174761412088,2.8308825412975,0.0123310443767944,0.00595507520532748,2,1.00152553061704,4253.40749236109,0,15176.7230215827,1,1,1,40,2018-11-01T18:11:50.726,20181101_ecoli_ARA_P5_50K,-1000,3464,161.975,DIA_100X_EMPTY_1x1_200ms,,,
43,42,13.3674224133261,562,49.1725412648636,1694.5,1613.98398576512,NaN,NaN,NaN,NaN,NaN,NaN,NaN,NaN,NaN,NaN,NaN,NaN,NaN,NaN,NaN,480.793001995237,0.943136574490448,41.9737985341594,13.0785932095517,11.1791528143684,2.63635671059715,0.0127795384737459,0.00722608494469459,0,1.00580592406089,4119.89303590445,0,15303.0231316726,1,1,1,40,2018-11-01T18:11:50.726,20181101_ecoli_ARA_P5_50K,-1000,3464,161.975,DIA_100X_EMPTY_1x1_200ms,,,
44,47,13.8936844536273,656,49.0229621249388,1842.96493902439,1234.95579268293,NaN,NaN,NaN,NaN,NaN,NaN,NaN,NaN,NaN,NaN,NaN,NaN,NaN,NaN,NaN,543.055288409052,0.941207338977728,46.8794174346418,13.4709101457262,11.4249394619182,2.42611308177394,0.0117049898316255,0.00482009589032326,1,1.0015782543184,4805.95724094682,0,15394.6204268293,1,1,1,40,2018-11-01T18:11:50.726,20181101_ecoli_ARA_P5_50K,-1000,3464,161.975,DIA_100X_EMPTY_1x1_200ms,,,
45,46,13.2175063844428,608,49.6264111500687,1851.58059210526,696.230263157895,NaN,NaN,NaN,NaN,NaN,NaN,NaN,NaN,NaN,NaN,NaN,NaN,NaN,NaN,NaN,519.819453936281,0.948886693185871,45.061149818303,13.3711250268675,11.2948541856824,2.57709304750421,0.00905658905423437,0.00332881945483097,2,1.00162801809395,4514.95481165213,0,15215.5460526316,1,1,1,40,2018-11-01T18:11:50.726,20181101_ecoli_ARA_P5_50K,-1000,3464,161.975,DIA_100X_EMPTY_1x1_200ms,,,
46,37,14.50149555937,537,48.8662204271693,1888.01675977654,900.378026070764,NaN,NaN,NaN,NaN,NaN,NaN,NaN,NaN,NaN,NaN,NaN,NaN,NaN,NaN,NaN,454.599955074344,0.979044841284855,35.7766675930272,14.837459524637,12.2881829937328,3.34745484712959,0.0209237538729653,0.00237332695222651,2,1.0003499315436,4242.92258280287,0,15050.3240223464,1,1,1,40,2018-11-01T18:11:50.726,20181101_ecoli_ARA_P5_50K,-1000,3464,161.975,DIA_100X_EMPTY_1x1_200ms,,,
47,42,13.5347725274701,569,49.4103831744928,1955.8769771529,1411.79086115993,NaN,NaN,NaN,NaN,NaN,NaN,NaN,NaN,NaN,NaN,NaN,NaN,NaN,NaN,NaN,485.102164814745,0.954704772450209,41.4285596161311,13.650595862078,11.4471272741774,2.65307001378264,0.0110393803033711,0.00474683505191914,2,1.00141091565733,4263.66170149438,0,15034.144112478,1,1,1,40,2018-11-01T18:11:50.726,20181101_ecoli_ARA_P5_50K,-1000,3464,161.975,DIA_100X_EMPTY_1x1_200ms,,,
1,28,9.8365447680424,276,-42.150427878025,8.67028985507246,1670.97463768116,NaN,NaN,NaN,NaN,NaN,NaN,NaN,NaN,NaN,NaN,NaN,NaN,NaN,NaN,NaN,NaN,NaN,NaN,NaN,NaN,NaN,NaN,NaN,NaN,NaN,NaN,0,15570.7608695652,1,1,1,41,2018-11-01T18:11:53.046,20181101_ecoli_ARA_P5_50K,-2000,3464,161.975,DIA_100X_EMPTY_1x1_200ms,,,
2,30,12.7523342651445,383,47.639331985101,530.963446475196,560.133159268929,NaN,NaN,NaN,NaN,NaN,NaN,NaN,NaN,NaN,NaN,NaN,NaN,NaN,NaN,NaN,336.433484917817,0.988110753215638,29.2560911783552,13.3418445057892,11.0446325001083,3.26648945918644,0.0337673144152032,0.00756658870855734,1,1.00282030886719,2802.90721574574,0,15632.955613577,1,1,1,41,2018-11-01T18:11:53.046,20181101_ecoli_ARA_P5_50K,-2000,3464,161.975,DIA_100X_EMPTY_1x1_200ms,,,
3,62,12.6044360485486,781,45.5284391780114,548.225352112676,1486.66325224072,NaN,NaN,NaN,NaN,NaN,NaN,NaN,NaN,NaN,NaN,NaN,NaN,NaN,NaN,NaN,680.230548529083,0.887346604856615,61.4282820981043,12.8185088964827,10.9586174979481,2.20660267571801,0.0121437413554325,0.00441611240694068,2,1.00155398715615,5793.88389937554,0,16286.0153649168,1,1,1,41,2018-11-01T18:11:53.046,20181101_ecoli_ARA_P5_50K,-2000,3464,161.975,DIA_100X_EMPTY_1x1_200ms,,,
4,38,12.7842172576527,487,49.2044503931533,560.275154004107,1937.49486652977,NaN,NaN,NaN,NaN,NaN,NaN,NaN,NaN,NaN,NaN,NaN,NaN,NaN,NaN,NaN,417.400525177021,0.982004684231216,38.0172256291546,12.5685126028402,10.6972020640853,2.84681367998443,0.00674933175946643,0.00238147507538481,2,1.00067637999696,3416.73031206227,1,16062.4435318275,1,1,1,41,2018-11-01T18:11:53.046,20181101_ecoli_ARA_P5_50K,-2000,3464,161.975,DIA_100X_EMPTY_1x1_200ms,,,
5,36,13.8703709174311,500,47.8989818507165,570.522,1901.39,NaN,NaN,NaN,NaN,NaN,NaN,NaN,NaN,NaN,NaN,NaN,NaN,NaN,NaN,NaN,426.986772001069,0.970607609064958,36.1436547395939,13.5968484059231,11.546661308035,2.88886878133811,0.012082800191816,0.00708159316424232,0,1.00415786852321,3784.72910991319,1,15630.518,1,1,1,41,2018-11-01T18:11:53.046,20181101_ecoli_ARA_P5_50K,-2000,3464,161.975,DIA_100X_EMPTY_1x1_200ms,,,
6,40,13.4661241647705,540,49.0818717067227,744.264814814815,1837.25925925926,NaN,NaN,NaN,NaN,NaN,NaN,NaN,NaN,NaN,NaN,NaN,NaN,NaN,NaN,NaN,451.574756415177,0.947867639751118,40.1880410368757,13.1762672921298,11.0106279855415,2.56211386185379,0.00380197379221541,0.00170508840126272,2,1.0001487104801,3826.58088121056,0,15556.0444444444,1,1,1,41,2018-11-01T18:11:53.046,20181101_ecoli_ARA_P5_50K,-2000,3464,161.975,DIA_100X_EMPTY_1x1_200ms,,,
7,57,13.5325979660375,772,45.0479246048117,759.514248704663,491.819948186529,NaN,NaN,NaN,NaN,NaN,NaN,NaN,NaN,NaN,NaN,NaN,NaN,NaN,NaN,NaN,654.364800544879,0.887772847372698,57.1327657044369,13.6284265460523,11.2798648853471,2.27481152093561,0.0204515933575892,0.00675314798066323,2,1.00895233327239,5709.30079542369,0,15959.1386010363,1,1,1,41,2018-11-01T18:11:53.046,20181101_ecoli_ARA_P5_50K,-2000,3464,161.975,DIA_100X_EMPTY_1x1_200ms,,,
8,36,12.519570238287,452,48.6805610801601,812.685840707965,1550.09734513274,NaN,NaN,NaN,NaN,NaN,NaN,NaN,NaN,NaN,NaN,NaN,NaN,NaN,NaN,NaN,406.172269614087,0.973908334868597,36.7614144125887,12.6852360195667,10.8303340144708,2.62663009907174,0.0103448852166952,0.00579422227052476,0,1.00294607905508,3386.61475022298,1,15720.9159292035,1,1,1,41,2018-11-01T18:11:53.046,20181101_ecoli_ARA_P5_50K,-2000,3464,161.975,DIA_100X_EMPTY_1x1_200ms,,,
9,37,12.632841441411,468,48.9864747856482,828.948717948718,1529.61538461538,NaN,NaN,NaN,NaN,NaN,NaN,NaN,NaN,NaN,NaN,NaN,NaN,NaN,NaN,NaN,427.076153020863,0.944551051893599,37.5077984784056,13.0820649983477,10.9774210266636,2.91655011430494,0.0155223855045072,0.00803305050923722,1,1.00144965187294,3549.86713193927,1,15527.438034188,1,1,1,41,2018-11-01T18:11:53.046,20181101_ecoli_ARA_P5_50K,-2000,3464,161.975,DIA_100X_EMPTY_1x1_200ms,,,
10,49,12.5842084936633,617,49.4294985680852,1078.59967585089,1626.13128038898,NaN,NaN,NaN,NaN,NaN,NaN,NaN,NaN,NaN,NaN,NaN,NaN,NaN,NaN,NaN,546.056290089611,0.91062648158416,49.2212947652695,13.0889487786022,10.923188281584,2.25161606532834,0.0123419398144152,0.00682641654198997,1,1.00732451030835,4612.5570866499,0,15833.2722852512,1,1,1,41,2018-11-01T18:11:53.046,20181101_ecoli_ARA_P5_50K,-2000,3464,161.975,DIA_100X_EMPTY_1x1_200ms,,,
11,50,13.9353591453846,698,48.9315379420407,1112.46131805158,1042.09312320917,NaN,NaN,NaN,NaN,NaN,NaN,NaN,NaN,NaN,NaN,NaN,NaN,NaN,NaN,NaN,607.834196474826,0.931443909402286,50.5560574412257,13.6619129230407,11.6982495783922,2.68156869184966,0.0458211971827006,0.00631691195030049,1,1.00328513054686,5433.81496225193,0,15738.5071633238,1,1,1,41,2018-11-01T18:11:53.046,20181101_ecoli_ARA_P5_50K,-2000,3464,161.975,DIA_100X_EMPTY_1x1_200ms,,,
12,37,14.8173431674782,549,48.4015595088879,1130.14754098361,534.874316939891,NaN,NaN,NaN,NaN,NaN,NaN,NaN,NaN,NaN,NaN,NaN,NaN,NaN,NaN,NaN,476.265236099968,0.986520531067744,36.5255804373492,15.55389115679,12.7073598912139,3.46957535475735,0.00901102636151558,0.00459436964850639,1,1.00103582581114,4632.31055682258,0,14974.1038251366,1,1,1,41,2018-11-01T18:11:53.046,20181101_ecoli_ARA_P5_50K,-2000,3464,161.975,DIA_100X_EMPTY_1x1_200ms,,,
13,45,13.1828371691482,594,49.3207084961962,1355.37205387205,1055.51515151515,NaN,NaN,NaN,NaN,NaN,NaN,NaN,NaN,NaN,NaN,NaN,NaN,NaN,NaN,NaN,519.932148088919,0.942714894663241,44.8456624358725,13.3856411120686,11.3147820661634,2.6604246869196,0.00730594188087075,0.00342186826794585,1,1.00102800744418,4509.23336491769,0,15634.9797979798,1,1,1,41,2018-11-01T18:11:53.046,20181101_ecoli_ARA_P5_50K,-2000,3464,161.975,DIA_100X_EMPTY_1x1_200ms,,,
14,46,13.4239168125185,617,49.7007079637385,1444.29335494327,1551.20097244733,NaN,NaN,NaN,NaN,NaN,NaN,NaN,NaN,NaN,NaN,NaN,NaN,NaN,NaN,NaN,532.975106302797,0.945576329757252,44.5757916076319,14.0021029887392,11.6043288089812,2.90028219311678,0.0163986179975137,0.00597292126525551,0,1.003939030594,4714.42789603153,0,15729.0162074554,1,1,1,41,2018-11-01T18:11:53.046,20181101_ecoli_ARA_P5_50K,-2000,3464,161.975,DIA_100X_EMPTY_1x1_200ms,,,
15,53,13.1024204821927,695,49.5938342763861,1515.08776978417,798.994244604317,NaN,NaN,NaN,NaN,NaN,NaN,NaN,NaN,NaN,NaN,NaN,NaN,NaN,NaN,NaN,597.253139750134,0.949279097284301,52.3255014134995,13.042191145655,11.264804291165,2.24283893226443,0.00677030460029188,0.00376126131600992,2,1.00095237104192,5214.95520005513,0,15859.9755395683,1,1,1,41,2018-11-01T18:11:53.046,20181101_ecoli_ARA_P5_50K,-2000,3464,161.975,DIA_100X_EMPTY_1x1_200ms,,,
16,44,12.803022963919,564,49.5864625574631,1540.89007092199,703.492907801418,NaN,NaN,NaN,NaN,NaN,NaN,NaN,NaN,NaN,NaN,NaN,NaN,NaN,NaN,NaN,498.272598582542,0.957133275849401,44.0358491624639,13.0295714434776,11.073607168169,2.53955406377172,0.00565996224204453,0.00256695920876923,1,1.00068980544337,4241.06064667239,0,15637.9680851064,1,1,1,41,2018-11-01T18:11:53.046,20181101_ecoli_ARA_P5_50K,-2000,3464,161.975,DIA_100X_EMPTY_1x1_200ms,,,
17,43,14.6665887381344,631,49.1470751380106,1580.12836767036,1125.17749603803,NaN,NaN,NaN,NaN,NaN,NaN,NaN,NaN,NaN,NaN,NaN,NaN,NaN,NaN,NaN,540.282282372526,0.966420100082817,42.4468944032588,14.4369412825765,12.441036454589,2.95327553430943,0.0183210030790545,0.00924308123894466,1,1.0045607922917,5159.99080309561,0,15191.0491283677,1,1,1,41,2018-11-01T18:11:53.046,20181101_ecoli_ARA_P5_50K,-2000,3464,161.975,DIA_100X_EMPTY_1x1_200ms,,,
18,34,13.392272283336,455,48.644811460806,1672.58901098901,1296.54065934066,NaN,NaN,NaN,NaN,NaN,NaN,NaN,NaN,NaN,NaN,NaN,NaN,NaN,NaN,NaN,396.44705428779,0.981592843081333,32.7530014035277,13.9272050198738,11.8375586907441,2.98394088822782,0.0136956544415248,0.00588909775708344,1,1.00260319759929,3604.66803758496,0,15566.2175824176,1,1,1,41,2018-11-01T18:11:53.046,20181101_ecoli_ARA_P5_50K,-2000,3464,161.975,DIA_100X_EMPTY_1x1_200ms,,,
19,44,13.745809280044,605,49.4327159548339,1685.71900826446,1581.0479338843,NaN,NaN,NaN,NaN,NaN,NaN,NaN,NaN,NaN,NaN,NaN,NaN,NaN,NaN,NaN,516.410689135356,0.939401467651785,44.1565803559449,13.3088212753384,11.477940552436,2.54942802225319,0.0145126930234618,0.00620409959032776,2,1.00571794680724,4568.91686947914,0,15492.6099173554,1,1,1,41,2018-11-01T18:11:53.046,20181101_ecoli_ARA_P5_50K,-2000,3464,161.975,DIA_100X_EMPTY_1x1_200ms,,,
20,43,13.2119458904582,569,48.6318261495366,1692.88049209139,1454.56414762742,NaN,NaN,NaN,NaN,NaN,NaN,NaN,NaN,NaN,NaN,NaN,NaN,NaN,NaN,NaN,500.888628305773,0.951566858590898,43.7968534880629,13.1037172438146,11.2475326186256,2.39371641704297,0.00570543202086377,0.00331928757160725,1,1.00078992934705,4351.58343099287,0,16052.6467486819,1,1,1,41,2018-11-01T18:11:53.046,20181101_ecoli_ARA_P5_50K,-2000,3464,161.975,DIA_100X_EMPTY_1x1_200ms,,,
21,40,12.095061478149,485,49.1403939945235,1712.18144329897,883.117525773196,NaN,NaN,NaN,NaN,NaN,NaN,NaN,NaN,NaN,NaN,NaN,NaN,NaN,NaN,NaN,438.331414458319,0.970212292598424,40.8133225637386,12.6702843813421,10.4491383020793,2.57621504573192,0.00837969926494845,0.00391452862069175,1,1.00181060155543,3499.87704907084,1,16091.7587628866,1,1,1,41,2018-11-01T18:11:53.046,20181101_ecoli_ARA_P5_50K,-2000,3464,161.975,DIA_100X_EMPTY_1x1_200ms,,,
22,34,13.3551292245372,454,49.3223178477031,1708.96255506608,1024.69162995595,NaN,NaN,NaN,NaN,NaN,NaN,NaN,NaN,NaN,NaN,NaN,NaN,NaN,NaN,NaN,397.478208725833,0.987223043082573,33.2517066200619,13.8299030983552,11.6894565990999,3.00814571333081,0.0136647929548627,0.00638939766644353,0,1.00303184101818,3568.55559525903,0,15526.8766519824,1,1,1,41,2018-11-01T18:11:53.046,20181101_ecoli_ARA_P5_50K,-2000,3464,161.975,DIA_100X_EMPTY_1x1_200ms,,,
23,54,11.9538780923915,645,49.2597850292758,1745.68372093023,890.758139534884,NaN,NaN,NaN,NaN,NaN,NaN,NaN,NaN,NaN,NaN,NaN,NaN,NaN,NaN,NaN,571.008692332517,0.898177554076418,52.8234923289067,12.9865337214218,10.6213500269197,2.20554624879002,0.0252361590963271,0.00827910215473772,2,1.00312769616229,4680.32955790478,1,16743.7286821705,1,1,1,41,2018-11-01T18:11:53.046,20181101_ecoli_ARA_P5_50K,-2000,3464,161.975,DIA_100X_EMPTY_1x1_200ms,,,
24,35,13.026167677126,456,48.39474141644,1790.63157894737,906.960526315789,NaN,NaN,NaN,NaN,NaN,NaN,NaN,NaN,NaN,NaN,NaN,NaN,NaN,NaN,NaN,393.290032393169,0.983889778316089,33.7022052238373,13.6087674146955,11.4028449791447,2.98750395696106,0.00773271128849504,0.0046317718191132,0,1.00124743154181,3441.71290705749,0,15610.1885964912,1,1,1,41,2018-11-01T18:11:53.046,20181101_ecoli_ARA_P5_50K,-2000,3464,161.975,DIA_100X_EMPTY_1x1_200ms,,,
25,52,14.6733688205744,763,49.5353189336268,1881.05373525557,25.7955439056357,NaN,NaN,NaN,NaN,NaN,NaN,NaN,NaN,NaN,NaN,NaN,NaN,NaN,NaN,NaN,627.376197688571,0.956728204538755,50.5859621026299,14.3312543808638,12.1868973552682,2.57741745542993,0.00507352873139529,0.00164223402712528,1,1.00017023685681,5900.73623904638,0,15677.6657929227,1,1,1,41,2018-11-01T18:11:53.046,20181101_ecoli_ARA_P5_50K,-2000,3464,161.975,DIA_100X_EMPTY_1x1_200ms,,,
26,43,14.2304652933349,613,49.3404126605903,1891.87275693312,1202.05383360522,NaN,NaN,NaN,NaN,NaN,NaN,NaN,NaN,NaN,NaN,NaN,NaN,NaN,NaN,NaN,519.498312881399,0.974810558809405,41.9329041912282,14.4573128807026,12.0907676005347,3.00930827308686,0.0108652317747614,0.0055957413865608,2,1.00090156550238,4814.51529072488,0,14904.9363784666,1,1,1,41,2018-11-01T18:11:53.046,20181101_ecoli_ARA_P5_50K,-2000,3464,161.975,DIA_100X_EMPTY_1x1_200ms,,,
27,47,14.7251612903181,692,48.9453146824702,1889.37427745665,188.369942196532,NaN,NaN,NaN,NaN,NaN,NaN,NaN,NaN,NaN,NaN,NaN,NaN,NaN,NaN,NaN,577.24542990155,0.963899172421788,45.1081312825977,14.5358565435903,12.5688380545264,2.72775531106281,0.0177183280594308,0.00624218348582047,1,1.00426308486823,5596.73801783038,0,15530.5693641618,1,1,1,41,2018-11-01T18:11:53.046,20181101_ecoli_ARA_P5_50K,-2000,3464,161.975,DIA_100X_EMPTY_1x1_200ms,,,
28,43,13.5569551967187,583,49.5780379348709,1895.06346483705,1740.69125214408,NaN,NaN,NaN,NaN,NaN,NaN,NaN,NaN,NaN,NaN,NaN,NaN,NaN,NaN,NaN,506.988006928559,0.963314083103044,42.1035978712585,14.235484498952,11.7020707923331,2.89781742661355,0.022538625640085,0.00741203747318386,2,1.00259268959116,4528.29313359343,0,15314.0583190395,1,1,1,41,2018-11-01T18:11:53.046,20181101_ecoli_ARA_P5_50K,-2000,3464,161.975,DIA_100X_EMPTY_1x1_200ms,,,
29,57,13.5949913743182,775,45.1930462419893,1977.45935483871,1754.33806451613,NaN,NaN,NaN,NaN,NaN,NaN,NaN,NaN,NaN,NaN,NaN,NaN,NaN,NaN,NaN,656.885756442703,0.888395298523111,57.0352101654783,13.5454071353264,11.2300140058648,2.64036546425669,0.0158279075408154,0.00517775926239868,2,1.0051365717242,5649.28549972868,0,16021.0658064516,1,1,1,41,2018-11-01T18:11:53.046,20181101_ecoli_ARA_P5_50K,-2000,3464,161.975,DIA_100X_EMPTY_1x1_200ms,,,
30,37,13.5864890818817,503,49.3277072033713,2015.12723658052,1375.60238568588,NaN,NaN,NaN,NaN,NaN,NaN,NaN,NaN,NaN,NaN,NaN,NaN,NaN,NaN,NaN,433.064670960436,0.977813808599646,36.2675031847106,13.6094291798415,11.5902044003424,3.00421310601632,0.0127780467103485,0.00673427431543369,1,1.00151420519336,3826.39437459705,0,15176.0516898608,1,1,1,41,2018-11-01T18:11:53.046,20181101_ecoli_ARA_P5_50K,-2000,3464,161.975,DIA_100X_EMPTY_1x1_200ms,,,
1,35,14.3613788807768,503,48.3344783432384,24.817097415507,766.789264413519,NaN,NaN,NaN,NaN,NaN,NaN,NaN,NaN,NaN,NaN,NaN,NaN,NaN,NaN,NaN,433.430918312898,0.991157376641599,34.0752554757546,14.6228145241904,12.2124822897024,3.6088020906137,0.0054572739454977,0.00198044469893382,1,1.00022628518493,3991.50700521767,0,15241.8190854871,1,1,1,50,2018-11-01T18:12:14.013,20181101_ecoli_ARA_P5_50K,-1000,-3464,161.975,DIA_100X_EMPTY_1x1_200ms,,,
2,48,13.5219100188531,650,49.4298510084391,84.4984615384615,360.878461538462,NaN,NaN,NaN,NaN,NaN,NaN,NaN,NaN,NaN,NaN,NaN,NaN,NaN,NaN,NaN,553.821485599668,0.928854094370611,48.4003720090783,13.6983632696352,11.1510931080786,2.60907614457573,0.0292628054720305,0.00953462083224864,1,1.00336421958004,4726.86789716622,0,16266.2246153846,1,1,1,50,2018-11-01T18:12:14.013,20181101_ecoli_ARA_P5_50K,-1000,-3464,161.975,DIA_100X_EMPTY_1x1_200ms,,,
3,44,15.389452185075,678,49.2682946915115,165.615044247788,796.930678466077,NaN,NaN,NaN,NaN,NaN,NaN,NaN,NaN,NaN,NaN,NaN,NaN,NaN,NaN,NaN,572.556419221519,0.965598525204706,42.9593510837884,15.2556107025117,13.0291679323842,3.11837957204686,0.0209686335228729,0.00798673234081612,1,1.00772186468987,5727.70915999947,0,15679.6946902655,1,1,1,50,2018-11-01T18:12:14.013,20181101_ecoli_ARA_P5_50K,-1000,-3464,161.975,DIA_100X_EMPTY_1x1_200ms,,,
4,36,14.0051188990571,504,48.8313554818821,170.964285714286,220.176587301587,NaN,NaN,NaN,NaN,NaN,NaN,NaN,NaN,NaN,NaN,NaN,NaN,NaN,NaN,NaN,428.729354097601,0.986044849542655,34.7416939603327,14.3413967468278,12.0790495575555,3.037151808457,0.00910189327312833,0.00349822298289963,1,1.00054124553566,3981.13035300148,0,15382.3115079365,1,1,1,50,2018-11-01T18:12:14.013,20181101_ecoli_ARA_P5_50K,-1000,-3464,161.975,DIA_100X_EMPTY_1x1_200ms,,,
5,51,13.4134270268878,685,49.5191888741317,266.58102189781,50.0686131386861,NaN,NaN,NaN,NaN,NaN,NaN,NaN,NaN,NaN,NaN,NaN,NaN,NaN,NaN,NaN,584.096388719738,0.963943025577613,50.8729941951685,13.0676653917179,11.3324150668769,2.28543273218572,0.00392900035170006,0.00192992442967251,0,1.00057422892889,5131.23761668886,0,16478.004379562,1,1,1,50,2018-11-01T18:12:14.013,20181101_ecoli_ARA_P5_50K,-1000,-3464,161.975,DIA_100X_EMPTY_1x1_200ms,,,
6,60,12.8591454727473,772,47.0843864033073,372.39378238342,1552.38471502591,NaN,NaN,NaN,NaN,NaN,NaN,NaN,NaN,NaN,NaN,NaN,NaN,NaN,NaN,NaN,681.420058865373,0.849530531688345,60.6374716631718,12.9157867994791,11.0918433709014,2.02409979600953,0.0181395723875891,0.00908148506400188,1,1.01726124512127,5859.20134761204,0,15789.6113989637,1,1,1,50,2018-11-01T18:12:14.013,20181101_ecoli_ARA_P5_50K,-1000,-3464,161.975,DIA_100X_EMPTY_1x1_200ms,,,
7,56,13.9726478236437,783,49.1487871632631,445.316730523627,286.444444444444,NaN,NaN,NaN,NaN,NaN,NaN,NaN,NaN,NaN,NaN,NaN,NaN,NaN,NaN,NaN,652.031757055005,0.913739312319987,55.2463937233549,13.3586138221348,11.6404874973819,2.32732559649044,0.0167793378163241,0.00586309564488484,0,1.00757772114354,5879.44257548302,0,15915.0830140485,1,1,1,50,2018-11-01T18:12:14.013,20181101_ecoli_ARA_P5_50K,-1000,-3464,161.975,DIA_100X_EMPTY_1x1_200ms,,,
8,64,14.6614903085668,939,46.7776107854629,501.362087326944,714.80404685836,NaN,NaN,NaN,NaN,NaN,NaN,NaN,NaN,NaN,NaN,NaN,NaN,NaN,NaN,NaN,791.99910574119,0.887419785559383,64.440423238633,13.9332251231629,12.1148563315676,2.29005642942813,0.0182606382962209,0.0080769595981924,1,1.00617079800916,7428.22075930242,0,16498.3663471778,1,1,1,50,2018-11-01T18:12:14.013,20181101_ecoli_ARA_P5_50K,-1000,-3464,161.975,DIA_100X_EMPTY_1x1_200ms,,,
9,30,13.5819881171851,408,45.4640654660945,515.15931372549,1865.58823529412,NaN,NaN,NaN,NaN,NaN,NaN,NaN,NaN,NaN,NaN,NaN,NaN,NaN,NaN,NaN,356.386500433452,0.986367563171422,27.8955432718874,14.882132395899,12.4754194983169,3.22466587284097,0.00102802048054879,0.000534520946810211,1,1.0000113843281,3409.84801131332,0,14850.8088235294,1,1,1,50,2018-11-01T18:12:14.013,20181101_ecoli_ARA_P5_50K,-1000,-3464,161.975,DIA_100X_EMPTY_1x1_200ms,,,
10,54,14.3606458452551,776,49.255629935329,610.836340206186,667.586340206186,NaN,NaN,NaN,NaN,NaN,NaN,NaN,NaN,NaN,NaN,NaN,NaN,NaN,NaN,NaN,659.739676161694,0.931291226652644,53.8135216791088,13.7979378837117,12.0208482604096,2.53347988639206,0.0209566628755225,0.00978192508144379,3,1.0046277612139,6107.33194984047,0,15151.0257731959,1,1,1,50,2018-11-01T18:12:14.013,20181101_ecoli_ARA_P5_50K,-1000,-3464,161.975,DIA_100X_EMPTY_1x1_200ms,,,
11,39,14.1475084159935,552,49.3025883211194,638.501811594203,41.070652173913,NaN,NaN,NaN,NaN,NaN,NaN,NaN,NaN,NaN,NaN,NaN,NaN,NaN,NaN,NaN,473.624966672643,0.97425614610978,38.1778841202631,13.9895695681282,12.1620755026501,2.93699367275277,0.0107723944020276,0.00499081664594226,2,1.00079449110194,4435.24001860544,0,16343.8532608696,1,1,1,50,2018-11-01T18:12:14.013,20181101_ecoli_ARA_P5_50K,-1000,-3464,161.975,DIA_100X_EMPTY_1x1_200ms,,,
12,58,13.0968889928187,760,21.6274671175936,772.394736842105,37.7381578947368,NaN,NaN,NaN,NaN,NaN,NaN,NaN,NaN,NaN,NaN,NaN,NaN,NaN,NaN,NaN,642.536249359137,0.867208915956104,58.1781319320948,13.0662959022218,10.8922290003913,2.58128661547245,0.0149682103987686,0.00450513361392381,2,1.00328965741581,5421.0470981969,0,16397.9657894737,1,1,1,50,2018-11-01T18:12:14.013,20181101_ecoli_ARA_P5_50K,-1000,-3464,161.975,DIA_100X_EMPTY_1x1_200ms,,,
13,42,13.8151363869291,581,49.4810184761295,900.796901893287,22.5765920826162,NaN,NaN,NaN,NaN,NaN,NaN,NaN,NaN,NaN,NaN,NaN,NaN,NaN,NaN,NaN,502.586901164458,0.964778829461008,41.5487111058114,13.7033748658228,11.6888154144368,3.04084111003647,0.0440880870391071,0.0029930988782377,1,1.00065066872974,4458.49658424831,0,15914.4888123924,1,1,1,50,2018-11-01T18:12:14.013,20181101_ecoli_ARA_P5_50K,-1000,-3464,161.975,DIA_100X_EMPTY_1x1_200ms,,,
14,45,14.3460286302413,646,49.1137045658378,923.114551083591,376.33746130031,NaN,NaN,NaN,NaN,NaN,NaN,NaN,NaN,NaN,NaN,NaN,NaN,NaN,NaN,NaN,546.843656385558,0.952638551485371,44.7368530108379,13.7572886435599,12.0192478993536,2.64368226407317,0.013866496380525,0.00802836848029635,0,1.00774283534259,5075.86306530143,0,15617.8003095975,1,1,1,50,2018-11-01T18:12:14.013,20181101_ecoli_ARA_P5_50K,-1000,-3464,161.975,DIA_100X_EMPTY_1x1_200ms,,,
15,28,14.0601950897394,394,28.2850115234532,955.251269035533,14.2030456852792,NaN,NaN,NaN,NaN,NaN,NaN,NaN,NaN,NaN,NaN,NaN,NaN,NaN,NaN,NaN,NaN,NaN,NaN,NaN,NaN,NaN,NaN,NaN,NaN,NaN,NaN,0,15662.1446700508,1,1,1,50,2018-11-01T18:12:14.013,20181101_ecoli_ARA_P5_50K,-1000,-3464,161.975,DIA_100X_EMPTY_1x1_200ms,,,
16,46,14.6090361078631,673,48.787084038599,1031.94799405646,425.139673105498,NaN,NaN,NaN,NaN,NaN,NaN,NaN,NaN,NaN,NaN,NaN,NaN,NaN,NaN,NaN,568.804856265526,0.963321091846288,45.3216783127514,14.4419462968376,12.1233612156011,3.14154328685761,0.0209158630253828,0.00671666297993313,2,1.00342729003109,5231.6894376391,0,15444.4621099554,1,1,1,50,2018-11-01T18:12:14.013,20181101_ecoli_ARA_P5_50K,-1000,-3464,161.975,DIA_100X_EMPTY_1x1_200ms,,,
17,43,14.0248759336925,604,49.4888936966016,1191.72516556291,363.899006622517,NaN,NaN,NaN,NaN,NaN,NaN,NaN,NaN,NaN,NaN,NaN,NaN,NaN,NaN,NaN,525.959783783286,0.974858298637921,42.8562265987494,14.0377272181637,11.9853313731803,2.88370595397092,0.0189843023822848,0.00615430622705797,1,1.00114258196152,4835.08265912227,0,15508.4056291391,1,1,1,50,2018-11-01T18:12:14.013,20181101_ecoli_ARA_P5_50K,-1000,-3464,161.975,DIA_100X_EMPTY_1x1_200ms,,,
18,41,14.3792501654113,590,49.1397851153486,1775.03728813559,552.006779661017,NaN,NaN,NaN,NaN,NaN,NaN,NaN,NaN,NaN,NaN,NaN,NaN,NaN,NaN,NaN,513.531926108437,0.963284517021985,40.0462381676406,14.5351334970255,12.5418986872859,2.98595013346412,0.0164454825668635,0.00638979156008759,0,1.00404868750118,4947.41320371428,0,14996.2779661017,1,1,1,50,2018-11-01T18:12:14.013,20181101_ecoli_ARA_P5_50K,-1000,-3464,161.975,DIA_100X_EMPTY_1x1_200ms,,,
19,46,15.3111195941216,705,48.5567945872882,1852.80425531915,1019.11063829787,NaN,NaN,NaN,NaN,NaN,NaN,NaN,NaN,NaN,NaN,NaN,NaN,NaN,NaN,NaN,625.282308257919,0.943059111449505,46.4973512756849,15.3795698782053,13.1300801271922,3.18003628949003,0.0427247065502202,0.0161665220401212,1,1.03244787120752,6295.82790490913,0,16231.1063829787,1,1,1,50,2018-11-01T18:12:14.013,20181101_ecoli_ARA_P5_50K,-1000,-3464,161.975,DIA_100X_EMPTY_1x1_200ms,,,
20,34,13.4600818196499,458,45.7604189435963,2040.26637554585,328.576419213974,NaN,NaN,NaN,NaN,NaN,NaN,NaN,NaN,NaN,NaN,NaN,NaN,NaN,NaN,NaN,421.243049699354,0.976152376868561,33.3806362849507,14.7054491352011,12.3234086066811,3.14593727328968,0.0364940702276268,0.0197154085892201,0,1.02517651585009,3981.49513406651,0,14767.7423580786,1,1,1,50,2018-11-01T18:12:14.013,20181101_ecoli_ARA_P5_50K,-1000,-3464,161.975,DIA_100X_EMPTY_1x1_200ms,,,
21,53,13.0067168588865,691,49.2510269129284,2040.38639652677,983.509406657019,NaN,NaN,NaN,NaN,NaN,NaN,NaN,NaN,NaN,NaN,NaN,NaN,NaN,NaN,NaN,NaN,NaN,NaN,NaN,NaN,NaN,NaN,NaN,NaN,NaN,NaN,0,15194.505065123,1,1,1,50,2018-11-01T18:12:14.013,20181101_ecoli_ARA_P5_50K,-1000,-3464,161.975,DIA_100X_EMPTY_1x1_200ms,,,
