CellID,LongAxis,ShortAxis,Area,RegionScore,XPosition,YPosition,Fluor1Sum,Fluor1Mean,Fluor1Background,Fluor1BgStd,Fluor1FociNumber,Fluor2Sum,Fluor2Mean,Fluor2Background,Fluor2BgStd,Fluor2FociNumber,Fluor3Sum,Fluor3Mean,Fluor3Background,Fluor3BgStd,Fluor3FociNumber,MeshArea,MeshSolidity,MeshAxisLength,MeshRibsLengthMax,MeshRibsLengthMean,MeshRibsLengthStd,MeshCurvatureMax,MeshCurvatureMean,MeshCurvatureInflection,MeshSinuosity,MeshVolume,NumOfNeighbors,RegionGrayVal,TimeFrames,AgeFrames,RelativeAge,xyFolder,DateTime,Folder,StageXposition,StageYposition,StageZposition,PhaseConfig,Fluo1Config,Fluo2Config,Fluo3Config
1,31,11.4662079645251,356,48.1173499654473,133.848314606742,1538.18258426966,NaN,NaN,NaN,NaN,NaN,NaN,NaN,NaN,NaN,NaN,NaN,NaN,NaN,NaN,NaN,331.738783655774,0.969493188026008,31.3290512690517,12.3153029423816,10.355368200081,2.576561296788,0.00541275614034786,0.00303664714213091,1,1.00015031671175,2638.5675421643,0,16540.6994382022,1,1,1,8,2018-10-31T14:57:49.335,20181031_ecoli_ARA_M4_10K,-0,1732,164.3,DIA_100X_EMPTY_1x1_200ms,,,
2,43,10.1878335410889,439,49.3307394193444,325.070615034169,382.296127562642,NaN,NaN,NaN,NaN,NaN,NaN,NaN,NaN,NaN,NaN,NaN,NaN,NaN,NaN,NaN,421.965500739333,0.950759612613652,43.4526800740503,10.9334275716446,9.48103393327734,2.16976617776457,0.00894911986611402,0.003345532163424,2,1.00132366469465,3067.73507083512,0,17815.5990888383,1,1,1,8,2018-10-31T14:57:49.335,20181031_ecoli_ARA_M4_10K,-0,1732,164.3,DIA_100X_EMPTY_1x1_200ms,,,
3,31,10.8258910314132,336,48.4153142649937,504.776785714286,1421.21428571429,NaN,NaN,NaN,NaN,NaN,NaN,NaN,NaN,NaN,NaN,NaN,NaN,NaN,NaN,NaN,318.249511386517,0.979030479171055,30.7139042406654,11.7690253956091,10.1063464236476,2.59892660931994,0.0105459326857877,0.00581011447436352,0,1.00218156316287,2463.84435299867,0,16227.3363095238,1,1,1,8,2018-10-31T14:57:49.335,20181031_ecoli_ARA_M4_10K,-0,1732,164.3,DIA_100X_EMPTY_1x1_200ms,,,
4,47,11.0142827584932,518,48.9357804784839,895.430501930502,473.6138996139,NaN,NaN,NaN,NaN,NaN,NaN,NaN,NaN,NaN,NaN,NaN,NaN,NaN,NaN,NaN,483.717155459283,0.901486194338742,47.7551591638247,11.6117669116509,9.97511736609371,1.99441969037329,0.0213905241502922,0.00869979113098103,1,1.00883136830964,3732.03928559188,0,17160.5424710425,1,1,1,8,2018-10-31T14:57:49.335,20181031_ecoli_ARA_M4_10K,-0,1732,164.3,DIA_100X_EMPTY_1x1_200ms,,,
5,34,11.6471463923088,396,48.039597967692,975.25505050505,1124.49747474747,NaN,NaN,NaN,NaN,NaN,NaN,NaN,NaN,NaN,NaN,NaN,NaN,NaN,NaN,NaN,356.349650032318,0.978403855112203,33.4582860204105,12.6478620471232,10.3527494895185,2.742203459271,0.00652935689293128,0.00294935783118289,2,1.00009236350135,2816.46903865272,0,15596.898989899,1,1,1,8,2018-10-31T14:57:49.335,20181031_ecoli_ARA_M4_10K,-0,1732,164.3,DIA_100X_EMPTY_1x1_200ms,,,
6,34,11.3454772369248,386,49.3642435328536,1006.02849740933,510.968911917098,NaN,NaN,NaN,NaN,NaN,NaN,NaN,NaN,NaN,NaN,NaN,NaN,NaN,NaN,NaN,351.14211236035,0.969423712225012,33.8071968632849,11.8875319457186,10.1721683517302,2.48094591909743,0.00311755224840294,0.00183171664626058,1,1.00008302694432,2747.42675009649,0,16705.1917098446,1,1,1,8,2018-10-31T14:57:49.335,20181031_ecoli_ARA_M4_10K,-0,1732,164.3,DIA_100X_EMPTY_1x1_200ms,,,
7,31,10.1665291627637,316,47.9102837837484,1079.66139240506,346.022151898734,NaN,NaN,NaN,NaN,NaN,NaN,NaN,NaN,NaN,NaN,NaN,NaN,NaN,NaN,NaN,296.534266037214,0.971815448639195,30.6788619524358,11.4999319011832,9.42653666006959,2.46252197481585,0.00886274644607948,0.00401573365119591,1,1.00092166981181,2141.08272905297,0,17394.1392405063,1,1,1,8,2018-10-31T14:57:49.335,20181031_ecoli_ARA_M4_10K,-0,1732,164.3,DIA_100X_EMPTY_1x1_200ms,,,
8,31,11.2052047094204,348,47.4886695326543,1234.46551724138,2025.65804597701,NaN,NaN,NaN,NaN,NaN,NaN,NaN,NaN,NaN,NaN,NaN,NaN,NaN,NaN,NaN,329.294852255713,0.979330785094846,31.6346164608565,11.7358618388618,9.98704566338122,2.8476821101777,0.0236033540741791,0.00585447035899738,0,1.00193188712786,2478.14392702606,0,16455.9137931034,1,1,1,8,2018-10-31T14:57:49.335,20181031_ecoli_ARA_M4_10K,-0,1732,164.3,DIA_100X_EMPTY_1x1_200ms,,,
9,50,10.9530890891648,547,49.1634184937859,1282.52833638026,624.694698354662,NaN,NaN,NaN,NaN,NaN,NaN,NaN,NaN,NaN,NaN,NaN,NaN,NaN,NaN,NaN,497.029519257661,0.914476853861783,49.5479335471419,11.4721870400627,9.84474338340345,2.03879523249632,0.0127465829607693,0.00472059968392884,2,1.00296712109945,3771.5878509229,0,16716.3071297989,1,1,1,8,2018-10-31T14:57:49.335,20181031_ecoli_ARA_M4_10K,-0,1732,164.3,DIA_100X_EMPTY_1x1_200ms,,,
10,30,9.93142997373274,298,47.3628414872621,1338.18456375839,1093.41275167785,NaN,NaN,NaN,NaN,NaN,NaN,NaN,NaN,NaN,NaN,NaN,NaN,NaN,NaN,NaN,298.21712355141,0.96220141065856,30.6283943023047,11.3668950728308,9.47960877149715,2.4107804549206,0.0108448124892309,0.00520812974444722,1,1.00158889118117,2161.6975936435,0,16831.744966443,1,1,1,8,2018-10-31T14:57:49.335,20181031_ecoli_ARA_M4_10K,-0,1732,164.3,DIA_100X_EMPTY_1x1_200ms,,,
11,40,11.5980175976544,464,49.352972225093,1340.89224137931,308.07974137931,NaN,NaN,NaN,NaN,NaN,NaN,NaN,NaN,NaN,NaN,NaN,NaN,NaN,NaN,NaN,421.207518200412,0.956802509362175,39.9399995059197,12.1626450427597,10.3848225019874,2.27292852130273,0.00692673054189092,0.00259952019671226,1,1.00062808383056,3382.95399961014,0,16684.599137931,1,1,1,8,2018-10-31T14:57:49.335,20181031_ecoli_ARA_M4_10K,-0,1732,164.3,DIA_100X_EMPTY_1x1_200ms,,,
12,38,10.6765901048653,406,49.5069944106028,1368.95566502463,863.645320197044,NaN,NaN,NaN,NaN,NaN,NaN,NaN,NaN,NaN,NaN,NaN,NaN,NaN,NaN,NaN,380.100622718254,0.954235076999093,37.6344052950322,11.7107629956551,9.74957717131387,2.53022091326932,0.00985985318837065,0.00267876550360084,1,1.00025645947215,2809.61298540386,0,16854.6403940887,1,1,1,8,2018-10-31T14:57:49.335,20181031_ecoli_ARA_M4_10K,-0,1732,164.3,DIA_100X_EMPTY_1x1_200ms,,,
13,40,11.2436231143313,450,49.2049525473539,1605.76222222222,860.357777777778,NaN,NaN,NaN,NaN,NaN,NaN,NaN,NaN,NaN,NaN,NaN,NaN,NaN,NaN,NaN,416.726504760621,0.924267932939721,40.7671520974564,11.8491835683953,10.04471051678,2.21665913115368,0.0170522909832631,0.00886749264255377,1,1.0088872963489,3230.5398699602,0,16840.1977777778,1,1,1,8,2018-10-31T14:57:49.335,20181031_ecoli_ARA_M4_10K,-0,1732,164.3,DIA_100X_EMPTY_1x1_200ms,,,
14,44,10.8686408542954,479,49.0200535931199,1654.27974947808,422.292275574113,NaN,NaN,NaN,NaN,NaN,NaN,NaN,NaN,NaN,NaN,NaN,NaN,NaN,NaN,NaN,445.76524212491,0.93972727521627,44.8153996071266,11.4503367561685,9.79183108522802,2.06496324610332,0.0106798623423336,0.00492007035367854,1,1.0024647706654,3374.77622360596,0,17036.4217118998,1,1,1,8,2018-10-31T14:57:49.335,20181031_ecoli_ARA_M4_10K,-0,1732,164.3,DIA_100X_EMPTY_1x1_200ms,,,
15,49,10.822753894036,530,49.7212136654488,1800.54150943396,1146.2641509434,NaN,NaN,NaN,NaN,NaN,NaN,NaN,NaN,NaN,NaN,NaN,NaN,NaN,NaN,NaN,493.147628487256,0.945692240201299,48.2913554915178,12.0074394840446,10.0612725625081,2.02959897460998,0.00539406402574425,0.00190289041332375,2,1.0003176871301,3839.41542882524,0,16604.8773584906,1,1,1,8,2018-10-31T14:57:49.335,20181031_ecoli_ARA_M4_10K,-0,1732,164.3,DIA_100X_EMPTY_1x1_200ms,,,
16,31,10.5381721747011,331,47.1253433069928,1878.42900302115,87.3776435045317,NaN,NaN,NaN,NaN,NaN,NaN,NaN,NaN,NaN,NaN,NaN,NaN,NaN,NaN,NaN,312.702239855419,0.975701654076616,31.8582522111672,11.6354048548873,9.46709118997516,2.69118439687414,0.00484986962000115,0.00235342549584903,3,1.00040405455314,2242.56452746929,0,17445.5075528701,1,1,1,8,2018-10-31T14:57:49.335,20181031_ecoli_ARA_M4_10K,-0,1732,164.3,DIA_100X_EMPTY_1x1_200ms,,,
1,34,16.7206912262629,569,44.7791248946805,85.7785588752197,1137.52021089631,NaN,NaN,NaN,NaN,NaN,NaN,NaN,NaN,NaN,NaN,NaN,NaN,NaN,NaN,NaN,347.821436540802,0.998059085427507,27.6766029369666,14.6558991175031,12.2335040572008,3.52414640271003,0.0147225650611149,0.00628289014537975,1,1.00098937707435,3253.15237102262,0,23051.6555360281,1,1,1,10,2018-10-31T14:57:54.384,20181031_ecoli_ARA_M4_10K,-1500,866,164.3,DIA_100X_EMPTY_1x1_200ms,,,
2,4,1.71979525230229,9,-49.8601692722053,117.666666666667,1551.66666666667,NaN,NaN,NaN,NaN,NaN,NaN,NaN,NaN,NaN,NaN,NaN,NaN,NaN,NaN,NaN,NaN,NaN,NaN,NaN,NaN,NaN,NaN,NaN,NaN,NaN,NaN,0,29382.2222222222,1,1,1,10,2018-10-31T14:57:54.384,20181031_ecoli_ARA_M4_10K,-1500,866,164.3,DIA_100X_EMPTY_1x1_200ms,,,
3,53,17.1993680285593,915,48.9252133782534,146.906010928962,1480.36721311475,NaN,NaN,NaN,NaN,NaN,NaN,NaN,NaN,NaN,NaN,NaN,NaN,NaN,NaN,NaN,612.007910073205,0.912892734654212,50.4824909929225,14.4683776919896,11.8175132477328,2.80698071299441,0.0221699719853062,0.00951204859507024,2,1.00257724582071,5537.10620333728,0,22527.0896174863,1,1,1,10,2018-10-31T14:57:54.384,20181031_ecoli_ARA_M4_10K,-1500,866,164.3,DIA_100X_EMPTY_1x1_200ms,,,
4,13,1.98067640032683,28,-49.9999888508112,126.964285714286,1559.96428571429,NaN,NaN,NaN,NaN,NaN,NaN,NaN,NaN,NaN,NaN,NaN,NaN,NaN,NaN,NaN,156.43811165438,0.983811583934065,NaN,NaN,NaN,NaN,NaN,NaN,NaN,NaN,NaN,0,29423.8928571429,1,1,1,10,2018-10-31T14:57:54.384,20181031_ecoli_ARA_M4_10K,-1500,866,164.3,DIA_100X_EMPTY_1x1_200ms,,,
5,18,2.04975199979237,37,-49.999999555172,136.702702702703,1543.67567567568,NaN,NaN,NaN,NaN,NaN,NaN,NaN,NaN,NaN,NaN,NaN,NaN,NaN,NaN,NaN,204.261525414906,0.940691898545367,NaN,NaN,NaN,NaN,NaN,NaN,NaN,NaN,NaN,1,30666.4054054054,1,1,1,10,2018-10-31T14:57:54.384,20181031_ecoli_ARA_M4_10K,-1500,866,164.3,DIA_100X_EMPTY_1x1_200ms,,,
6,4,1.91640492205346,9,-49.9583982967005,142.222222222222,1560.66666666667,NaN,NaN,NaN,NaN,NaN,NaN,NaN,NaN,NaN,NaN,NaN,NaN,NaN,NaN,NaN,NaN,NaN,NaN,NaN,NaN,NaN,NaN,NaN,NaN,NaN,NaN,1,29648.4444444444,1,1,1,10,2018-10-31T14:57:54.384,20181031_ecoli_ARA_M4_10K,-1500,866,164.3,DIA_100X_EMPTY_1x1_200ms,,,
7,5,1.7999999821186,10,-49.9416255905582,148,1559.5,NaN,NaN,NaN,NaN,NaN,NaN,NaN,NaN,NaN,NaN,NaN,NaN,NaN,NaN,NaN,NaN,NaN,NaN,NaN,NaN,NaN,NaN,NaN,NaN,NaN,NaN,2,30398.1,1,1,1,10,2018-10-31T14:57:54.384,20181031_ecoli_ARA_M4_10K,-1500,866,164.3,DIA_100X_EMPTY_1x1_200ms,,,
8,21,5.52625078376848,118,-49.9999999979251,160.033898305085,1548.31355932203,NaN,NaN,NaN,NaN,NaN,NaN,NaN,NaN,NaN,NaN,NaN,NaN,NaN,NaN,NaN,304.389148926283,0.728979978101069,NaN,NaN,NaN,NaN,NaN,NaN,NaN,NaN,NaN,2,28994.9322033898,1,1,1,10,2018-10-31T14:57:54.384,20181031_ecoli_ARA_M4_10K,-1500,866,164.3,DIA_100X_EMPTY_1x1_200ms,,,
9,26,10.9876451648779,286,-49.6652356070647,157.503496503497,1717.83216783217,NaN,NaN,NaN,NaN,NaN,NaN,NaN,NaN,NaN,NaN,NaN,NaN,NaN,NaN,NaN,302.383448759314,0.91527404987079,27.3983490951093,14.8921301943834,10.521543569636,3.26008120995286,0.0499179425902935,0.0251071327517708,2,1.00772674130969,2382.17241965315,0,28404.3251748252,1,1,1,10,2018-10-31T14:57:54.384,20181031_ecoli_ARA_M4_10K,-1500,866,164.3,DIA_100X_EMPTY_1x1_200ms,,,
10,26,8.53347265676877,222,-47.1531809272507,164.445945945946,1680.09459459459,NaN,NaN,NaN,NaN,NaN,NaN,NaN,NaN,NaN,NaN,NaN,NaN,NaN,NaN,NaN,251.643210057162,0.909708884202563,28.6655641631903,11.0400032555952,8.44102176791473,2.59630447680214,0.066527871903808,0.0306669844215285,1,1.05882315072102,1604.1331557871,0,28280,1,1,1,10,2018-10-31T14:57:54.384,20181031_ecoli_ARA_M4_10K,-1500,866,164.3,DIA_100X_EMPTY_1x1_200ms,,,
11,67,17.3127198454477,1160,-17.2029192107826,191.19224137931,906.564655172414,NaN,NaN,NaN,NaN,NaN,NaN,NaN,NaN,NaN,NaN,NaN,NaN,NaN,NaN,NaN,761.322148465207,0.873000038341254,63.0418498288832,14.3936739864191,11.8474760243337,2.64803240617248,0.0307499568135009,0.00938771294528773,2,1.01316332841437,6949.77119140003,0,21897.7370689655,1,1,1,10,2018-10-31T14:57:54.384,20181031_ecoli_ARA_M4_10K,-1500,866,164.3,DIA_100X_EMPTY_1x1_200ms,,,
12,42,17.671902537223,744,44.5129496112971,242.780913978495,1983.74865591398,NaN,NaN,NaN,NaN,NaN,NaN,NaN,NaN,NaN,NaN,NaN,NaN,NaN,NaN,NaN,470.586362548842,0.959833162322503,38.0703223179759,14.1641512410737,12.0778747361341,2.97421563035519,0.00946426825861538,0.00366445239799571,2,1.0007624398695,4361.71693266478,0,22363.7298387097,1,1,1,10,2018-10-31T14:57:54.384,20181031_ecoli_ARA_M4_10K,-1500,866,164.3,DIA_100X_EMPTY_1x1_200ms,,,
13,60,18.2550279978402,1096,27.804179990046,282.333941605839,626.487226277372,NaN,NaN,NaN,NaN,NaN,NaN,NaN,NaN,NaN,NaN,NaN,NaN,NaN,NaN,NaN,711.095350789639,0.889203695499663,55.6347976841245,14.6704306421409,12.5928765229609,2.45454162716623,0.0182909077987906,0.00773126110979424,2,1.01333635155253,6929.25086029824,0,22130.3585766423,1,1,1,10,2018-10-31T14:57:54.384,20181031_ecoli_ARA_M4_10K,-1500,866,164.3,DIA_100X_EMPTY_1x1_200ms,,,
14,49,18.1162348037746,888,29.6024064963962,323.872747747748,282.197072072072,NaN,NaN,NaN,NaN,NaN,NaN,NaN,NaN,NaN,NaN,NaN,NaN,NaN,NaN,NaN,540.50872228377,0.926358569934529,44.1551853203878,14.0405885721888,11.9483979936218,2.6555892824982,0.0246508518747185,0.0104737193580321,1,1.00761542368427,4950.9775120214,0,23067.768018018,1,1,1,10,2018-10-31T14:57:54.384,20181031_ecoli_ARA_M4_10K,-1500,866,164.3,DIA_100X_EMPTY_1x1_200ms,,,
15,49,17.5174636815421,859,35.178222989521,823.321303841676,723.902211874272,NaN,NaN,NaN,NaN,NaN,NaN,NaN,NaN,NaN,NaN,NaN,NaN,NaN,NaN,NaN,548.770066915006,0.938687243494816,45.4624224882984,13.8712626966855,11.7978838382583,2.63335409555031,0.0130835564023894,0.00384139546271936,1,1.00271348467459,4969.93474575908,0,22544.5064027939,1,1,1,10,2018-10-31T14:57:54.384,20181031_ecoli_ARA_M4_10K,-1500,866,164.3,DIA_100X_EMPTY_1x1_200ms,,,
16,60,16.6455133617948,1000,41.3208202602798,983.896,1282.678,NaN,NaN,NaN,NaN,NaN,NaN,NaN,NaN,NaN,NaN,NaN,NaN,NaN,NaN,NaN,674.096928940397,0.868853232578003,57.6605989794514,13.7393592523017,11.5346428255496,2.21344417722397,0.0239373671862854,0.0110719760482176,1,1.01941259815625,6025.28137485759,0,22396.508,1,1,1,10,2018-10-31T14:57:54.384,20181031_ecoli_ARA_M4_10K,-1500,866,164.3,DIA_100X_EMPTY_1x1_200ms,,,
17,38,8.24468174335708,314,-49.9939360325671,1137.13694267516,1818.68789808917,NaN,NaN,NaN,NaN,NaN,NaN,NaN,NaN,NaN,NaN,NaN,NaN,NaN,NaN,NaN,417.529595027441,0.721992713261669,44.8824006172709,12.0661471039578,9.01305383271098,2.26969942444452,0.0635124791470943,0.0403394155028605,0,1.23861962936764,2863.58375015805,0,28760.6624203822,1,1,1,10,2018-10-31T14:57:54.384,20181031_ecoli_ARA_M4_10K,-1500,866,164.3,DIA_100X_EMPTY_1x1_200ms,,,
18,49,17.182412033551,842,45.9748416747811,1292.4703087886,822.131828978622,NaN,NaN,NaN,NaN,NaN,NaN,NaN,NaN,NaN,NaN,NaN,NaN,NaN,NaN,NaN,563.111878824231,0.959825189847069,44.6890426991184,14.6913134807712,12.382887404211,2.7110162042444,0.0127413485547081,0.00347883235010502,2,1.00128585303962,5381.88955215801,0,21713.2814726841,1,1,1,10,2018-10-31T14:57:54.384,20181031_ecoli_ARA_M4_10K,-1500,866,164.3,DIA_100X_EMPTY_1x1_200ms,,,
19,44,18.3806432262078,809,17.6344507171141,1324.37700865266,627.55129789864,NaN,NaN,NaN,NaN,NaN,NaN,NaN,NaN,NaN,NaN,NaN,NaN,NaN,NaN,NaN,511.127626960076,0.957263442884496,39.6448722305982,14.9372265847854,12.4857962012617,3.07318655853269,0.0388062721975393,0.0165397146006744,0,1.01958521318756,4854.10747349348,0,22023.0395550062,1,1,1,10,2018-10-31T14:57:54.384,20181031_ecoli_ARA_M4_10K,-1500,866,164.3,DIA_100X_EMPTY_1x1_200ms,,,
20,54,17.6296914259924,952,43.3983166853277,1340.83823529412,1461.73214285714,NaN,NaN,NaN,NaN,NaN,NaN,NaN,NaN,NaN,NaN,NaN,NaN,NaN,NaN,NaN,621.288140216984,0.919086604978858,49.7828074995777,14.9468306481456,12.2084917471315,2.80819998266578,0.017701393919248,0.00876910739921668,2,1.00438707916598,5827.64776530658,0,22375.3424369748,1,1,1,10,2018-10-31T14:57:54.384,20181031_ecoli_ARA_M4_10K,-1500,866,164.3,DIA_100X_EMPTY_1x1_200ms,,,
21,65,17.1882573045185,1117,43.4908508272807,1569.6678603402,1650.93912264996,NaN,NaN,NaN,NaN,NaN,NaN,NaN,NaN,NaN,NaN,NaN,NaN,NaN,NaN,NaN,748.154952586075,0.885966562414126,61.4097488545704,14.4894886223481,11.9848887617455,2.37587538978375,0.0186807578990262,0.0071520810111311,1,1.01070845794517,6927.7980236417,0,22424.0528200537,1,1,1,10,2018-10-31T14:57:54.384,20181031_ecoli_ARA_M4_10K,-1500,866,164.3,DIA_100X_EMPTY_1x1_200ms,,,
22,44,18.0151440402216,793,39.6164332915524,1604.01261034048,387.451450189155,NaN,NaN,NaN,NaN,NaN,NaN,NaN,NaN,NaN,NaN,NaN,NaN,NaN,NaN,NaN,500.5030010681,0.958667555281667,39.7316053933391,14.9902549967527,12.1860491719627,3.08754314210976,0.0416834988972767,0.0135518255288177,1,1.00561262452534,4633.9553757529,0,22753.6116015132,1,1,1,10,2018-10-31T14:57:54.384,20181031_ecoli_ARA_M4_10K,-1500,866,164.3,DIA_100X_EMPTY_1x1_200ms,,,
23,33,17.0777487464846,564,29.0170044441375,1832.99113475177,1839.90425531915,NaN,NaN,NaN,NaN,NaN,NaN,NaN,NaN,NaN,NaN,NaN,NaN,NaN,NaN,NaN,348.028675414666,0.991639681962786,27.8718283205066,14.2298100476798,12.1953187296879,3.26520313286804,0.00893652995438728,0.00484959917122901,0,1.0012525264594,3255.67953919761,0,22576.7553191489,1,1,1,10,2018-10-31T14:57:54.384,20181031_ecoli_ARA_M4_10K,-1500,866,164.3,DIA_100X_EMPTY_1x1_200ms,,,
1,28,9.35123348012464,262,17.864184832612,11.530534351145,1743.7786259542,NaN,NaN,NaN,NaN,NaN,NaN,NaN,NaN,NaN,NaN,NaN,NaN,NaN,NaN,NaN,NaN,NaN,NaN,NaN,NaN,NaN,NaN,NaN,NaN,NaN,NaN,0,16841.1984732824,1,1,1,15,2018-10-31T14:58:06.038,20181031_ecoli_ARA_M4_10K,1000,-1732,164.3,DIA_100X_EMPTY_1x1_200ms,,,
2,36,11.8350734266996,427,49.2268203499622,116.751756440281,1963.17798594848,NaN,NaN,NaN,NaN,NaN,NaN,NaN,NaN,NaN,NaN,NaN,NaN,NaN,NaN,NaN,376.841196292075,0.967825944039608,35.4136783203665,11.9774219769621,10.448281656607,2.41253549397483,0.0090985447341456,0.00447261774074536,0,1.00169313860494,3036.3418278629,0,16139.0398126464,1,1,1,15,2018-10-31T14:58:06.038,20181031_ecoli_ARA_M4_10K,1000,-1732,164.3,DIA_100X_EMPTY_1x1_200ms,,,
3,35,10.2005504655602,358,48.5948653687419,627.555865921788,1316.12569832402,NaN,NaN,NaN,NaN,NaN,NaN,NaN,NaN,NaN,NaN,NaN,NaN,NaN,NaN,NaN,355.774226860406,0.955493484078187,35.6598882864474,11.5205745599732,9.62388500867113,2.52534218748618,0.0100817289701027,0.00383677365017788,2,1.00152449333228,2594.00440969758,1,16852.7067039106,1,1,1,15,2018-10-31T14:58:06.038,20181031_ecoli_ARA_M4_10K,1000,-1732,164.3,DIA_100X_EMPTY_1x1_200ms,,,
4,38,10.215165749968,388,49.2978260945434,647.855670103093,1316.7293814433,NaN,NaN,NaN,NaN,NaN,NaN,NaN,NaN,NaN,NaN,NaN,NaN,NaN,NaN,NaN,369.989499614323,0.943190122587748,37.1808529946172,11.376833416367,9.73857064847713,2.21338726234838,0.00876507121003731,0.00410860890014332,1,1.00136246867881,2769.48915470216,1,16978.8170103093,1,1,1,15,2018-10-31T14:58:06.038,20181031_ecoli_ARA_M4_10K,1000,-1732,164.3,DIA_100X_EMPTY_1x1_200ms,,,
5,26,10.7798973931601,281,47.6734728654081,653.918149466192,197.085409252669,NaN,NaN,NaN,NaN,NaN,NaN,NaN,NaN,NaN,NaN,NaN,NaN,NaN,NaN,NaN,264.074917775607,0.994902060753637,26.0434469261409,11.6072779526344,9.7770645823249,2.88060003294801,0.00299557185891707,0.00129077737530468,1,1.00003427956936,1955.26358969717,0,17038.3274021352,1,1,1,15,2018-10-31T14:58:06.038,20181031_ecoli_ARA_M4_10K,1000,-1732,164.3,DIA_100X_EMPTY_1x1_200ms,,,
6,30,12.8995671178129,387,46.3244097167279,775.077519379845,678.144702842377,NaN,NaN,NaN,NaN,NaN,NaN,NaN,NaN,NaN,NaN,NaN,NaN,NaN,NaN,NaN,331.3812616663,0.997981478493001,28.136124315216,14.0515462479146,11.444767334092,3.44528516428333,0.0106384353870281,0.0043722418183955,1,1.00065232902606,2894.46359624354,0,15271.0542635659,1,1,1,15,2018-10-31T14:58:06.038,20181031_ecoli_ARA_M4_10K,1000,-1732,164.3,DIA_100X_EMPTY_1x1_200ms,,,
7,37,10.4322123293299,387,49.1072107851886,797.932816537468,1435.54521963824,NaN,NaN,NaN,NaN,NaN,NaN,NaN,NaN,NaN,NaN,NaN,NaN,NaN,NaN,NaN,377.326715675757,0.931532899423217,37.466902172375,11.8547097655101,9.71885923745011,2.52163653123746,0.0241706044781119,0.012224194549097,1,1.01432787992039,2779.51007073722,1,16855.6304909561,1,1,1,15,2018-10-31T14:58:06.038,20181031_ecoli_ARA_M4_10K,1000,-1732,164.3,DIA_100X_EMPTY_1x1_200ms,,,
8,28,10.1469244055065,284,48.1638887478891,795.183098591549,1449.06690140845,NaN,NaN,NaN,NaN,NaN,NaN,NaN,NaN,NaN,NaN,NaN,NaN,NaN,NaN,NaN,285.324739243185,0.971908364967251,27.4412068771846,12.0819715641976,10.0500355971032,2.7868080823629,0.00565991041813883,0.00261653225729584,2,1.00016984722695,2176.84892315869,1,16915.7464788732,1,1,1,15,2018-10-31T14:58:06.038,20181031_ecoli_ARA_M4_10K,1000,-1732,164.3,DIA_100X_EMPTY_1x1_200ms,,,
9,75,10.5899263737495,794,-43.5704183447749,931.546599496222,811.2040302267,NaN,NaN,NaN,NaN,NaN,NaN,NaN,NaN,NaN,NaN,NaN,NaN,NaN,NaN,NaN,NaN,NaN,NaN,NaN,NaN,NaN,NaN,NaN,NaN,NaN,NaN,0,16961.983627204,1,1,1,15,2018-10-31T14:58:06.038,20181031_ecoli_ARA_M4_10K,1000,-1732,164.3,DIA_100X_EMPTY_1x1_200ms,,,
10,36,11.3306306669872,408,49.1919912576186,1064.94117647059,1112.03676470588,NaN,NaN,NaN,NaN,NaN,NaN,NaN,NaN,NaN,NaN,NaN,NaN,NaN,NaN,NaN,368.5575809689,0.967025041226237,35.3926003201921,11.8513253556273,10.2281152416135,2.35081617681253,0.00638632949167293,0.00331373510141183,1,1.00022152588653,2907.99448390463,0,16219.7696078431,1,1,1,15,2018-10-31T14:58:06.038,20181031_ecoli_ARA_M4_10K,1000,-1732,164.3,DIA_100X_EMPTY_1x1_200ms,,,
11,28,10.4282062065564,292,47.6843983414717,1297.76712328767,1055.85616438356,NaN,NaN,NaN,NaN,NaN,NaN,NaN,NaN,NaN,NaN,NaN,NaN,NaN,NaN,NaN,287.19519567679,0.978344324594917,29.0847121553627,11.2310793600369,9.5959843792033,2.59659043502404,0.0100362080883035,0.00354959512201441,2,1.00056932937096,2103.45737638275,1,17185.1301369863,1,1,1,15,2018-10-31T14:58:06.038,20181031_ecoli_ARA_M4_10K,1000,-1732,164.3,DIA_100X_EMPTY_1x1_200ms,,,
12,37,16.4675605323608,611,-49.9999999999936,1310.66448445172,1030.79541734861,NaN,NaN,NaN,NaN,NaN,NaN,NaN,NaN,NaN,NaN,NaN,NaN,NaN,NaN,NaN,589.866820968775,0.670820394504097,59.3678505195924,12.6923357924809,9.51725814981286,2.3844865282757,0.190127185085993,0.0458023267918515,2,1.81271661381834,4223.42615722199,1,17344.495908347,1,1,1,15,2018-10-31T14:58:06.038,20181031_ecoli_ARA_M4_10K,1000,-1732,164.3,DIA_100X_EMPTY_1x1_200ms,,,
13,35,10.4923028532706,367,49.317305142893,1329.37602179837,1791.58855585831,NaN,NaN,NaN,NaN,NaN,NaN,NaN,NaN,NaN,NaN,NaN,NaN,NaN,NaN,NaN,351.694641993084,0.958932572244085,35.0034382752825,11.6803347414744,9.77522853500654,2.41925282277597,0.00994576618131176,0.00512720168338588,1,1.00056717872137,2626.96584507671,0,16654.3378746594,1,1,1,15,2018-10-31T14:58:06.038,20181031_ecoli_ARA_M4_10K,1000,-1732,164.3,DIA_100X_EMPTY_1x1_200ms,,,
14,30,10.7229430175098,322,47.7982076347383,1337.02173913043,285.515527950311,NaN,NaN,NaN,NaN,NaN,NaN,NaN,NaN,NaN,NaN,NaN,NaN,NaN,NaN,NaN,303.847912142562,0.976418610244595,29.7699994397198,11.7270644572495,9.95971519786652,2.57487450733458,0.00985587976678644,0.00514050187601401,0,1.00153689162009,2319.33000992828,0,16830.8944099379,1,1,1,15,2018-10-31T14:58:06.038,20181031_ecoli_ARA_M4_10K,1000,-1732,164.3,DIA_100X_EMPTY_1x1_200ms,,,
15,47,10.317387980722,485,49.0691918796124,1340.55051546392,113.037113402062,NaN,NaN,NaN,NaN,NaN,NaN,NaN,NaN,NaN,NaN,NaN,NaN,NaN,NaN,NaN,467.705245236478,0.911998148041295,47.1846941226706,11.2428724926949,9.74337718094419,1.97461390172238,0.0168272800225224,0.00733666284866206,1,1.00528685609303,3518.11519456745,0,17100.8144329897,1,1,1,15,2018-10-31T14:58:06.038,20181031_ecoli_ARA_M4_10K,1000,-1732,164.3,DIA_100X_EMPTY_1x1_200ms,,,
16,27,10.2293369331209,276,47.8777018181856,1358.97101449275,1962.83695652174,NaN,NaN,NaN,NaN,NaN,NaN,NaN,NaN,NaN,NaN,NaN,NaN,NaN,NaN,NaN,264.532474580055,0.984451864912326,26.0175626407371,11.5852034346428,9.80265713267262,2.81141070294775,0.00720925214739198,0.00333288896906591,1,1.00049375507552,1963.55972410392,0,16202.8043478261,1,1,1,15,2018-10-31T14:58:06.038,20181031_ecoli_ARA_M4_10K,1000,-1732,164.3,DIA_100X_EMPTY_1x1_200ms,,,
17,31,11.2083739916929,351,42.5979391846528,1567.86894586895,2031.89173789174,NaN,NaN,NaN,NaN,NaN,NaN,NaN,NaN,NaN,NaN,NaN,NaN,NaN,NaN,NaN,335.207607090358,0.965033362084483,32.647500649184,11.8037753298532,10.0043401032516,2.52561266270537,0.00464785661794392,0.002712395590856,1,1.00014562931619,2566.35490459656,0,16632.2849002849,1,1,1,15,2018-10-31T14:58:06.038,20181031_ecoli_ARA_M4_10K,1000,-1732,164.3,DIA_100X_EMPTY_1x1_200ms,,,
18,49,10.1183021623122,497,44.1574230666578,1639.99195171026,1917.96981891348,NaN,NaN,NaN,NaN,NaN,NaN,NaN,NaN,NaN,NaN,NaN,NaN,NaN,NaN,NaN,497.611843253591,0.860163397143605,51.2639675853964,11.6744999760831,9.49177800340899,2.0629520465331,0.021780430348448,0.00833994846346409,1,1.01180403109691,3627.4149731047,1,17915.9215291751,1,1,1,15,2018-10-31T14:58:06.038,20181031_ecoli_ARA_M4_10K,1000,-1732,164.3,DIA_100X_EMPTY_1x1_200ms,,,
19,52,11.3359112332438,591,48.8890763210476,1652.23181049069,1914.5076142132,NaN,NaN,NaN,NaN,NaN,NaN,NaN,NaN,NaN,NaN,NaN,NaN,NaN,NaN,NaN,537.636456515251,0.913703476773967,52.9988314355019,12.1076771047726,9.9667616721801,2.01095419127617,0.00780344719653369,0.00344198956095023,2,1.00029316655663,4134.89344329851,1,17550.4839255499,1,1,1,15,2018-10-31T14:58:06.038,20181031_ecoli_ARA_M4_10K,1000,-1732,164.3,DIA_100X_EMPTY_1x1_200ms,,,
20,58,10.6035374626704,617,15.0689160720997,1758.51215559157,431.92868719611,NaN,NaN,NaN,NaN,NaN,NaN,NaN,NaN,NaN,NaN,NaN,NaN,NaN,NaN,NaN,578.178347809391,0.895893505043378,59.2841820934256,11.5822119766354,9.63331646196237,2.25077204866962,0.00544451468618059,0.00192991395321238,4,1.00039112754727,4320.96122188851,0,17000.3111831442,1,1,1,15,2018-10-31T14:58:06.038,20181031_ecoli_ARA_M4_10K,1000,-1732,164.3,DIA_100X_EMPTY_1x1_200ms,,,
21,43,10.3887675410157,447,48.4976415112777,1804.41163310962,2039.63758389262,NaN,NaN,NaN,NaN,NaN,NaN,NaN,NaN,NaN,NaN,NaN,NaN,NaN,NaN,NaN,NaN,NaN,NaN,NaN,NaN,NaN,NaN,NaN,NaN,NaN,NaN,0,16528.6465324385,1,1,1,15,2018-10-31T14:58:06.038,20181031_ecoli_ARA_M4_10K,1000,-1732,164.3,DIA_100X_EMPTY_1x1_200ms,,,
22,48,12.1267680951819,582,49.1095051479584,1828.93127147766,1455.75945017182,NaN,NaN,NaN,NaN,NaN,NaN,NaN,NaN,NaN,NaN,NaN,NaN,NaN,NaN,NaN,509.626734651077,0.905148409832249,47.8875141623145,12.1894213121454,10.3063137014431,2.45358558965256,0.0175001202084815,0.00899585473069685,1,1.00533103643191,3995.01937029097,0,15968.6872852234,1,1,1,15,2018-10-31T14:58:06.038,20181031_ecoli_ARA_M4_10K,1000,-1732,164.3,DIA_100X_EMPTY_1x1_200ms,,,
1,46,10.0650567159932,463,49.1774808222198,207,1193.313174946,NaN,NaN,NaN,NaN,NaN,NaN,NaN,NaN,NaN,NaN,NaN,NaN,NaN,NaN,NaN,451.587921390742,0.914589605366048,46.5120796486459,11.3643119738749,9.51848913193384,2.07941368182913,0.0177109235441181,0.00923771203957105,1,1.00459669007066,3309.7232153545,1,18054.4816414687,1,1,1,17,2018-10-31T14:58:10.710,20181031_ecoli_ARA_M4_10K,2000,-0,164.3,DIA_100X_EMPTY_1x1_200ms,,,
2,45,10.4425222118613,470,49.6650234760628,222.657446808511,1178.34042553191,NaN,NaN,NaN,NaN,NaN,NaN,NaN,NaN,NaN,NaN,NaN,NaN,NaN,NaN,NaN,448.626099236893,0.925584708179156,44.7967452753706,11.8272443207928,9.8577987368687,2.09340664742953,0.0118876257258162,0.00453632649579551,1,1.00152856136745,3418.97745338038,1,17551.5872340426,1,1,1,17,2018-10-31T14:58:10.710,20181031_ecoli_ARA_M4_10K,2000,-0,164.3,DIA_100X_EMPTY_1x1_200ms,,,
3,42,11.0919213800177,466,49.5913909039052,301.328326180258,1025.33905579399,NaN,NaN,NaN,NaN,NaN,NaN,NaN,NaN,NaN,NaN,NaN,NaN,NaN,NaN,NaN,427.400691536811,0.938443737509874,41.7305167145844,11.7671403414315,10.0543984204931,2.20260924464562,0.00981700523569749,0.00470971578286939,1,1.00280492570208,3313.26234820902,0,16627.7768240343,1,1,1,17,2018-10-31T14:58:10.710,20181031_ecoli_ARA_M4_10K,2000,-0,164.3,DIA_100X_EMPTY_1x1_200ms,,,
4,46,12.394319537889,570,49.1036282994569,510.205263157895,220.850877192982,NaN,NaN,NaN,NaN,NaN,NaN,NaN,NaN,NaN,NaN,NaN,NaN,NaN,NaN,NaN,480.139188155558,0.91232208840398,45.1161323812541,12.6312017538667,10.3378838439628,2.45053960410297,0.067553318497116,0.0081896218273248,1,1.00708885994459,3786.91049000802,0,17227.1666666667,1,1,1,17,2018-10-31T14:58:10.710,20181031_ecoli_ARA_M4_10K,2000,-0,164.3,DIA_100X_EMPTY_1x1_200ms,,,
5,33,10.4423119849513,345,48.0978126587813,669.875362318841,1499.80869565217,NaN,NaN,NaN,NaN,NaN,NaN,NaN,NaN,NaN,NaN,NaN,NaN,NaN,NaN,NaN,335.653434111667,0.954150137757451,33.8235086258327,11.6428176292842,9.72320082383313,2.35066477844154,0.0149992991085852,0.00642991951781856,1,1.00336384844835,2511.46453283452,0,17193.3797101449,1,1,1,17,2018-10-31T14:58:10.710,20181031_ecoli_ARA_M4_10K,2000,-0,164.3,DIA_100X_EMPTY_1x1_200ms,,,
6,42,11.7105524301578,492,48.9563734111479,795.150406504065,1798.20528455285,NaN,NaN,NaN,NaN,NaN,NaN,NaN,NaN,NaN,NaN,NaN,NaN,NaN,NaN,NaN,457.459806790404,0.933151474450108,42.7430706843687,12.2690771900527,10.5302893456974,2.24009038962108,0.011776556863799,0.00580164817723676,1,1.00143886539993,3722.51288413893,0,16254.8821138211,1,1,1,17,2018-10-31T14:58:10.710,20181031_ecoli_ARA_M4_10K,2000,-0,164.3,DIA_100X_EMPTY_1x1_200ms,,,
7,42,10.3539355329296,435,49.4316244295092,909.793103448276,404.505747126437,NaN,NaN,NaN,NaN,NaN,NaN,NaN,NaN,NaN,NaN,NaN,NaN,NaN,NaN,NaN,410.592015120877,0.929792770076113,41.8332685358863,11.5102477450271,9.65439542505112,2.03559165609538,0.0125101809507399,0.00545613692631247,2,1.00319001367333,3062.39949976199,0,17381.0689655172,1,1,1,17,2018-10-31T14:58:10.710,20181031_ecoli_ARA_M4_10K,2000,-0,164.3,DIA_100X_EMPTY_1x1_200ms,,,
8,36,11.4035487457209,411,48.9210162164825,1319.91240875912,572.863746958637,NaN,NaN,NaN,NaN,NaN,NaN,NaN,NaN,NaN,NaN,NaN,NaN,NaN,NaN,NaN,366.183262475598,0.963258359247534,36.1731434977181,11.4504970456422,9.90059781926347,2.36793602134977,0.00811486832509241,0.00346500219239488,1,1.00062155004111,2784.83180705512,0,17058.4403892944,1,1,1,17,2018-10-31T14:58:10.710,20181031_ecoli_ARA_M4_10K,2000,-0,164.3,DIA_100X_EMPTY_1x1_200ms,,,
9,31,10.6038724531522,329,48.9552164329737,1391.62613981763,1283.12158054711,NaN,NaN,NaN,NaN,NaN,NaN,NaN,NaN,NaN,NaN,NaN,NaN,NaN,NaN,NaN,310.261582355017,0.972580789124598,30.5455783472606,11.8451501648792,9.84678587467176,2.66787898328048,0.00545278419620388,0.00222654335294501,2,1.00020464843767,2326.09378954044,0,16633.9179331307,1,1,1,17,2018-10-31T14:58:10.710,20181031_ecoli_ARA_M4_10K,2000,-0,164.3,DIA_100X_EMPTY_1x1_200ms,,,
10,50,10.6020556763579,530,49.3366601580853,1473.05283018868,1645.70566037736,NaN,NaN,NaN,NaN,NaN,NaN,NaN,NaN,NaN,NaN,NaN,NaN,NaN,NaN,NaN,499.156034012382,0.913552315269856,49.5699881594781,11.8656349353435,9.89019847547661,2.02039292812469,0.0104541107109102,0.00453638182759372,2,1.00146571682416,3808.19089773204,1,17361.6924528302,1,1,1,17,2018-10-31T14:58:10.710,20181031_ecoli_ARA_M4_10K,2000,-0,164.3,DIA_100X_EMPTY_1x1_200ms,,,
11,42,9.64615115420224,405,49.4915215658076,1484.12345679012,1636.56543209877,NaN,NaN,NaN,NaN,NaN,NaN,NaN,NaN,NaN,NaN,NaN,NaN,NaN,NaN,NaN,417.936957547043,0.936827280477801,42.5970881675014,11.2981755522002,9.6130082511427,2.09168770108586,0.00965005176976891,0.00322589535961631,1,1.00032898051682,3091.6364884856,1,18087.4864197531,1,1,1,17,2018-10-31T14:58:10.710,20181031_ecoli_ARA_M4_10K,2000,-0,164.3,DIA_100X_EMPTY_1x1_200ms,,,
12,46,10.5199571608516,484,49.6523945736378,1527.15289256198,1100.43801652893,NaN,NaN,NaN,NaN,NaN,NaN,NaN,NaN,NaN,NaN,NaN,NaN,NaN,NaN,NaN,458.000008177863,0.930955016780327,46.1671341878576,11.6384530453151,9.74451390975939,2.06630073322467,0.00971453691499115,0.00532968971498046,1,1.00346976284478,3443.04863810364,0,17022.3161157025,1,1,1,17,2018-10-31T14:58:10.710,20181031_ecoli_ARA_M4_10K,2000,-0,164.3,DIA_100X_EMPTY_1x1_200ms,,,
13,48,11.2896237557,542,49.6533173224593,1668.92804428044,645.990774907749,NaN,NaN,NaN,NaN,NaN,NaN,NaN,NaN,NaN,NaN,NaN,NaN,NaN,NaN,NaN,496.210787630393,0.947559137369068,48.0323947288424,11.688054373448,10.1264620440588,2.17684227747938,0.00638362365137891,0.00209199052122404,3,1.00011836887737,3868.4732616339,0,16278.1992619926,1,1,1,17,2018-10-31T14:58:10.710,20181031_ecoli_ARA_M4_10K,2000,-0,164.3,DIA_100X_EMPTY_1x1_200ms,,,
14,36,11.2213999159843,404,49.025394758788,1734.48267326733,1148.4702970297,NaN,NaN,NaN,NaN,NaN,NaN,NaN,NaN,NaN,NaN,NaN,NaN,NaN,NaN,NaN,369.877969586852,0.961947759966725,35.6752657501913,11.7064603355438,10.0069636987122,2.6418391259907,0.743888315596537,0.0169401208283869,1,1.00358393173756,2805.8325362567,0,16669.650990099,1,1,1,17,2018-10-31T14:58:10.710,20181031_ecoli_ARA_M4_10K,2000,-0,164.3,DIA_100X_EMPTY_1x1_200ms,,,
15,58,11.0248183560432,640,49.2644052013911,1867.6765625,576.1015625,NaN,NaN,NaN,NaN,NaN,NaN,NaN,NaN,NaN,NaN,NaN,NaN,NaN,NaN,NaN,578.647168254221,0.916604469916057,58.1457506760831,11.4402464212088,9.80829881739728,1.85101396580085,0.00823367543091576,0.00248230511888778,3,1.00103804112061,4393.34430472215,0,16864.509375,1,1,1,17,2018-10-31T14:58:10.710,20181031_ecoli_ARA_M4_10K,2000,-0,164.3,DIA_100X_EMPTY_1x1_200ms,,,
16,42,10.9992963944285,463,48.8422559532485,1914.35205183585,814.993520518359,NaN,NaN,NaN,NaN,NaN,NaN,NaN,NaN,NaN,NaN,NaN,NaN,NaN,NaN,NaN,436.335811160448,0.941895119302134,43.3391926641395,11.6750708420679,9.90921564454585,2.09787995096712,0.00890042293092416,0.00337404400070921,3,1.00065752079612,3342.32946462875,0,16844.2937365011,1,1,1,17,2018-10-31T14:58:10.710,20181031_ecoli_ARA_M4_10K,2000,-0,164.3,DIA_100X_EMPTY_1x1_200ms,,,
1,30,11.6420961644157,352,18.4787059402737,15.9517045454545,925.142045454545,NaN,NaN,NaN,NaN,NaN,NaN,NaN,NaN,NaN,NaN,NaN,NaN,NaN,NaN,NaN,NaN,NaN,NaN,NaN,NaN,NaN,NaN,NaN,NaN,NaN,NaN,0,16764.2272727273,1,1,1,23,2018-10-31T14:58:24.759,20181031_ecoli_ARA_M4_10K,2500,-866,164.3,DIA_100X_EMPTY_1x1_200ms,,,
2,37,11.1209163966607,412,49.0499961814431,45.0898058252427,1662.69660194175,NaN,NaN,NaN,NaN,NaN,NaN,NaN,NaN,NaN,NaN,NaN,NaN,NaN,NaN,NaN,392.91044856918,0.950691834777077,37.8217377128058,12.0530864930429,10.1989510247034,2.30923278658979,0.0139591841557996,0.00631279053847368,0,1.00421025484269,3089.88540179028,0,16700.3810679612,1,1,1,23,2018-10-31T14:58:24.759,20181031_ecoli_ARA_M4_10K,2500,-866,164.3,DIA_100X_EMPTY_1x1_200ms,,,
3,32,10.7585508317014,344,48.79375630535,81.8313953488372,1507.30523255814,NaN,NaN,NaN,NaN,NaN,NaN,NaN,NaN,NaN,NaN,NaN,NaN,NaN,NaN,NaN,330.755606373792,0.968936301715455,32.2622032847937,11.6950672920807,10.0174312351522,2.46982371674274,0.00247538975797441,0.0010948107057601,2,1.00002625491952,2542.70890792754,0,16898.8779069767,1,1,1,23,2018-10-31T14:58:24.759,20181031_ecoli_ARA_M4_10K,2500,-866,164.3,DIA_100X_EMPTY_1x1_200ms,,,
4,28,11.4865294142383,322,42.7458083741859,90.0962732919255,1993.13043478261,NaN,NaN,NaN,NaN,NaN,NaN,NaN,NaN,NaN,NaN,NaN,NaN,NaN,NaN,NaN,297.969632705811,0.979810623884398,28.3506494113117,12.2053091292361,10.260908231964,2.69792821576401,0.0045905991710359,0.00199769078207135,2,1.00017103259035,2344.36106424839,0,16493.2173913043,1,1,1,23,2018-10-31T14:58:24.759,20181031_ecoli_ARA_M4_10K,2500,-866,164.3,DIA_100X_EMPTY_1x1_200ms,,,
5,29,10.5007941392321,305,45.3637369668373,100.403278688525,188.826229508197,NaN,NaN,NaN,NaN,NaN,NaN,NaN,NaN,NaN,NaN,NaN,NaN,NaN,NaN,NaN,290.44531129633,0.986071973971876,29.4013576529299,11.4616577457107,9.66456868434353,2.53377852481876,0.00207527257690047,0.000775343888897768,2,1.000032124696,2156.86131045545,0,17549.5475409836,1,1,1,23,2018-10-31T14:58:24.759,20181031_ecoli_ARA_M4_10K,2500,-866,164.3,DIA_100X_EMPTY_1x1_200ms,,,
6,56,16.8793949187852,946,-49.9383948846988,333.377378435518,856.993657505285,NaN,NaN,NaN,NaN,NaN,NaN,NaN,NaN,NaN,NaN,NaN,NaN,NaN,NaN,NaN,840.126710247922,0.797299258271497,NaN,NaN,NaN,NaN,NaN,NaN,NaN,NaN,NaN,0,18203.9978858351,1,1,1,23,2018-10-31T14:58:24.759,20181031_ecoli_ARA_M4_10K,2500,-866,164.3,DIA_100X_EMPTY_1x1_200ms,,,
7,44,10.9975562837487,484,49.5340001079647,457.165289256198,503.615702479339,NaN,NaN,NaN,NaN,NaN,NaN,NaN,NaN,NaN,NaN,NaN,NaN,NaN,NaN,NaN,445.690011563366,0.942160894939738,44.2106489755695,11.6193716626514,9.90939586835924,2.09581573417503,0.0155939704062072,0.00707501516080597,2,1.00248838187162,3409.66041805407,0,17289.3987603306,1,1,1,23,2018-10-31T14:58:24.759,20181031_ecoli_ARA_M4_10K,2500,-866,164.3,DIA_100X_EMPTY_1x1_200ms,,,
8,46,10.9627106660499,505,49.495221930817,504.29702970297,937.316831683168,NaN,NaN,NaN,NaN,NaN,NaN,NaN,NaN,NaN,NaN,NaN,NaN,NaN,NaN,NaN,464.134810793165,0.941530061288604,45.6600547509038,12.0111513004882,9.98658687624287,2.13448757765396,0.0112066669543656,0.0041171350409895,2,1.00115578890661,3576.5185187691,0,17027.996039604,1,1,1,23,2018-10-31T14:58:24.759,20181031_ecoli_ARA_M4_10K,2500,-866,164.3,DIA_100X_EMPTY_1x1_200ms,,,
9,57,11.2091375830468,639,-45.0394796490358,547.16744913928,1485.84663536776,NaN,NaN,NaN,NaN,NaN,NaN,NaN,NaN,NaN,NaN,NaN,NaN,NaN,NaN,NaN,594.860981613798,0.772478843928243,57.6751324951628,12.2894029553866,9.97559824396301,2.14895392893516,0.078291221304278,0.0248998688899684,4,1.0198931346349,4507.71429885853,0,17368.3881064163,1,1,1,23,2018-10-31T14:58:24.759,20181031_ecoli_ARA_M4_10K,2500,-866,164.3,DIA_100X_EMPTY_1x1_200ms,,,
10,49,10.9179395573822,535,49.6338347045438,717.669158878505,1504.64859813084,NaN,NaN,NaN,NaN,NaN,NaN,NaN,NaN,NaN,NaN,NaN,NaN,NaN,NaN,NaN,496.146777282412,0.914012714496429,48.9053465237305,11.5832450440635,10.0125326423926,1.98040070265971,0.0138835671805997,0.00574598428886837,2,1.00571347568049,3850.65058531182,0,16745.9719626168,1,1,1,23,2018-10-31T14:58:24.759,20181031_ecoli_ARA_M4_10K,2500,-866,164.3,DIA_100X_EMPTY_1x1_200ms,,,
11,48,11.0958282231827,533,49.0981334776988,813.43339587242,1275.98123827392,NaN,NaN,NaN,NaN,NaN,NaN,NaN,NaN,NaN,NaN,NaN,NaN,NaN,NaN,NaN,495.267463500732,0.930871109839723,48.585585336264,11.7614206932938,10.0257752797798,1.98415984622159,0.0197140697041686,0.00893431440528624,2,1.00239624961675,3835.59949381962,0,16896.3489681051,1,1,1,23,2018-10-31T14:58:24.759,20181031_ecoli_ARA_M4_10K,2500,-866,164.3,DIA_100X_EMPTY_1x1_200ms,,,
12,30,10.7296972779905,332,47.7515172461573,948.478915662651,1800.80421686747,NaN,NaN,NaN,NaN,NaN,NaN,NaN,NaN,NaN,NaN,NaN,NaN,NaN,NaN,NaN,313.672297044638,0.973255647638304,30.5764193393892,11.7511196179062,9.94918905498615,2.7005349902558,0.00244015803354164,0.00126405273496893,0,1.00008678502033,2377.12420412519,0,16993.6897590361,1,1,1,23,2018-10-31T14:58:24.759,20181031_ecoli_ARA_M4_10K,2500,-866,164.3,DIA_100X_EMPTY_1x1_200ms,,,
13,45,11.0110973056018,496,49.3945803812857,1062.52016129032,404.133064516129,NaN,NaN,NaN,NaN,NaN,NaN,NaN,NaN,NaN,NaN,NaN,NaN,NaN,NaN,NaN,457.680348744759,0.927256579927762,45.584131878073,11.357370588946,9.84276653509153,2.12832159356265,0.0104403113949826,0.00509288149346655,2,1.00406006192729,3468.46996191683,0,17187.1108870968,1,1,1,23,2018-10-31T14:58:24.759,20181031_ecoli_ARA_M4_10K,2500,-866,164.3,DIA_100X_EMPTY_1x1_200ms,,,
14,32,10.900179346854,349,48.6535339391666,1084.53868194842,846.971346704871,NaN,NaN,NaN,NaN,NaN,NaN,NaN,NaN,NaN,NaN,NaN,NaN,NaN,NaN,NaN,328.033779333174,0.962095269172763,32.6807813812517,11.7622177196927,9.79218705681504,2.46667871378828,0.00998242084429223,0.00516384206533754,0,1.00196581100021,2461.17058112735,0,17562.3638968481,1,1,1,23,2018-10-31T14:58:24.759,20181031_ecoli_ARA_M4_10K,2500,-866,164.3,DIA_100X_EMPTY_1x1_200ms,,,
15,32,10.8744586535331,348,47.6097127422546,1104.09770114943,539.043103448276,NaN,NaN,NaN,NaN,NaN,NaN,NaN,NaN,NaN,NaN,NaN,NaN,NaN,NaN,NaN,324.148230756135,0.971894641912618,32.1115434758449,11.5675297270851,9.82505277040827,2.55229212878871,0.00317179843742392,0.00167625283747361,1,1.00009346470342,2434.56203668935,0,17083.0977011494,1,1,1,23,2018-10-31T14:58:24.759,20181031_ecoli_ARA_M4_10K,2500,-866,164.3,DIA_100X_EMPTY_1x1_200ms,,,
16,31,11.2499056292675,349,49.3857744555192,1286.23782234957,697.919770773639,NaN,NaN,NaN,NaN,NaN,NaN,NaN,NaN,NaN,NaN,NaN,NaN,NaN,NaN,NaN,312.774135571712,0.984529140385253,29.8055765552364,12.1614402009627,10.0811781131367,2.95039608754385,0.0178183656321828,0.00274793812290761,1,1.00034148666983,2379.08513972602,0,16629.3724928367,1,1,1,23,2018-10-31T14:58:24.759,20181031_ecoli_ARA_M4_10K,2500,-866,164.3,DIA_100X_EMPTY_1x1_200ms,,,
17,26,11.7844241210097,307,41.8481805383288,1536.1661237785,243.361563517915,NaN,NaN,NaN,NaN,NaN,NaN,NaN,NaN,NaN,NaN,NaN,NaN,NaN,NaN,NaN,282.168256827792,0.993374796556737,26.2507214425986,12.2874155080634,10.4449076016124,2.96677946220953,0.00463432574779043,0.0022860636803698,0,1.00024915741368,2249.26346897992,0,16817.4104234528,1,1,1,23,2018-10-31T14:58:24.759,20181031_ecoli_ARA_M4_10K,2500,-866,164.3,DIA_100X_EMPTY_1x1_200ms,,,
18,28,11.3198638749334,317,46.0101922556021,1568.05678233438,927.958990536278,NaN,NaN,NaN,NaN,NaN,NaN,NaN,NaN,NaN,NaN,NaN,NaN,NaN,NaN,NaN,297.221817584382,0.985043087319101,28.1956547268539,12.2135818496637,10.2438249291131,2.85870908232577,0.00401817570265034,0.00167837466677695,1,1.00017024410689,2323.78722739245,0,16385.7160883281,1,1,1,23,2018-10-31T14:58:24.759,20181031_ecoli_ARA_M4_10K,2500,-866,164.3,DIA_100X_EMPTY_1x1_200ms,,,
19,34,9.29308736070106,317,47.3220485573612,1601.39432176656,2040.8643533123,NaN,NaN,NaN,NaN,NaN,NaN,NaN,NaN,NaN,NaN,NaN,NaN,NaN,NaN,NaN,NaN,NaN,NaN,NaN,NaN,NaN,NaN,NaN,NaN,NaN,NaN,0,17052.7160883281,1,1,1,23,2018-10-31T14:58:24.759,20181031_ecoli_ARA_M4_10K,2500,-866,164.3,DIA_100X_EMPTY_1x1_200ms,,,
1,68,10.7047586169579,728,-48.6083249519488,34.3997252747253,1868.60164835165,NaN,NaN,NaN,NaN,NaN,NaN,NaN,NaN,NaN,NaN,NaN,NaN,NaN,NaN,NaN,NaN,NaN,NaN,NaN,NaN,NaN,NaN,NaN,NaN,NaN,NaN,0,16881.3543956044,1,1,1,24,2018-10-31T14:58:27.094,20181031_ecoli_ARA_M4_10K,2000,-1732,164.3,DIA_100X_EMPTY_1x1_200ms,,,
2,32,10.407005508543,334,46.8575242840738,131.308383233533,1568.5119760479,NaN,NaN,NaN,NaN,NaN,NaN,NaN,NaN,NaN,NaN,NaN,NaN,NaN,NaN,NaN,332.127369347898,0.961709663165913,33.1412235911544,11.9246519962528,9.77518402525456,2.4519750266064,0.0124748983588962,0.00581924133422035,1,1.00215883726766,2487.18622790874,0,17052.2664670659,1,1,1,24,2018-10-31T14:58:27.094,20181031_ecoli_ARA_M4_10K,2000,-1732,164.3,DIA_100X_EMPTY_1x1_200ms,,,
3,39,10.3171581139378,403,49.2995895679942,271.042183622829,472.590570719603,NaN,NaN,NaN,NaN,NaN,NaN,NaN,NaN,NaN,NaN,NaN,NaN,NaN,NaN,NaN,376.858375760233,0.944816195082623,38.7239411309365,11.4541050977139,9.54180504710942,2.13335145531982,0.0063067184280347,0.00351342442907778,1,1.00115677756276,2769.04816967568,0,17625.1637717122,1,1,1,24,2018-10-31T14:58:27.094,20181031_ecoli_ARA_M4_10K,2000,-1732,164.3,DIA_100X_EMPTY_1x1_200ms,,,
4,29,10.4362664066834,303,47.4077286366371,661.075907590759,1901.12211221122,NaN,NaN,NaN,NaN,NaN,NaN,NaN,NaN,NaN,NaN,NaN,NaN,NaN,NaN,NaN,286.80266656133,0.98552071210926,28.3325045484701,11.495007034704,9.87664975969343,2.58728458690123,0.00490878653516941,0.00222484594444071,1,1.00014500803699,2170.67175491428,0,16955.9570957096,1,1,1,24,2018-10-31T14:58:27.094,20181031_ecoli_ARA_M4_10K,2000,-1732,164.3,DIA_100X_EMPTY_1x1_200ms,,,
5,34,11.1908503600896,383,46.1114166262577,807.79634464752,1450.61096605744,NaN,NaN,NaN,NaN,NaN,NaN,NaN,NaN,NaN,NaN,NaN,NaN,NaN,NaN,NaN,357.125981848257,0.948456526673197,35.2702141602355,11.5831697914846,9.91954006419652,2.33929902768254,0.0146078178336098,0.00726700852731318,1,1.00457912850411,2725.71880082508,0,16666.2167101828,1,1,1,24,2018-10-31T14:58:27.094,20181031_ecoli_ARA_M4_10K,2000,-1732,164.3,DIA_100X_EMPTY_1x1_200ms,,,
6,33,11.0051324875743,364,47.9285857037387,903.186813186813,1673.90934065934,NaN,NaN,NaN,NaN,NaN,NaN,NaN,NaN,NaN,NaN,NaN,NaN,NaN,NaN,NaN,343.556390729758,0.958759698450621,33.8715559741177,11.8049474721945,9.94559222901135,2.3751041709496,0.0122241797659807,0.00536261773822503,1,1.00224941496442,2631.39670836022,0,16848.9230769231,1,1,1,24,2018-10-31T14:58:27.094,20181031_ecoli_ARA_M4_10K,2000,-1732,164.3,DIA_100X_EMPTY_1x1_200ms,,,
7,33,10.5884310246848,350,49.1084022818219,991.925714285714,150.08,NaN,NaN,NaN,NaN,NaN,NaN,NaN,NaN,NaN,NaN,NaN,NaN,NaN,NaN,NaN,333.159928204458,0.978021527748285,33.0558276800348,11.4998147102987,9.80151489788018,2.50849153337898,0.00850251900110545,0.003346397859482,1,1.00076814036049,2494.16009184329,0,17401.26,1,1,1,24,2018-10-31T14:58:27.094,20181031_ecoli_ARA_M4_10K,2000,-1732,164.3,DIA_100X_EMPTY_1x1_200ms,,,
8,55,11.0227817220373,607,49.3800556192116,1447.25370675453,525.04942339374,NaN,NaN,NaN,NaN,NaN,NaN,NaN,NaN,NaN,NaN,NaN,NaN,NaN,NaN,NaN,554.883558002295,0.90212352176684,55.2743284533275,11.8998184903739,9.90945058381319,1.88733662632938,0.014299348053218,0.00543990161315226,3,1.0037464656188,4262.97228156374,0,17058.7726523888,1,1,1,24,2018-10-31T14:58:27.094,20181031_ecoli_ARA_M4_10K,2000,-1732,164.3,DIA_100X_EMPTY_1x1_200ms,,,
9,39,15.3341392698384,598,-49.9999890072398,1594.98996655518,984.290969899666,NaN,NaN,NaN,NaN,NaN,NaN,NaN,NaN,NaN,NaN,NaN,NaN,NaN,NaN,NaN,538.899099097701,0.767566260689081,NaN,NaN,NaN,NaN,NaN,NaN,NaN,NaN,NaN,0,16882.7307692308,1,1,1,24,2018-10-31T14:58:27.094,20181031_ecoli_ARA_M4_10K,2000,-1732,164.3,DIA_100X_EMPTY_1x1_200ms,,,
10,37,10.7476752546496,399,47.7389459864184,1697.32832080201,839.844611528822,NaN,NaN,NaN,NaN,NaN,NaN,NaN,NaN,NaN,NaN,NaN,NaN,NaN,NaN,NaN,376.649047226496,0.959333592152404,37.9435738156106,11.4629168270955,9.66326671579845,2.37241870357492,0.0118284415550313,0.00603453032631055,1,1.00097862193797,2782.76189830793,0,16759.5689223058,1,1,1,24,2018-10-31T14:58:27.094,20181031_ecoli_ARA_M4_10K,2000,-1732,164.3,DIA_100X_EMPTY_1x1_200ms,,,
11,44,11.3112146415369,498,49.4984726957986,1940.51004016064,1497.71485943775,NaN,NaN,NaN,NaN,NaN,NaN,NaN,NaN,NaN,NaN,NaN,NaN,NaN,NaN,NaN,452.792739887281,0.942636178891052,44.7270990446089,11.502602615017,9.84315148615689,2.32345933211015,0.00629252803752651,0.00354701099909976,1,1.00045108882538,3403.52504277693,0,16547.0642570281,1,1,1,24,2018-10-31T14:58:27.094,20181031_ecoli_ARA_M4_10K,2000,-1732,164.3,DIA_100X_EMPTY_1x1_200ms,,,
12,28,10.9155953283069,306,48.0301044154761,1975.37908496732,1195.44444444444,NaN,NaN,NaN,NaN,NaN,NaN,NaN,NaN,NaN,NaN,NaN,NaN,NaN,NaN,NaN,284.201882005395,0.982810499788905,27.2703053311096,12.0000838649563,10.1522383159646,2.77445673672612,0.00705168988155873,0.00328042301310004,1,1.00022152435486,2207.51411805096,0,16404.8921568627,1,1,1,24,2018-10-31T14:58:27.094,20181031_ecoli_ARA_M4_10K,2000,-1732,164.3,DIA_100X_EMPTY_1x1_200ms,,,
1,23,6.9976177022406,162,-49.5661573858577,5.76543209876543,951.783950617284,NaN,NaN,NaN,NaN,NaN,NaN,NaN,NaN,NaN,NaN,NaN,NaN,NaN,NaN,NaN,NaN,NaN,NaN,NaN,NaN,NaN,NaN,NaN,NaN,NaN,NaN,1,16646.9320987654,1,1,1,35,2018-10-31T14:58:52.773,20181031_ecoli_ARA_M4_10K,-500,2598,164.3,DIA_100X_EMPTY_1x1_200ms,,,
2,47,10.2485504527708,482,49.2480655572481,16.7697095435685,948.180497925311,NaN,NaN,NaN,NaN,NaN,NaN,NaN,NaN,NaN,NaN,NaN,NaN,NaN,NaN,NaN,469.261216700649,0.933729425149646,47.679959320432,11.5797008941632,9.67310446940146,2.01861497090052,0.00709820422764276,0.00297118594901766,0,1.0013093147725,3503.94688236377,1,17974.653526971,1,1,1,35,2018-10-31T14:58:52.773,20181031_ecoli_ARA_M4_10K,-500,2598,164.3,DIA_100X_EMPTY_1x1_200ms,,,
3,52,10.3291014632636,537,41.5773834944812,122.59217877095,1517.06517690875,NaN,NaN,NaN,NaN,NaN,NaN,NaN,NaN,NaN,NaN,NaN,NaN,NaN,NaN,NaN,511.706649546331,0.858581871199016,52.6798504337108,11.0538252649186,9.57220001147246,1.96011228728635,0.0265298888179855,0.00843436322917223,0,1.01327039388785,3791.03630862577,0,17445.3370577281,1,1,1,35,2018-10-31T14:58:52.773,20181031_ecoli_ARA_M4_10K,-500,2598,164.3,DIA_100X_EMPTY_1x1_200ms,,,
4,44,12.0240814209681,530,49.0278139719746,160.649056603774,1286.96603773585,NaN,NaN,NaN,NaN,NaN,NaN,NaN,NaN,NaN,NaN,NaN,NaN,NaN,NaN,NaN,474.534738982384,0.962149960890642,44.4108558270396,12.453862385925,10.4274607543728,2.41048481595529,0.010801728170838,0.00353972743250287,2,1.00106556804056,3792.59223661923,0,16404.541509434,1,1,1,35,2018-10-31T14:58:52.773,20181031_ecoli_ARA_M4_10K,-500,2598,164.3,DIA_100X_EMPTY_1x1_200ms,,,
5,31,10.5721464741811,328,48.2827020943221,402.567073170732,475.640243902439,NaN,NaN,NaN,NaN,NaN,NaN,NaN,NaN,NaN,NaN,NaN,NaN,NaN,NaN,NaN,301.521869746333,0.970844688025138,30.6622096861241,11.268647912681,9.57229182771659,2.47308754886731,0.00254706894715921,0.00142818228191197,1,1.00012252084627,2206.60801515401,0,17695.3018292683,1,1,1,35,2018-10-31T14:58:52.773,20181031_ecoli_ARA_M4_10K,-500,2598,164.3,DIA_100X_EMPTY_1x1_200ms,,,
6,41,11.7107608143193,481,48.8387209336812,427.515592515593,1914.71101871102,NaN,NaN,NaN,NaN,NaN,NaN,NaN,NaN,NaN,NaN,NaN,NaN,NaN,NaN,NaN,430.577460386375,0.945905341190815,41.2142569226683,12.0667059151988,10.148819232369,2.42027971997548,0.0141232195035638,0.00704270023830252,1,1.00137372105909,3334.02144968063,0,15816.525987526,1,1,1,35,2018-10-31T14:58:52.773,20181031_ecoli_ARA_M4_10K,-500,2598,164.3,DIA_100X_EMPTY_1x1_200ms,,,
7,32,9.49989640482638,304,48.5718219662038,541.398026315789,998.424342105263,NaN,NaN,NaN,NaN,NaN,NaN,NaN,NaN,NaN,NaN,NaN,NaN,NaN,NaN,NaN,312.574678185409,0.958903977488645,32.440902766372,11.4329080988699,9.34446584360627,2.45936124821741,0.0168752890722784,0.00892044979846116,1,1.0057273304839,2224.80409104422,1,17728.6414473684,1,1,1,35,2018-10-31T14:58:52.773,20181031_ecoli_ARA_M4_10K,-500,2598,164.3,DIA_100X_EMPTY_1x1_200ms,,,
8,45,10.3625603428306,467,49.1076314299132,540.944325481799,705.006423982869,NaN,NaN,NaN,NaN,NaN,NaN,NaN,NaN,NaN,NaN,NaN,NaN,NaN,NaN,NaN,446.556521479015,0.921106922949829,45.6040943034323,11.469099920242,9.60295571814228,2.07024835217288,0.00747109832604537,0.00298191727381969,2,1.00098230920346,3302.96193634758,1,17778.6423982869,1,1,1,35,2018-10-31T14:58:52.773,20181031_ecoli_ARA_M4_10K,-500,2598,164.3,DIA_100X_EMPTY_1x1_200ms,,,
9,59,10.2305268981098,604,48.9129164900546,567.326158940397,696.359271523179,NaN,NaN,NaN,NaN,NaN,NaN,NaN,NaN,NaN,NaN,NaN,NaN,NaN,NaN,NaN,576.84586248852,0.914301440046684,59.9014697231842,10.867441918542,9.46406984394632,1.8067390604062,0.0124175782833096,0.00574608307188382,1,1.00183987026454,4213.89037288737,1,17857.7698675497,1,1,1,35,2018-10-31T14:58:52.773,20181031_ecoli_ARA_M4_10K,-500,2598,164.3,DIA_100X_EMPTY_1x1_200ms,,,
10,53,9.512331132271,505,44.8879680407542,569.487128712871,993.946534653465,NaN,NaN,NaN,NaN,NaN,NaN,NaN,NaN,NaN,NaN,NaN,NaN,NaN,NaN,NaN,503.52815261017,0.846952043739346,53.7609820502106,10.6988839618061,9.15843614541882,1.94483648227256,0.777315896915152,0.0147860702785229,2,1.01135746705016,3541.60170676317,1,18062.2198019802,1,1,1,35,2018-10-31T14:58:52.773,20181031_ecoli_ARA_M4_10K,-500,2598,164.3,DIA_100X_EMPTY_1x1_200ms,,,
11,44,10.7343216822554,472,49.3196851632827,582.256355932203,1372.94491525424,NaN,NaN,NaN,NaN,NaN,NaN,NaN,NaN,NaN,NaN,NaN,NaN,NaN,NaN,NaN,452.736716809197,0.951362042424942,44.3643612762903,11.5294310231496,9.95957269485621,2.28827363121036,0.0119554451947897,0.00402397178543388,1,1.00144212911574,3456.25300600913,1,16815.6080508475,1,1,1,35,2018-10-31T14:58:52.773,20181031_ecoli_ARA_M4_10K,-500,2598,164.3,DIA_100X_EMPTY_1x1_200ms,,,
12,24,8.86142271259043,214,37.5075206155292,586.691588785047,1361.65420560748,NaN,NaN,NaN,NaN,NaN,NaN,NaN,NaN,NaN,NaN,NaN,NaN,NaN,NaN,NaN,248.375609903672,0.970728692359197,25.7934938117365,11.3576026562665,9.38252424422328,2.48295102729894,0.0179809419637813,0.0113098281985366,0,1.00545639797987,1783.3617381492,1,18364.7009345794,1,1,1,35,2018-10-31T14:58:52.773,20181031_ecoli_ARA_M4_10K,-500,2598,164.3,DIA_100X_EMPTY_1x1_200ms,,,
13,34,9.2631023897864,315,49.1333994850235,596.371428571429,59.9269841269841,NaN,NaN,NaN,NaN,NaN,NaN,NaN,NaN,NaN,NaN,NaN,NaN,NaN,NaN,NaN,318.175545466979,0.970683749147155,33.7970658884306,11.0863208699819,9.09144474487394,2.49665039432687,0.0405993451977936,0.00225225150707122,2,1.00007897390904,2193.99021776724,0,18401.8952380952,1,1,1,35,2018-10-31T14:58:52.773,20181031_ecoli_ARA_M4_10K,-500,2598,164.3,DIA_100X_EMPTY_1x1_200ms,,,
14,35,10.9145103773811,382,48.592411250499,617.400523560209,177.782722513089,NaN,NaN,NaN,NaN,NaN,NaN,NaN,NaN,NaN,NaN,NaN,NaN,NaN,NaN,NaN,343.237711034359,0.967010558290253,34.2409558630375,11.672822131031,9.66355865035574,2.67546266294989,0.00539836706340171,0.000837878204922317,3,1.00003178759345,2511.3655639241,0,17370.6465968586,1,1,1,35,2018-10-31T14:58:52.773,20181031_ecoli_ARA_M4_10K,-500,2598,164.3,DIA_100X_EMPTY_1x1_200ms,,,
15,29,10.4249388529569,303,47.4332648783166,883.772277227723,1147.75247524752,NaN,NaN,NaN,NaN,NaN,NaN,NaN,NaN,NaN,NaN,NaN,NaN,NaN,NaN,NaN,291.478762299774,0.97017185611103,29.3101573607614,11.9876563035064,9.56351269262688,2.76033627328971,0.0107285070862058,0.00413822250687089,1,1.0008843147031,2105.44018941122,0,17018.9108910891,1,1,1,35,2018-10-31T14:58:52.773,20181031_ecoli_ARA_M4_10K,-500,2598,164.3,DIA_100X_EMPTY_1x1_200ms,,,
16,42,10.2958272025887,433,49.3153715808197,1032.75057736721,657.635103926097,NaN,NaN,NaN,NaN,NaN,NaN,NaN,NaN,NaN,NaN,NaN,NaN,NaN,NaN,NaN,416.050017150094,0.9367802671029,42.3521745512083,11.2633567208266,9.67403657068465,2.03289808907537,0.0102551569614144,0.00482315070367113,2,1.00072012079485,3113.01379250055,1,17591.7136258661,1,1,1,35,2018-10-31T14:58:52.773,20181031_ecoli_ARA_M4_10K,-500,2598,164.3,DIA_100X_EMPTY_1x1_200ms,,,
17,31,10.3090209910029,320,48.9995054523922,1031.803125,634.996875,NaN,NaN,NaN,NaN,NaN,NaN,NaN,NaN,NaN,NaN,NaN,NaN,NaN,NaN,NaN,314.971255490752,0.965744391496665,31.0904846486323,11.9125726253876,9.72196939891989,2.77401623780677,0.0346513737831524,0.00727140500597334,1,1.00289715863755,2307.94722041427,1,17603.28125,1,1,1,35,2018-10-31T14:58:52.773,20181031_ecoli_ARA_M4_10K,-500,2598,164.3,DIA_100X_EMPTY_1x1_200ms,,,
18,30,11.7305506100685,352,47.8913177953446,1151.07386363636,471.928977272727,NaN,NaN,NaN,NaN,NaN,NaN,NaN,NaN,NaN,NaN,NaN,NaN,NaN,NaN,NaN,318.15238864865,0.981249670333363,30.0689089613794,12.0799975427858,10.2633049075883,2.81055904297634,0.00449137227792608,0.00149528719402317,2,1.00011171601976,2487.60839764586,0,16687.53125,1,1,1,35,2018-10-31T14:58:52.773,20181031_ecoli_ARA_M4_10K,-500,2598,164.3,DIA_100X_EMPTY_1x1_200ms,,,
19,28,10.2924663057822,289,47.3943738038609,1279.53979238754,714.574394463668,NaN,NaN,NaN,NaN,NaN,NaN,NaN,NaN,NaN,NaN,NaN,NaN,NaN,NaN,NaN,287.753652202124,0.979624672293235,27.6910831427259,12.0977890211754,10.0997396602195,2.70830607270327,0.00592884831108455,0.00203528649470212,1,1.00015304632085,2218.45275016616,1,17414.8131487889,1,1,1,35,2018-10-31T14:58:52.773,20181031_ecoli_ARA_M4_10K,-500,2598,164.3,DIA_100X_EMPTY_1x1_200ms,,,
20,52,10.4905852284126,546,48.7248615434643,1292.44688644689,709.492673992674,NaN,NaN,NaN,NaN,NaN,NaN,NaN,NaN,NaN,NaN,NaN,NaN,NaN,NaN,NaN,509.498668529835,0.886462096390235,51.5682527802083,11.519895777961,9.7122615875381,1.91731586829977,0.0139670277565633,0.00646320538560457,1,1.00689363029387,3820.43698299917,1,17290.9340659341,1,1,1,35,2018-10-31T14:58:52.773,20181031_ecoli_ARA_M4_10K,-500,2598,164.3,DIA_100X_EMPTY_1x1_200ms,,,
21,45,10.6445830463382,481,48.9951241257225,1425.05613305613,357.860706860707,NaN,NaN,NaN,NaN,NaN,NaN,NaN,NaN,NaN,NaN,NaN,NaN,NaN,NaN,NaN,451.348985712494,0.931075592284065,46.5526656122014,11.2340445415578,9.50227419468146,2.05805420939653,0.0081539115121661,0.00366432228335456,2,1.0022364546686,3301.3346595439,0,17606.6923076923,1,1,1,35,2018-10-31T14:58:52.773,20181031_ecoli_ARA_M4_10K,-500,2598,164.3,DIA_100X_EMPTY_1x1_200ms,,,
22,31,10.6691501359252,331,47.8228693914821,1553.57401812689,1982.08761329305,NaN,NaN,NaN,NaN,NaN,NaN,NaN,NaN,NaN,NaN,NaN,NaN,NaN,NaN,NaN,314.313547594015,0.968236498116225,31.2189601367574,11.8958692880948,9.81841957714703,2.49810296151381,0.00876099812446237,0.0038738294283268,1,1.00095153698651,2363.69528487316,0,16979.7280966767,1,1,1,35,2018-10-31T14:58:52.773,20181031_ecoli_ARA_M4_10K,-500,2598,164.3,DIA_100X_EMPTY_1x1_200ms,,,
23,33,11.0581062497398,365,49.130614918784,1572.05205479452,1786.92054794521,NaN,NaN,NaN,NaN,NaN,NaN,NaN,NaN,NaN,NaN,NaN,NaN,NaN,NaN,NaN,333.224246986276,0.967588614431626,32.3412346185626,12.0228862429623,10.0814637541755,2.43467108424803,0.00291467692978131,0.00127587677525856,2,1.00005582532218,2581.62799821604,0,16180.3561643836,1,1,1,35,2018-10-31T14:58:52.773,20181031_ecoli_ARA_M4_10K,-500,2598,164.3,DIA_100X_EMPTY_1x1_200ms,,,
24,37,11.5477429055645,428,49.0604534260341,1793.79205607477,1940.07710280374,NaN,NaN,NaN,NaN,NaN,NaN,NaN,NaN,NaN,NaN,NaN,NaN,NaN,NaN,NaN,386.906895819219,0.966045906815866,37.5958650950681,12.0185695674612,10.0609713834061,2.42739676308521,0.00585777357646757,0.00298523003015157,2,1.00014062424419,2988.88903218247,0,16619.5490654206,1,1,1,35,2018-10-31T14:58:52.773,20181031_ecoli_ARA_M4_10K,-500,2598,164.3,DIA_100X_EMPTY_1x1_200ms,,,
25,27,10.9943284609076,297,45.5162636139331,2025.36026936027,1157.31313131313,NaN,NaN,NaN,NaN,NaN,NaN,NaN,NaN,NaN,NaN,NaN,NaN,NaN,NaN,NaN,275.600641027412,0.974662222262804,26.9733466773121,12.031635460503,9.88206266035007,2.77494601528225,0.0210486451740784,0.0112486817123655,0,1.00648558614098,2068.80673928094,0,16990.7373737374,1,1,1,35,2018-10-31T14:58:52.773,20181031_ecoli_ARA_M4_10K,-500,2598,164.3,DIA_100X_EMPTY_1x1_200ms,,,
1,40,11.7249821575112,469,49.5833524539476,26.6545842217484,1634.81023454158,NaN,NaN,NaN,NaN,NaN,NaN,NaN,NaN,NaN,NaN,NaN,NaN,NaN,NaN,NaN,413.434212844184,0.956175510496474,38.7114564806543,12.2176374746232,10.4661835005605,2.40544886722008,0.00805961739335241,0.00419077335875876,1,1.00041383350652,3330.47426806426,0,16109.5074626866,1,1,1,36,2018-10-31T14:58:55.108,20181031_ecoli_ARA_M4_10K,500,2598,164.3,DIA_100X_EMPTY_1x1_200ms,,,
2,34,11.0205758484681,375,48.9439580579935,57.0853333333333,298.410666666667,NaN,NaN,NaN,NaN,NaN,NaN,NaN,NaN,NaN,NaN,NaN,NaN,NaN,NaN,NaN,344.7827232487,0.960446286468573,34.0084032382564,12.0421392393993,9.84844523825802,2.53084806859979,0.00695890671028773,0.00372843939408528,0,1.0010678376685,2590.66627504243,0,17484.8133333333,1,1,1,36,2018-10-31T14:58:55.108,20181031_ecoli_ARA_M4_10K,500,2598,164.3,DIA_100X_EMPTY_1x1_200ms,,,
3,43,10.4943094332823,451,48.6546886824773,232.809312638581,20.0487804878049,NaN,NaN,NaN,NaN,NaN,NaN,NaN,NaN,NaN,NaN,NaN,NaN,NaN,NaN,NaN,412.476260995512,0.896802828443148,42.4669427379093,11.1488485186638,9.49651573919322,2.14060043008089,0.0252896449805753,0.012302538452507,2,1.02002724868484,3007.94203361441,0,17751.1707317073,1,1,1,36,2018-10-31T14:58:55.108,20181031_ecoli_ARA_M4_10K,500,2598,164.3,DIA_100X_EMPTY_1x1_200ms,,,
4,37,11.5970325486,431,48.8122444725865,259.037122969838,1015.31090487239,NaN,NaN,NaN,NaN,NaN,NaN,NaN,NaN,NaN,NaN,NaN,NaN,NaN,NaN,NaN,389.082355409285,0.953762325920532,37.817928327133,11.6806210519387,10.095928324818,2.26739426423994,0.00613631168538027,0.00213833120860249,2,1.00053526420953,3027.47198568236,0,16852.9118329466,1,1,1,36,2018-10-31T14:58:55.108,20181031_ecoli_ARA_M4_10K,500,2598,164.3,DIA_100X_EMPTY_1x1_200ms,,,
5,30,11.4498857980843,344,47.4508648966403,286.244186046512,1955.88081395349,NaN,NaN,NaN,NaN,NaN,NaN,NaN,NaN,NaN,NaN,NaN,NaN,NaN,NaN,NaN,318.177183266277,0.971531255257526,30.3679498433212,11.9934160434173,10.2551255295563,2.58447744616437,0.0126475433631467,0.00563141981987778,1,1.00210155988682,2508.34527078581,0,16708.5145348837,1,1,1,36,2018-10-31T14:58:55.108,20181031_ecoli_ARA_M4_10K,500,2598,164.3,DIA_100X_EMPTY_1x1_200ms,,,
6,40,10.5851059621225,424,48.7437724518846,347.367924528302,579.964622641509,NaN,NaN,NaN,NaN,NaN,NaN,NaN,NaN,NaN,NaN,NaN,NaN,NaN,NaN,NaN,402.338584353335,0.947798419542552,41.0334677148749,11.5225042732924,9.58131836792609,2.23701138790491,0.00337384350626394,0.00152745874469406,1,1.00008567968683,2958.54816619848,0,17771.2240566038,1,1,1,36,2018-10-31T14:58:55.108,20181031_ecoli_ARA_M4_10K,500,2598,164.3,DIA_100X_EMPTY_1x1_200ms,,,
7,23,11.8542937333573,273,30.7404246264672,387.417582417582,256.622710622711,NaN,NaN,NaN,NaN,NaN,NaN,NaN,NaN,NaN,NaN,NaN,NaN,NaN,NaN,NaN,245.44462711855,0.999296247168809,22.4417235950091,12.8806986067029,10.6290127340653,3.14527021285978,0.000366427435161418,0.000188851518103437,1,1.00000040518077,1991.27822707832,0,17119.8754578755,1,1,1,36,2018-10-31T14:58:55.108,20181031_ecoli_ARA_M4_10K,500,2598,164.3,DIA_100X_EMPTY_1x1_200ms,,,
8,25,10.9168847128758,273,45.2839780905707,425.355311355311,583.761904761905,NaN,NaN,NaN,NaN,NaN,NaN,NaN,NaN,NaN,NaN,NaN,NaN,NaN,NaN,NaN,247.485938325599,0.996922371212216,24.1936571573441,11.8515562033701,9.90030779212555,2.91271252409656,0.00883221643212124,0.00491492006751817,0,1.00096460532136,1862.46790174613,0,16961.0769230769,1,1,1,36,2018-10-31T14:58:55.108,20181031_ecoli_ARA_M4_10K,500,2598,164.3,DIA_100X_EMPTY_1x1_200ms,,,
9,43,10.765573483818,463,49.5500652977964,495.913606911447,1746.19870410367,NaN,NaN,NaN,NaN,NaN,NaN,NaN,NaN,NaN,NaN,NaN,NaN,NaN,NaN,NaN,441.20426985692,0.942089736146452,43.4769182521135,11.4736704267729,9.91128517257175,2.24089804137944,0.0100267853723591,0.00517147506803712,1,1.0011863531066,3354.35156264199,0,16987.818574514,1,1,1,36,2018-10-31T14:58:55.108,20181031_ecoli_ARA_M4_10K,500,2598,164.3,DIA_100X_EMPTY_1x1_200ms,,,
10,34,11.79433950512,401,49.3621167553414,528.206982543641,1608.14962593516,NaN,NaN,NaN,NaN,NaN,NaN,NaN,NaN,NaN,NaN,NaN,NaN,NaN,NaN,NaN,360.522316456584,0.971825799942092,33.0564282302336,12.4641740728763,10.4532042055372,2.9982383459993,0.008293250308257,0.00471348059988161,1,1.00149540682463,2836.90423972056,0,15914.5162094763,1,1,1,36,2018-10-31T14:58:55.108,20181031_ecoli_ARA_M4_10K,500,2598,164.3,DIA_100X_EMPTY_1x1_200ms,,,
11,40,10.9839500792828,439,49.3055832837439,579.277904328018,625.717539863326,NaN,NaN,NaN,NaN,NaN,NaN,NaN,NaN,NaN,NaN,NaN,NaN,NaN,NaN,NaN,400.876847666783,0.933292128559685,39.9193584511969,11.4923198935732,9.78604282941208,2.28895933653671,0.0175558318109223,0.00933105453685476,1,1.00938140290542,3002.53209732689,0,17204.4874715262,1,1,1,36,2018-10-31T14:58:55.108,20181031_ecoli_ARA_M4_10K,500,2598,164.3,DIA_100X_EMPTY_1x1_200ms,,,
12,29,10.8271770184909,315,48.5913508767742,592.415873015873,845.314285714286,NaN,NaN,NaN,NaN,NaN,NaN,NaN,NaN,NaN,NaN,NaN,NaN,NaN,NaN,NaN,287.76716040997,0.993368494045245,28.4903754244701,11.8759270009467,9.73050122109664,2.89129141607076,0.0220515268722938,0.00120209995198689,1,1.00003552492065,2118.64638527106,0,16927.3492063492,1,1,1,36,2018-10-31T14:58:55.108,20181031_ecoli_ARA_M4_10K,500,2598,164.3,DIA_100X_EMPTY_1x1_200ms,,,
13,48,10.2237457848651,491,49.6562561754891,616.71283095723,1872.15071283096,NaN,NaN,NaN,NaN,NaN,NaN,NaN,NaN,NaN,NaN,NaN,NaN,NaN,NaN,NaN,464.720477178212,0.933278948104935,47.9169828907367,10.9887074141262,9.49191716519073,1.98843741579452,0.014394585352439,0.00582783902902402,2,1.00260958149871,3390.68328357783,0,16949.6619144603,1,1,1,36,2018-10-31T14:58:55.108,20181031_ecoli_ARA_M4_10K,500,2598,164.3,DIA_100X_EMPTY_1x1_200ms,,,
14,49,10.8830375334403,536,49.1009704740197,617.317164179104,1480.5802238806,NaN,NaN,NaN,NaN,NaN,NaN,NaN,NaN,NaN,NaN,NaN,NaN,NaN,NaN,NaN,510.860062691838,0.907429944743875,50.7780454449576,11.9705328961247,9.91365546969499,1.98254253254765,0.0130255407087825,0.00558382667571862,2,1.00378070180929,3919.52559514422,0,16912.7070895522,1,1,1,36,2018-10-31T14:58:55.108,20181031_ecoli_ARA_M4_10K,500,2598,164.3,DIA_100X_EMPTY_1x1_200ms,,,
15,31,12.0851237898388,375,46.6592601872844,948.168,293,NaN,NaN,NaN,NaN,NaN,NaN,NaN,NaN,NaN,NaN,NaN,NaN,NaN,NaN,NaN,322.768208810509,0.98177979163803,30.4680848593591,11.9786918804779,10.2397084263695,2.82866624435018,0.00745152706707452,0.00321884461958741,1,1.00055841889539,2509.05521492414,0,16639.5893333333,1,1,1,36,2018-10-31T14:58:55.108,20181031_ecoli_ARA_M4_10K,500,2598,164.3,DIA_100X_EMPTY_1x1_200ms,,,
16,34,10.7870000031991,368,48.5738645524811,1079.33695652174,238.1875,NaN,NaN,NaN,NaN,NaN,NaN,NaN,NaN,NaN,NaN,NaN,NaN,NaN,NaN,NaN,334.812792762872,0.974958954989979,33.4575586698151,11.2802399394233,9.8284540958849,2.31297093504009,0.00229731620620159,0.000977911661673388,2,1.00001320837117,2538.36783993957,0,17435.3260869565,1,1,1,36,2018-10-31T14:58:55.108,20181031_ecoli_ARA_M4_10K,500,2598,164.3,DIA_100X_EMPTY_1x1_200ms,,,
17,29,10.3849183509633,302,47.4918066464477,1262.70860927152,267.596026490066,NaN,NaN,NaN,NaN,NaN,NaN,NaN,NaN,NaN,NaN,NaN,NaN,NaN,NaN,NaN,285.086049627578,0.980174849196628,29.0130777783605,11.2708212641472,9.49171149187504,2.63335870168247,0.0050244679597393,0.00330642698973955,0,1.00057854268404,2052.92338429041,0,17334.7781456954,1,1,1,36,2018-10-31T14:58:55.108,20181031_ecoli_ARA_M4_10K,500,2598,164.3,DIA_100X_EMPTY_1x1_200ms,,,
18,57,10.702986832793,610,49.2938813397751,1327.49344262295,490.008196721311,NaN,NaN,NaN,NaN,NaN,NaN,NaN,NaN,NaN,NaN,NaN,NaN,NaN,NaN,NaN,551.070952550195,0.889712470583952,56.2313461861918,11.4027329179664,9.66622612329675,1.78699292141872,0.0103955608381862,0.00512022983297817,1,1.00382292837537,4126.50392876466,0,17194.5245901639,1,1,1,36,2018-10-31T14:58:55.108,20181031_ecoli_ARA_M4_10K,500,2598,164.3,DIA_100X_EMPTY_1x1_200ms,,,
19,47,9.99521146064356,470,48.923269872612,1512.67872340426,180.227659574468,NaN,NaN,NaN,NaN,NaN,NaN,NaN,NaN,NaN,NaN,NaN,NaN,NaN,NaN,NaN,453.589009366753,0.925254311345995,47.155888422002,11.2605540849974,9.45493685417854,1.99619914141517,0.00971425653457806,0.0040162772688984,3,1.00107170281444,3310.87723871131,0,17765.1787234043,1,1,1,36,2018-10-31T14:58:55.108,20181031_ecoli_ARA_M4_10K,500,2598,164.3,DIA_100X_EMPTY_1x1_200ms,,,
20,46,10.2584906430169,472,41.9760656422759,1593.38559322034,698.783898305085,NaN,NaN,NaN,NaN,NaN,NaN,NaN,NaN,NaN,NaN,NaN,NaN,NaN,NaN,NaN,456.908069275146,0.871879329796926,46.5816585353833,11.7005247432783,9.62482807197709,2.30884143676628,0.0228727145331153,0.00759327279219717,1,1.0096588861366,3389.14999313755,0,16952.3665254237,1,1,1,36,2018-10-31T14:58:55.108,20181031_ecoli_ARA_M4_10K,500,2598,164.3,DIA_100X_EMPTY_1x1_200ms,,,
21,33,10.8695223956529,359,48.9220607385612,1702.20055710306,1136.22284122563,NaN,NaN,NaN,NaN,NaN,NaN,NaN,NaN,NaN,NaN,NaN,NaN,NaN,NaN,NaN,339.051225259262,0.963974250967092,32.9959892653214,11.8616747456879,9.97410549174593,2.58389819262235,0.00686075760034119,0.00361716673918843,1,1.00024407632386,2578.09519538712,0,16755.8384401114,1,1,1,36,2018-10-31T14:58:55.108,20181031_ecoli_ARA_M4_10K,500,2598,164.3,DIA_100X_EMPTY_1x1_200ms,,,
22,24,11.4223555006054,275,21.5507056611431,1739.86545454545,567.734545454545,NaN,NaN,NaN,NaN,NaN,NaN,NaN,NaN,NaN,NaN,NaN,NaN,NaN,NaN,NaN,240.984934625066,0.999787037057911,23.4205141715139,12.7970539818494,10.0220047590617,3.18297935570899,0.00537936998969338,0.00231593938864018,1,1.00009050632313,1847.54708785235,0,20549.6109090909,1,1,1,36,2018-10-31T14:58:55.108,20181031_ecoli_ARA_M4_10K,500,2598,164.3,DIA_100X_EMPTY_1x1_200ms,,,
1,46,11.6009900205978,534,49.597188170578,95.7415730337079,898.565543071161,NaN,NaN,NaN,NaN,NaN,NaN,NaN,NaN,NaN,NaN,NaN,NaN,NaN,NaN,NaN,481.316885398355,0.950187961065284,46.1494672990741,11.9193729570201,10.252490171733,2.15347469691242,0.0149706812960075,0.00444846301037843,3,1.00078579225492,3809.91509128591,0,16490.3108614232,1,1,1,42,2018-10-31T14:59:09.104,20181031_ecoli_ARA_M4_10K,-2500,2598,164.3,DIA_100X_EMPTY_1x1_200ms,,,
2,32,10.0749299499513,323,48.2359942839847,438.148606811145,801.086687306502,NaN,NaN,NaN,NaN,NaN,NaN,NaN,NaN,NaN,NaN,NaN,NaN,NaN,NaN,NaN,313.754117617658,0.973962716751451,32.4352911897619,11.505167765228,9.48565107796531,2.36800685801874,0.00339414424280727,0.00144297762730284,1,1.00009835610391,2292.1443983357,0,17527.8544891641,1,1,1,42,2018-10-31T14:59:09.104,20181031_ecoli_ARA_M4_10K,-2500,2598,164.3,DIA_100X_EMPTY_1x1_200ms,,,
3,42,11.1428292080176,468,49.5499983899209,573.331196581197,1531.61538461538,NaN,NaN,NaN,NaN,NaN,NaN,NaN,NaN,NaN,NaN,NaN,NaN,NaN,NaN,NaN,423.084373426211,0.948996992949549,41.1352484240175,11.7998447245747,10.0736140045534,2.28709364859219,0.0083674855697931,0.0044541648555493,1,1.00224181041098,3278.49569215846,0,16487.6431623932,1,1,1,42,2018-10-31T14:59:09.104,20181031_ecoli_ARA_M4_10K,-2500,2598,164.3,DIA_100X_EMPTY_1x1_200ms,,,
4,27,11.3097335741983,306,47.0366224950848,745.016339869281,215.728758169935,NaN,NaN,NaN,NaN,NaN,NaN,NaN,NaN,NaN,NaN,NaN,NaN,NaN,NaN,NaN,270.680885173208,0.991719539337052,25.9241594728142,11.9115865569076,10.0415989460711,2.96097832928204,0.0112565276807719,0.00551969749913807,1,1.0014602369789,2053.0537033409,0,16901.3823529412,1,1,1,42,2018-10-31T14:59:09.104,20181031_ecoli_ARA_M4_10K,-2500,2598,164.3,DIA_100X_EMPTY_1x1_200ms,,,
5,42,10.7932726431167,455,48.4729765401042,915.206593406593,361.626373626374,NaN,NaN,NaN,NaN,NaN,NaN,NaN,NaN,NaN,NaN,NaN,NaN,NaN,NaN,NaN,421.691269724971,0.910088152442888,43.3213502349301,11.0924525832943,9.49635718006756,2.14854557517755,0.0167733228230095,0.00768369134955249,2,1.00825591038334,3068.3574226488,0,17531.2,1,1,1,42,2018-10-31T14:59:09.104,20181031_ecoli_ARA_M4_10K,-2500,2598,164.3,DIA_100X_EMPTY_1x1_200ms,,,
6,46,10.9545761431182,505,49.3926436699624,1193.61584158416,808.362376237624,NaN,NaN,NaN,NaN,NaN,NaN,NaN,NaN,NaN,NaN,NaN,NaN,NaN,NaN,NaN,472.779244613845,0.912641012172432,46.6308177456089,11.8999715890185,9.9581693050619,2.0926767422597,0.0177303968281954,0.00795303262484417,2,1.00386275297698,3631.80000054053,0,16860.500990099,1,1,1,42,2018-10-31T14:59:09.104,20181031_ecoli_ARA_M4_10K,-2500,2598,164.3,DIA_100X_EMPTY_1x1_200ms,,,
7,66,12.7829378312165,844,-49.9947124490025,1210.92180094787,901.041469194313,NaN,NaN,NaN,NaN,NaN,NaN,NaN,NaN,NaN,NaN,NaN,NaN,NaN,NaN,NaN,785.987023855412,0.568868399549045,79.3091968004578,12.8553272978833,9.70352934189423,2.58410860379427,0.131682748121195,0.021597342041211,2,1.23808102606445,5865.06567879077,0,17130.1291469194,1,1,1,42,2018-10-31T14:59:09.104,20181031_ecoli_ARA_M4_10K,-2500,2598,164.3,DIA_100X_EMPTY_1x1_200ms,,,
8,37,10.7571871927055,397,49.5177481144962,1537.87153652393,145.198992443325,NaN,NaN,NaN,NaN,NaN,NaN,NaN,NaN,NaN,NaN,NaN,NaN,NaN,NaN,NaN,363.950437474905,0.954582337591139,36.1601420998243,11.3621370707431,9.8463662278524,2.29529357336186,0.0101516491683891,0.00575980975932832,1,1.0029531458171,2753.41693856173,0,17305.8589420655,1,1,1,42,2018-10-31T14:59:09.104,20181031_ecoli_ARA_M4_10K,-2500,2598,164.3,DIA_100X_EMPTY_1x1_200ms,,,
9,40,20.0297849003103,802,-49.9870436153967,1561.60598503741,257.340399002494,NaN,NaN,NaN,NaN,NaN,NaN,NaN,NaN,NaN,NaN,NaN,NaN,NaN,NaN,NaN,NaN,NaN,NaN,NaN,NaN,NaN,NaN,NaN,NaN,NaN,NaN,0,17860.6658354115,1,1,1,42,2018-10-31T14:59:09.104,20181031_ecoli_ARA_M4_10K,-2500,2598,164.3,DIA_100X_EMPTY_1x1_200ms,,,
10,23,11.9056029446685,274,36.1947952450525,1704.43065693431,609.091240875912,NaN,NaN,NaN,NaN,NaN,NaN,NaN,NaN,NaN,NaN,NaN,NaN,NaN,NaN,NaN,255.494238308486,0.999690729517121,22.8044683403853,13.2030946668905,10.8683768537128,3.33656495588031,0.00558279051057574,0.00242337239799307,1,1.00013487162864,2115.62753499571,0,16059.8175182482,1,1,1,42,2018-10-31T14:59:09.104,20181031_ecoli_ARA_M4_10K,-2500,2598,164.3,DIA_100X_EMPTY_1x1_200ms,,,
11,31,11.1476251115838,346,48.1758621090582,1939.39595375723,885.187861271676,NaN,NaN,NaN,NaN,NaN,NaN,NaN,NaN,NaN,NaN,NaN,NaN,NaN,NaN,NaN,317.461847558807,0.983546896680757,30.4918839548885,12.0372977350951,10.0911353308012,2.75853066777667,0.00333804603506279,0.00167088592523655,0,1.00014187716437,2438.67654112577,0,16261.7572254335,1,1,1,42,2018-10-31T14:59:09.104,20181031_ecoli_ARA_M4_10K,-2500,2598,164.3,DIA_100X_EMPTY_1x1_200ms,,,
12,38,10.9447976217439,416,49.5690570715407,2020.70192307692,572.591346153846,NaN,NaN,NaN,NaN,NaN,NaN,NaN,NaN,NaN,NaN,NaN,NaN,NaN,NaN,NaN,376.195513845218,0.962489324315361,37.1017750699729,11.6357205606137,9.77956788798704,2.56565962711206,0.02664225156579,0.00351057167602756,0,1.00093409120336,2786.91614306429,0,17293.8100961538,1,1,1,42,2018-10-31T14:59:09.104,20181031_ecoli_ARA_M4_10K,-2500,2598,164.3,DIA_100X_EMPTY_1x1_200ms,,,
1,43,10.0790241329978,440,48.5287714721173,6.84545454545455,1446.32727272727,NaN,NaN,NaN,NaN,NaN,NaN,NaN,NaN,NaN,NaN,NaN,NaN,NaN,NaN,NaN,NaN,NaN,NaN,NaN,NaN,NaN,NaN,NaN,NaN,NaN,NaN,0,16237.1159090909,1,1,1,49,2018-10-31T14:59:25.550,20181031_ecoli_ARA_M4_10K,-2000,-3464,164.3,DIA_100X_EMPTY_1x1_200ms,,,
2,32,9.43854966169409,302,48.6922025844682,39.5,142.32119205298,NaN,NaN,NaN,NaN,NaN,NaN,NaN,NaN,NaN,NaN,NaN,NaN,NaN,NaN,NaN,306.854828580093,0.969054267263348,31.2430215436545,11.2645862275195,9.58889276658482,2.40467489447698,0.0101054580366782,0.00408396152436049,1,1.00106643516567,2256.21162960407,1,17744.7086092715,1,1,1,49,2018-10-31T14:59:25.550,20181031_ecoli_ARA_M4_10K,-2000,-3464,164.3,DIA_100X_EMPTY_1x1_200ms,,,
3,47,8.90560393117762,419,49.3542345220067,57.6300715990453,223.295942720764,NaN,NaN,NaN,NaN,NaN,NaN,NaN,NaN,NaN,NaN,NaN,NaN,NaN,NaN,NaN,443.748446470441,0.925765851952616,47.9789686254829,10.807903079243,9.06201036815695,1.97810661609701,0.0128385263466008,0.00487203450958161,3,1.00071930250974,3094.49580870273,1,18953.1193317422,1,1,1,49,2018-10-31T14:59:25.550,20181031_ecoli_ARA_M4_10K,-2000,-3464,164.3,DIA_100X_EMPTY_1x1_200ms,,,
4,34,10.6017136359067,361,48.7826332341675,50.3490304709141,136.160664819945,NaN,NaN,NaN,NaN,NaN,NaN,NaN,NaN,NaN,NaN,NaN,NaN,NaN,NaN,NaN,344.064796591598,0.9600665666885,33.9190315155163,11.5965608765957,9.95906867456794,2.37710924680904,0.00792511178581588,0.00434627147661502,1,1.00035112412755,2642.23097229404,1,17860.216066482,1,1,1,49,2018-10-31T14:59:25.550,20181031_ecoli_ARA_M4_10K,-2000,-3464,164.3,DIA_100X_EMPTY_1x1_200ms,,,
5,40,11.0230288207026,442,48.8389541216698,58.1357466063348,235.631221719457,NaN,NaN,NaN,NaN,NaN,NaN,NaN,NaN,NaN,NaN,NaN,NaN,NaN,NaN,NaN,416.352884619087,0.906807723742025,40.3872676295483,12.2315624648811,10.079435314149,2.28055098480598,0.0113355667974089,0.00502331640282882,3,1.00060457527083,3222.60263449162,1,18480.7285067873,1,1,1,49,2018-10-31T14:59:25.550,20181031_ecoli_ARA_M4_10K,-2000,-3464,164.3,DIA_100X_EMPTY_1x1_200ms,,,
6,44,10.3210880946987,454,48.8141523874891,90.9229074889868,646.984581497797,NaN,NaN,NaN,NaN,NaN,NaN,NaN,NaN,NaN,NaN,NaN,NaN,NaN,NaN,NaN,436.898772933096,0.930863460350497,44.6734324701097,11.5190590364761,9.50378774656073,2.24242123841473,0.00991849731874847,0.00625143544291993,1,1.00490671948734,3169.07604637838,0,17557.8612334802,1,1,1,49,2018-10-31T14:59:25.550,20181031_ecoli_ARA_M4_10K,-2000,-3464,164.3,DIA_100X_EMPTY_1x1_200ms,,,
7,27,11.0235187077421,298,46.0873734257468,174.906040268456,260.755033557047,NaN,NaN,NaN,NaN,NaN,NaN,NaN,NaN,NaN,NaN,NaN,NaN,NaN,NaN,NaN,271.269807310902,0.986435957541187,26.2720669261501,11.8077603511114,10.0376920808009,2.73781995878369,0.00337345384072405,0.00187636305558899,1,1.00004214447095,2078.98741873727,0,17298.4261744966,1,1,1,49,2018-10-31T14:59:25.550,20181031_ecoli_ARA_M4_10K,-2000,-3464,164.3,DIA_100X_EMPTY_1x1_200ms,,,
8,47,11.2270791510289,528,49.3650475562906,185.545454545455,47.2897727272727,NaN,NaN,NaN,NaN,NaN,NaN,NaN,NaN,NaN,NaN,NaN,NaN,NaN,NaN,NaN,486.211686636067,0.928803461991461,47.3471669558237,11.7559335043942,10.1225677972959,2.033697407992,0.0122625850030472,0.00508716382322884,1,1.00388124913508,3810.35349159315,0,16060.0738636364,1,1,1,49,2018-10-31T14:59:25.550,20181031_ecoli_ARA_M4_10K,-2000,-3464,164.3,DIA_100X_EMPTY_1x1_200ms,,,
9,35,10.5197098614371,369,48.4115497083475,186.872628726287,1693.0027100271,NaN,NaN,NaN,NaN,NaN,NaN,NaN,NaN,NaN,NaN,NaN,NaN,NaN,NaN,NaN,356.395495407241,0.968439360265124,35.6507013648413,11.813743413363,9.7712064080227,2.37787187826619,0.00530227739418555,0.00293406841179461,0,1.0007173472854,2673.34084920466,1,17322.8319783198,1,1,1,49,2018-10-31T14:59:25.550,20181031_ecoli_ARA_M4_10K,-2000,-3464,164.3,DIA_100X_EMPTY_1x1_200ms,,,
10,27,10.4822147129253,283,41.1721172375357,191.187279151943,1712.3038869258,NaN,NaN,NaN,NaN,NaN,NaN,NaN,NaN,NaN,NaN,NaN,NaN,NaN,NaN,NaN,275.939466662197,0.991744397880627,27.259485248846,11.8509852930848,9.85379213462232,2.80900474367351,0.00105996575102623,0.000441517314511962,1,1.00001115897722,2078.80774027523,1,16891.0035335689,1,1,1,49,2018-10-31T14:59:25.550,20181031_ecoli_ARA_M4_10K,-2000,-3464,164.3,DIA_100X_EMPTY_1x1_200ms,,,
11,33,15.9588659936075,527,-46.7377409217139,260.187855787476,692.948766603416,NaN,NaN,NaN,NaN,NaN,NaN,NaN,NaN,NaN,NaN,NaN,NaN,NaN,NaN,NaN,440.016064366951,0.837432628188258,38.6803676689515,17.8942175316979,11.0115457596069,4.89575962440682,0.0926639843720112,0.0420322589134528,2,1.22558159915406,3683.63890093731,0,20258.4117647059,1,1,1,49,2018-10-31T14:59:25.550,20181031_ecoli_ARA_M4_10K,-2000,-3464,164.3,DIA_100X_EMPTY_1x1_200ms,,,
12,33,11.3168477346978,374,48.9373589800801,332.021390374332,871.27807486631,NaN,NaN,NaN,NaN,NaN,NaN,NaN,NaN,NaN,NaN,NaN,NaN,NaN,NaN,NaN,342.082411155768,0.969827993352812,33.0218227632027,11.7713274321307,9.90481365676688,2.92367216566804,0.0153649054738645,0.00121297947950707,1,1.00002889042171,2544.38919278264,0,16761.6229946524,1,1,1,49,2018-10-31T14:59:25.550,20181031_ecoli_ARA_M4_10K,-2000,-3464,164.3,DIA_100X_EMPTY_1x1_200ms,,,
13,40,12.1019782617652,484,49.5012278099418,372.665289256198,1991.35537190083,NaN,NaN,NaN,NaN,NaN,NaN,NaN,NaN,NaN,NaN,NaN,NaN,NaN,NaN,NaN,427.61873871389,0.937656401692091,39.5231148049386,12.7808938919366,10.4384879826646,2.71989141007017,0.0111327114511157,0.00507033175119738,2,1.00266867420527,3382.33201505197,0,16181.1673553719,1,1,1,49,2018-10-31T14:59:25.550,20181031_ecoli_ARA_M4_10K,-2000,-3464,164.3,DIA_100X_EMPTY_1x1_200ms,,,
14,41,9.87061199916564,405,49.3373008263821,471.237037037037,1178.07654320988,NaN,NaN,NaN,NaN,NaN,NaN,NaN,NaN,NaN,NaN,NaN,NaN,NaN,NaN,NaN,405.734121288624,0.938175409114286,41.6916943509871,11.2119618285053,9.55169222461087,2.03236375971036,0.00992417997903296,0.0042229859887274,1,1.00184063886111,2987.44602054541,1,17693.0320987654,1,1,1,49,2018-10-31T14:59:25.550,20181031_ecoli_ARA_M4_10K,-2000,-3464,164.3,DIA_100X_EMPTY_1x1_200ms,,,
15,29,10.470913624098,304,47.8179489543489,478.898026315789,1189.11513157895,NaN,NaN,NaN,NaN,NaN,NaN,NaN,NaN,NaN,NaN,NaN,NaN,NaN,NaN,NaN,297.386692704446,0.981820518916632,28.8307117774154,11.8634857222614,9.93130997162095,2.86995421689179,0.0188143103733086,0.0109974607863168,0,1.00668393009851,2233.35787348122,1,17611.4243421053,1,1,1,49,2018-10-31T14:59:25.550,20181031_ecoli_ARA_M4_10K,-2000,-3464,164.3,DIA_100X_EMPTY_1x1_200ms,,,
16,46,11.2027856551075,516,49.2800376018872,523.738372093023,25.7693798449612,NaN,NaN,NaN,NaN,NaN,NaN,NaN,NaN,NaN,NaN,NaN,NaN,NaN,NaN,NaN,478.260412723975,0.935766984935777,47.3549946630706,11.4382887601652,9.95456281910706,2.01694331154619,0.00593982106916475,0.00351274409855652,2,1.00188954951738,3685.53089848245,0,17115.2926356589,1,1,1,49,2018-10-31T14:59:25.550,20181031_ecoli_ARA_M4_10K,-2000,-3464,164.3,DIA_100X_EMPTY_1x1_200ms,,,
17,46,11.4299254636018,526,49.2917317952752,545.326996197719,1266.75475285171,NaN,NaN,NaN,NaN,NaN,NaN,NaN,NaN,NaN,NaN,NaN,NaN,NaN,NaN,NaN,480.004726611022,0.931689140805859,45.3572554683589,12.2296611904371,10.3194969958278,2.37247742096222,0.0133036131172674,0.00506564253955644,2,1.00188937439627,3793.61895955757,0,16623.6844106464,1,1,1,49,2018-10-31T14:59:25.550,20181031_ecoli_ARA_M4_10K,-2000,-3464,164.3,DIA_100X_EMPTY_1x1_200ms,,,
18,30,10.9599403999442,329,48.1027375530915,563.401215805471,745.504559270517,NaN,NaN,NaN,NaN,NaN,NaN,NaN,NaN,NaN,NaN,NaN,NaN,NaN,NaN,NaN,310.712509721242,0.979449550823423,30.133683794907,12.0415401079698,10.0243603847013,2.70928325887839,0.00608432273998123,0.00236279750635374,1,1.00029058688966,2378.23875074253,0,16842.7051671733,1,1,1,49,2018-10-31T14:59:25.550,20181031_ecoli_ARA_M4_10K,-2000,-3464,164.3,DIA_100X_EMPTY_1x1_200ms,,,
19,45,10.8990478147278,491,49.1716348368424,607.733197556008,1777.05702647658,NaN,NaN,NaN,NaN,NaN,NaN,NaN,NaN,NaN,NaN,NaN,NaN,NaN,NaN,NaN,460.914783899835,0.949541923326647,46.1109320141858,11.4479846781626,9.81024358444121,2.07817228525544,0.00866533818301027,0.00340123316114369,2,1.00079880036441,3485.40591241014,0,17106.4378818737,1,1,1,49,2018-10-31T14:59:25.550,20181031_ecoli_ARA_M4_10K,-2000,-3464,164.3,DIA_100X_EMPTY_1x1_200ms,,,
20,32,9.92842243221926,318,48.7725327097253,619.358490566038,877.600628930818,NaN,NaN,NaN,NaN,NaN,NaN,NaN,NaN,NaN,NaN,NaN,NaN,NaN,NaN,NaN,318.509492573374,0.964025567584636,32.9087043951199,11.176079249706,9.36096547265192,2.50535447324904,0.0106561708951108,0.00556356514299321,0,1.00237139542219,2264.86308213964,0,18354.5157232704,1,1,1,49,2018-10-31T14:59:25.550,20181031_ecoli_ARA_M4_10K,-2000,-3464,164.3,DIA_100X_EMPTY_1x1_200ms,,,
21,35,10.4216856196494,365,49.5626582829872,626.2,358.742465753425,NaN,NaN,NaN,NaN,NaN,NaN,NaN,NaN,NaN,NaN,NaN,NaN,NaN,NaN,NaN,346.927502906858,0.966102919389309,35.1474447127862,11.3767997242434,9.64165730925652,2.28878480130975,0.00351252062754176,0.00130290379496706,2,1.00006398846255,2566.17943717362,0,17583.904109589,1,1,1,49,2018-10-31T14:59:25.550,20181031_ecoli_ARA_M4_10K,-2000,-3464,164.3,DIA_100X_EMPTY_1x1_200ms,,,
22,43,11.667272614951,502,49.5253820925073,729.250996015936,846.123505976096,NaN,NaN,NaN,NaN,NaN,NaN,NaN,NaN,NaN,NaN,NaN,NaN,NaN,NaN,NaN,450.605641242351,0.939544100419777,43.0630389992038,11.8540720024145,10.2386886510809,2.26439852416335,0.00885773773720474,0.00330500871042664,2,1.00168879089893,3545.54686238587,0,16483.4521912351,1,1,1,49,2018-10-31T14:59:25.550,20181031_ecoli_ARA_M4_10K,-2000,-3464,164.3,DIA_100X_EMPTY_1x1_200ms,,,
23,31,9.37549595834335,291,34.8401496627471,985.034364261168,9.20274914089347,NaN,NaN,NaN,NaN,NaN,NaN,NaN,NaN,NaN,NaN,NaN,NaN,NaN,NaN,NaN,NaN,NaN,NaN,NaN,NaN,NaN,NaN,NaN,NaN,NaN,NaN,0,17242.8487972509,1,1,1,49,2018-10-31T14:59:25.550,20181031_ecoli_ARA_M4_10K,-2000,-3464,164.3,DIA_100X_EMPTY_1x1_200ms,,,
24,50,11.1028921645297,555,49.6164330408653,1035.88468468468,967.535135135135,NaN,NaN,NaN,NaN,NaN,NaN,NaN,NaN,NaN,NaN,NaN,NaN,NaN,NaN,NaN,512.284149059626,0.934386282565094,49.2073290119537,12.2793493154259,10.2428299802003,2.08924119813429,0.00724242621137585,0.00312484864732276,1,1.00038489725528,4054.70816245582,0,16537.4432432432,1,1,1,49,2018-10-31T14:59:25.550,20181031_ecoli_ARA_M4_10K,-2000,-3464,164.3,DIA_100X_EMPTY_1x1_200ms,,,
25,27,10.3596485096392,280,46.6374680689388,1107.73214285714,944.507142857143,NaN,NaN,NaN,NaN,NaN,NaN,NaN,NaN,NaN,NaN,NaN,NaN,NaN,NaN,NaN,273.092193883247,0.9896900198103,26.9635718075545,11.6764384823095,9.74918543997679,2.87643502103146,0.00893769246509326,0.00409482423943038,1,1.00087020355467,2012.81548803101,0,17137.2821428571,1,1,1,49,2018-10-31T14:59:25.550,20181031_ecoli_ARA_M4_10K,-2000,-3464,164.3,DIA_100X_EMPTY_1x1_200ms,,,
26,24,10.8290554785983,261,34.2873589576045,1113.30268199234,1369.13026819923,NaN,NaN,NaN,NaN,NaN,NaN,NaN,NaN,NaN,NaN,NaN,NaN,NaN,NaN,NaN,251.216746820849,0.99507481689933,24.1465428502747,12.0761698952146,10.0510683850305,2.94929498152616,0.0072405287021142,0.00425449862237026,0,1.0006980622742,1915.88438150743,0,16542.3831417625,1,1,1,49,2018-10-31T14:59:25.550,20181031_ecoli_ARA_M4_10K,-2000,-3464,164.3,DIA_100X_EMPTY_1x1_200ms,,,
27,38,11.0367731026675,419,49.7424814971415,1165.42243436754,781.486873508353,NaN,NaN,NaN,NaN,NaN,NaN,NaN,NaN,NaN,NaN,NaN,NaN,NaN,NaN,NaN,383.335711373893,0.964703990579395,37.3085812647339,11.4935253419955,10.079525528328,2.26649067865119,0.00846456367671777,0.00299290696352556,2,1.00065171656956,2976.99972160973,0,16748.0859188544,1,1,1,49,2018-10-31T14:59:25.550,20181031_ecoli_ARA_M4_10K,-2000,-3464,164.3,DIA_100X_EMPTY_1x1_200ms,,,
28,34,11.9012254697355,405,49.0384073554453,1404.42469135802,555.264197530864,NaN,NaN,NaN,NaN,NaN,NaN,NaN,NaN,NaN,NaN,NaN,NaN,NaN,NaN,NaN,360.269701733287,0.977539359859378,33.9862638722894,11.976791341227,10.1410598579695,2.95500307894411,0.0419671299949963,0.00359530355694518,1,1.00029209816379,2745.1115601117,0,16512.9135802469,1,1,1,49,2018-10-31T14:59:25.550,20181031_ecoli_ARA_M4_10K,-2000,-3464,164.3,DIA_100X_EMPTY_1x1_200ms,,,
29,32,11.1764374367472,358,48.6298770367654,1405.17318435754,1833.85195530726,NaN,NaN,NaN,NaN,NaN,NaN,NaN,NaN,NaN,NaN,NaN,NaN,NaN,NaN,NaN,335.235268887982,0.966249150600916,32.0644783777088,12.3673319373419,10.1662057920939,2.66403015751644,0.00628515797088328,0.00202453506872551,1,1.00012339017084,2602.74639825278,0,16644.6117318436,1,1,1,49,2018-10-31T14:59:25.550,20181031_ecoli_ARA_M4_10K,-2000,-3464,164.3,DIA_100X_EMPTY_1x1_200ms,,,
30,38,11.8963923110421,453,48.7600850850737,1537.2825607064,1313.96909492274,NaN,NaN,NaN,NaN,NaN,NaN,NaN,NaN,NaN,NaN,NaN,NaN,NaN,NaN,NaN,405.579722518573,0.951529171125948,38.5518259635928,12.008192835781,10.2630153396023,2.46156221901619,0.00394812169416794,0.00147005627198811,1,1.00004321097825,3189.2222853364,0,16504.9845474614,1,1,1,49,2018-10-31T14:59:25.550,20181031_ecoli_ARA_M4_10K,-2000,-3464,164.3,DIA_100X_EMPTY_1x1_200ms,,,
31,30,11.2339116629728,337,47.6066105627958,1542.54302670623,1938.16320474777,NaN,NaN,NaN,NaN,NaN,NaN,NaN,NaN,NaN,NaN,NaN,NaN,NaN,NaN,NaN,312.474854787443,0.969106090090333,29.9973084030554,11.9577412171864,9.91362083212045,3.04453225886215,0.0079456752163192,0.0033186411953333,1,1.00062764598359,2315.45730924141,0,16292.1127596439,1,1,1,49,2018-10-31T14:59:25.550,20181031_ecoli_ARA_M4_10K,-2000,-3464,164.3,DIA_100X_EMPTY_1x1_200ms,,,
32,34,11.3570096076216,387,49.0869679881243,1640.46511627907,761.961240310078,NaN,NaN,NaN,NaN,NaN,NaN,NaN,NaN,NaN,NaN,NaN,NaN,NaN,NaN,NaN,351.458241543054,0.975875735366204,33.9074174320479,11.6275520305488,10.1725993303322,2.40464870237354,0.00588637712420501,0.00245406185439351,1,1.00042871817977,2755.80492959989,0,16576.9948320413,1,1,1,49,2018-10-31T14:59:25.550,20181031_ecoli_ARA_M4_10K,-2000,-3464,164.3,DIA_100X_EMPTY_1x1_200ms,,,
33,28,10.6520980940866,299,47.7885982315974,1693.97993311037,212.755852842809,NaN,NaN,NaN,NaN,NaN,NaN,NaN,NaN,NaN,NaN,NaN,NaN,NaN,NaN,NaN,279.861638616004,0.985836376613968,27.6956481199523,11.7218304531292,9.66001615248327,2.94024415352912,0.00686693224837275,0.0024920730408412,1,1.00025533130763,2029.81809296263,0,16977.0535117057,1,1,1,49,2018-10-31T14:59:25.550,20181031_ecoli_ARA_M4_10K,-2000,-3464,164.3,DIA_100X_EMPTY_1x1_200ms,,,
34,30,11.6278318315402,349,47.7784486485008,1745.41833810888,1270.52435530086,NaN,NaN,NaN,NaN,NaN,NaN,NaN,NaN,NaN,NaN,NaN,NaN,NaN,NaN,NaN,318.515865004785,0.975579534755349,30.2102965680259,12.1364550719644,10.2691991296495,2.67130880920622,0.00343332401361412,0.00196706106069171,1,1.00005784563623,2502.17695937684,0,16545.4441260745,1,1,1,49,2018-10-31T14:59:25.550,20181031_ecoli_ARA_M4_10K,-2000,-3464,164.3,DIA_100X_EMPTY_1x1_200ms,,,
35,33,11.445218137155,379,47.6787609611512,1778.99736147757,1304.99472295515,NaN,NaN,NaN,NaN,NaN,NaN,NaN,NaN,NaN,NaN,NaN,NaN,NaN,NaN,NaN,349.782084440449,0.972135069604838,33.7151526029,12.0890220257757,10.1328254056277,2.55346406320498,0.00153226691732243,0.000859158846261748,1,1.00003800222332,2718.79291965849,0,16718.7968337731,1,1,1,49,2018-10-31T14:59:25.550,20181031_ecoli_ARA_M4_10K,-2000,-3464,164.3,DIA_100X_EMPTY_1x1_200ms,,,
36,54,11.0174046290047,595,48.9850173584172,1829.96806722689,641.695798319328,NaN,NaN,NaN,NaN,NaN,NaN,NaN,NaN,NaN,NaN,NaN,NaN,NaN,NaN,NaN,538.661362032367,0.918500402420001,53.8662441453307,11.4389517178118,9.87573471749291,1.78942080487763,0.0100220926000655,0.00522135332414979,2,1.00185188021721,4126.15375508452,0,17038.1025210084,1,1,1,49,2018-10-31T14:59:25.550,20181031_ecoli_ARA_M4_10K,-2000,-3464,164.3,DIA_100X_EMPTY_1x1_200ms,,,
37,39,10.9955548118754,429,49.3737351805432,1934.74825174825,1459.44522144522,NaN,NaN,NaN,NaN,NaN,NaN,NaN,NaN,NaN,NaN,NaN,NaN,NaN,NaN,NaN,399.564412171959,0.950229491108081,39.1676396066585,11.8788801680402,9.8763388375506,2.51858126084175,0.0108141655454969,0.0073990566047008,0,1.0049143929111,3000.60787020009,0,16844.958041958,1,1,1,49,2018-10-31T14:59:25.550,20181031_ecoli_ARA_M4_10K,-2000,-3464,164.3,DIA_100X_EMPTY_1x1_200ms,,,
1,29,7.89588510426236,230,-19.7707311643157,7.9,996.073913043478,NaN,NaN,NaN,NaN,NaN,NaN,NaN,NaN,NaN,NaN,NaN,NaN,NaN,NaN,NaN,NaN,NaN,NaN,NaN,NaN,NaN,NaN,NaN,NaN,NaN,NaN,1,17867.3391304348,1,1,1,52,2018-10-31T14:59:32.591,20181031_ecoli_ARA_M4_10K,1000,-3464,164.3,DIA_100X_EMPTY_1x1_200ms,,,
2,38,8.95039585343176,341,9.19407487670016,11.2258064516129,1012.42228739003,NaN,NaN,NaN,NaN,NaN,NaN,NaN,NaN,NaN,NaN,NaN,NaN,NaN,NaN,NaN,NaN,NaN,NaN,NaN,NaN,NaN,NaN,NaN,NaN,NaN,NaN,1,18505.991202346,1,1,1,52,2018-10-31T14:59:32.591,20181031_ecoli_ARA_M4_10K,1000,-3464,164.3,DIA_100X_EMPTY_1x1_200ms,,,
3,49,12.3301133747022,605,-49.9999469051018,15.2148760330579,1759.88429752066,NaN,NaN,NaN,NaN,NaN,NaN,NaN,NaN,NaN,NaN,NaN,NaN,NaN,NaN,NaN,NaN,NaN,NaN,NaN,NaN,NaN,NaN,NaN,NaN,NaN,NaN,0,18847.1157024793,1,1,1,52,2018-10-31T14:59:32.591,20181031_ecoli_ARA_M4_10K,1000,-3464,164.3,DIA_100X_EMPTY_1x1_200ms,,,
4,31,9.73748635714609,302,44.876174527351,118.122516556291,2040.82450331126,NaN,NaN,NaN,NaN,NaN,NaN,NaN,NaN,NaN,NaN,NaN,NaN,NaN,NaN,NaN,NaN,NaN,NaN,NaN,NaN,NaN,NaN,NaN,NaN,NaN,NaN,0,16309.6622516556,1,1,1,52,2018-10-31T14:59:32.591,20181031_ecoli_ARA_M4_10K,1000,-3464,164.3,DIA_100X_EMPTY_1x1_200ms,,,
5,50,11.1802964760005,559,49.1076277405413,168.479427549195,941.805008944544,NaN,NaN,NaN,NaN,NaN,NaN,NaN,NaN,NaN,NaN,NaN,NaN,NaN,NaN,NaN,506.37045435104,0.915966006880742,50.0630117789398,12.2104155181017,9.93207944474502,2.09027710716173,0.0139266774754897,0.00565743541896548,2,1.00249046993069,3878.70923263173,0,16853.5813953488,1,1,1,52,2018-10-31T14:59:32.591,20181031_ecoli_ARA_M4_10K,1000,-3464,164.3,DIA_100X_EMPTY_1x1_200ms,,,
6,44,10.3059133784143,455,49.0478964982017,194.767032967033,799.076923076923,NaN,NaN,NaN,NaN,NaN,NaN,NaN,NaN,NaN,NaN,NaN,NaN,NaN,NaN,NaN,448.65765178225,0.929511466351117,46.1680569397525,11.4649259992619,9.54782529993457,2.03621068406968,0.0117360742635488,0.00559588405228404,0,1.00376017765587,3305.52469625548,0,17453.6967032967,1,1,1,52,2018-10-31T14:59:32.591,20181031_ecoli_ARA_M4_10K,1000,-3464,164.3,DIA_100X_EMPTY_1x1_200ms,,,
7,40,11.1343324409592,446,49.2539912957119,478.612107623318,307.632286995516,NaN,NaN,NaN,NaN,NaN,NaN,NaN,NaN,NaN,NaN,NaN,NaN,NaN,NaN,NaN,408.793400563158,0.942081685411245,40.2952372663489,11.8340973232068,9.96689335319745,2.18826438764837,0.00811273758466843,0.00313774118240914,2,1.00081834186746,3143.86016757341,0,17364.6165919283,1,1,1,52,2018-10-31T14:59:32.591,20181031_ecoli_ARA_M4_10K,1000,-3464,164.3,DIA_100X_EMPTY_1x1_200ms,,,
8,34,10.7321773632521,366,49.2610029338981,715.617486338798,730.379781420765,NaN,NaN,NaN,NaN,NaN,NaN,NaN,NaN,NaN,NaN,NaN,NaN,NaN,NaN,NaN,342.044231512916,0.970298418524276,33.9352962880022,11.5196431974813,9.8993852347012,2.35890846131159,0.00466202561980183,0.00170893270275837,2,1.00021252935417,2611.90861009699,0,16762.3524590164,1,1,1,52,2018-10-31T14:59:32.591,20181031_ecoli_ARA_M4_10K,1000,-3464,164.3,DIA_100X_EMPTY_1x1_200ms,,,
9,29,11.1956425817178,325,47.3873035422058,727.166153846154,571.086153846154,NaN,NaN,NaN,NaN,NaN,NaN,NaN,NaN,NaN,NaN,NaN,NaN,NaN,NaN,NaN,295.326631760644,0.969942585855791,28.3120559117315,12.5447469326633,10.20032615953,2.65839498673004,0.014721452228555,0.00573875019402568,0,1.00164457243343,2313.60602243691,0,16414.4,1,1,1,52,2018-10-31T14:59:32.591,20181031_ecoli_ARA_M4_10K,1000,-3464,164.3,DIA_100X_EMPTY_1x1_200ms,,,
10,30,11.7095700133982,352,48.0873285343625,747.286931818182,1363.01704545455,NaN,NaN,NaN,NaN,NaN,NaN,NaN,NaN,NaN,NaN,NaN,NaN,NaN,NaN,NaN,318.094046287447,0.984504789779994,29.9455734177413,12.289718093541,10.2649432656984,2.89743943642511,0.00695772419160951,0.00361413746555698,1,1.0002526080657,2478.19582941982,0,16390.7102272727,1,1,1,52,2018-10-31T14:59:32.591,20181031_ecoli_ARA_M4_10K,1000,-3464,164.3,DIA_100X_EMPTY_1x1_200ms,,,
11,36,12.3084326443358,444,47.4688176942963,771.189189189189,1118.84459459459,NaN,NaN,NaN,NaN,NaN,NaN,NaN,NaN,NaN,NaN,NaN,NaN,NaN,NaN,NaN,397.954533881714,0.916688208713278,36.9444763193041,12.4402468927141,10.4306534013738,2.59895888598661,0.0456112443760681,0.0194602317755514,1,1.03582990669212,3156.91163206837,0,15871.740990991,1,1,1,52,2018-10-31T14:59:32.591,20181031_ecoli_ARA_M4_10K,1000,-3464,164.3,DIA_100X_EMPTY_1x1_200ms,,,
12,37,10.6817524519406,396,49.0652869845906,880.833333333333,546.181818181818,NaN,NaN,NaN,NaN,NaN,NaN,NaN,NaN,NaN,NaN,NaN,NaN,NaN,NaN,NaN,370.582940495268,0.953598043351781,37.1868594419807,11.6260805443263,9.75205223197459,2.24669935651316,0.00338896524466755,0.00131511965935465,2,1.00011066143315,2777.61098463668,0,17040.5656565657,1,1,1,52,2018-10-31T14:59:32.591,20181031_ecoli_ARA_M4_10K,1000,-3464,164.3,DIA_100X_EMPTY_1x1_200ms,,,
13,42,11.656388729307,490,48.6908619440037,940.318367346939,381.767346938776,NaN,NaN,NaN,NaN,NaN,NaN,NaN,NaN,NaN,NaN,NaN,NaN,NaN,NaN,NaN,433.221779744404,0.941613157578417,41.9738087739402,11.7909564319192,9.96230084489205,2.5601215424398,0.0153383802718511,0.00553326199908885,1,1.00221121044598,3271.80616275351,0,16702.4142857143,1,1,1,52,2018-10-31T14:59:32.591,20181031_ecoli_ARA_M4_10K,1000,-3464,164.3,DIA_100X_EMPTY_1x1_200ms,,,
14,32,11.5935343494811,371,48.00033919601,941.242587601078,133.024258760108,NaN,NaN,NaN,NaN,NaN,NaN,NaN,NaN,NaN,NaN,NaN,NaN,NaN,NaN,NaN,326.944172382959,0.967101254051895,31.7180101447567,11.7826944159141,10.0500193992158,2.58042354127829,0.00305150390087542,0.00131584238130198,2,1.00013641663361,2516.10995002908,0,17020.051212938,1,1,1,52,2018-10-31T14:59:32.591,20181031_ecoli_ARA_M4_10K,1000,-3464,164.3,DIA_100X_EMPTY_1x1_200ms,,,
15,45,16.7705817764977,755,-49.9999999999959,950.651655629139,1771.2238410596,NaN,NaN,NaN,NaN,NaN,NaN,NaN,NaN,NaN,NaN,NaN,NaN,NaN,NaN,NaN,702.494550913463,0.649632354660964,70.1962816799397,11.8717813476385,9.67557360449043,2.10033527074368,0.124713591450833,0.038148738447468,3,1.97464337851314,5161.2801341722,0,17038.5695364238,1,1,1,52,2018-10-31T14:59:32.591,20181031_ecoli_ARA_M4_10K,1000,-3464,164.3,DIA_100X_EMPTY_1x1_200ms,,,
16,36,10.763233501973,388,49.2433634591518,1011.45103092784,790.623711340206,NaN,NaN,NaN,NaN,NaN,NaN,NaN,NaN,NaN,NaN,NaN,NaN,NaN,NaN,NaN,364.214570376543,0.969860602808508,36.0858106019956,11.5859206242551,9.84027363416916,2.37753561592721,0.00356493436958444,0.00154364409564561,2,1.00013581939952,2744.35757718312,0,17018.324742268,1,1,1,52,2018-10-31T14:59:32.591,20181031_ecoli_ARA_M4_10K,1000,-3464,164.3,DIA_100X_EMPTY_1x1_200ms,,,
17,27,10.8166414951245,292,46.6932335270389,1312.01369863014,175.650684931507,NaN,NaN,NaN,NaN,NaN,NaN,NaN,NaN,NaN,NaN,NaN,NaN,NaN,NaN,NaN,267.863783460504,0.99277891090306,26.3694735072997,12.1090835821321,9.90197042128976,2.75674857537201,0.00295644527039671,0.00138506855792074,1,1.0000287836509,2030.64772781218,0,16551.7260273973,1,1,1,52,2018-10-31T14:59:32.591,20181031_ecoli_ARA_M4_10K,1000,-3464,164.3,DIA_100X_EMPTY_1x1_200ms,,,
18,50,10.4779318402558,524,35.3489262301749,1421.78625954198,1163.22328244275,NaN,NaN,NaN,NaN,NaN,NaN,NaN,NaN,NaN,NaN,NaN,NaN,NaN,NaN,NaN,492.69187275599,0.857221199607082,49.9011196256806,11.8941508882647,9.66045875234655,2.40235397743104,0.0660558656257103,0.00861794461173998,2,1.0112406363037,3657.59548286202,0,16629.2480916031,1,1,1,52,2018-10-31T14:59:32.591,20181031_ecoli_ARA_M4_10K,1000,-3464,164.3,DIA_100X_EMPTY_1x1_200ms,,,
19,29,10.5076838365229,305,46.7791363192826,1740.95081967213,767.081967213115,NaN,NaN,NaN,NaN,NaN,NaN,NaN,NaN,NaN,NaN,NaN,NaN,NaN,NaN,NaN,296.357828867153,0.977365277242411,29.3484212895589,11.5606571619903,9.86457040680737,2.5566791104747,0.00299941632771733,0.00194956085523007,0,1.00017536175133,2243.00881178687,0,16927.0524590164,1,1,1,52,2018-10-31T14:59:32.591,20181031_ecoli_ARA_M4_10K,1000,-3464,164.3,DIA_100X_EMPTY_1x1_200ms,,,
