CellID,LongAxis,ShortAxis,Area,RegionScore,XPosition,YPosition,Fluor1Sum,Fluor1Mean,Fluor1Background,Fluor1BgStd,Fluor1FociNumber,Fluor2Sum,Fluor2Mean,Fluor2Background,Fluor2BgStd,Fluor2FociNumber,Fluor3Sum,Fluor3Mean,Fluor3Background,Fluor3BgStd,Fluor3FociNumber,MeshArea,MeshSolidity,MeshAxisLength,MeshRibsLengthMax,MeshRibsLengthMean,MeshRibsLengthStd,MeshCurvatureMax,MeshCurvatureMean,MeshCurvatureInflection,MeshSinuosity,MeshVolume,NumOfNeighbors,RegionGrayVal,TimeFrames,AgeFrames,RelativeAge,xyFolder,DateTime,Folder,StageXposition,StageYposition,StageZposition,PhaseConfig,Fluo1Config,Fluo2Config,Fluo3Config
1,72,12.0671070389289,869,49.1486655746239,57.0425776754891,432.159953970081,NaN,NaN,NaN,NaN,NaN,NaN,NaN,NaN,NaN,NaN,NaN,NaN,NaN,NaN,NaN,747.081049477176,0.92863969352918,71.6863836756907,11.9656702663826,10.3045196981078,1.85658391968297,0.0104108498769531,0.00405355372946255,2,1.00099355690651,5978.35996906923,0,18707.9539700806,1,1,1,1,2018-10-04T18:06:17.497,20181004_ecoli_ARA_M3_50K,-0,-0,160.175,DIA_100X_EMPTY_1x1_200ms,,,
2,168,13.6388558125429,2292,43.4341084661759,344.450261780105,1508.95418848168,NaN,NaN,NaN,NaN,NaN,NaN,NaN,NaN,NaN,NaN,NaN,NaN,NaN,NaN,NaN,1890.07245246079,0.684110722679523,169.648246717839,12.8192864834282,11.0875769807358,1.86612009536057,0.0202480313344195,0.00499586942260233,9,1.0093778061277,16379.9493049768,0,17891.1640488656,1,1,1,1,2018-10-04T18:06:17.497,20181004_ecoli_ARA_M3_50K,-0,-0,160.175,DIA_100X_EMPTY_1x1_200ms,,,
3,222,14.2833002048891,3172,48.4093258151555,412.750945775536,1907.03530895334,NaN,NaN,NaN,NaN,NaN,NaN,NaN,NaN,NaN,NaN,NaN,NaN,NaN,NaN,NaN,2589.99788983578,0.755843812793796,222.687464987121,13.2492635764453,11.5920580029799,1.32712460212812,0.017094729300688,0.00619154309297871,9,1.00554333132176,23502.1040059825,0,17499.4123581337,1,1,1,1,2018-10-04T18:06:17.497,20181004_ecoli_ARA_M3_50K,-0,-0,160.175,DIA_100X_EMPTY_1x1_200ms,,,
4,105,12.6578599493954,1330,49.5670744848671,419.255639097744,1409.73909774436,NaN,NaN,NaN,NaN,NaN,NaN,NaN,NaN,NaN,NaN,NaN,NaN,NaN,NaN,NaN,1134.78965845927,0.897183593870418,105.168996970475,11.8165195600122,10.7098917759844,1.52941574338966,0.0105313486614916,0.00407174088662172,5,1.00141069182202,9474.3140818381,0,17656.6684210526,1,1,1,1,2018-10-04T18:06:17.497,20181004_ecoli_ARA_M3_50K,-0,-0,160.175,DIA_100X_EMPTY_1x1_200ms,,,
5,155,13.8570243893443,2148,49.6936285115505,495.46322160149,782.074487895717,NaN,NaN,NaN,NaN,NaN,NaN,NaN,NaN,NaN,NaN,NaN,NaN,NaN,NaN,NaN,1766.01004245381,0.770321661010361,156.193753161498,13.2656188927818,11.234077707003,1.55249024318787,0.0219903153113585,0.00661227278777294,9,1.00995899079358,15482.047273322,0,18254.6131284916,1,1,1,1,2018-10-04T18:06:17.497,20181004_ecoli_ARA_M3_50K,-0,-0,160.175,DIA_100X_EMPTY_1x1_200ms,,,
6,211,13.2253240680846,2791,33.6980402471508,567.088498745969,704.616266571122,NaN,NaN,NaN,NaN,NaN,NaN,NaN,NaN,NaN,NaN,NaN,NaN,NaN,NaN,NaN,2320.1459541694,0.493796555532785,215.524494174782,12.187936736468,10.7035801359794,1.33127549941952,0.0231252710939523,0.00500833530788853,9,1.02713503202935,19392.9842914044,0,18068.0902902186,1,1,1,1,2018-10-04T18:06:17.497,20181004_ecoli_ARA_M3_50K,-0,-0,160.175,DIA_100X_EMPTY_1x1_200ms,,,
7,86,7.99433965176456,688,20.387205703567,628.918604651163,2041.94186046512,NaN,NaN,NaN,NaN,NaN,NaN,NaN,NaN,NaN,NaN,NaN,NaN,NaN,NaN,NaN,NaN,NaN,NaN,NaN,NaN,NaN,NaN,NaN,NaN,NaN,NaN,0,17727.8037790698,1,1,1,1,2018-10-04T18:06:17.497,20181004_ecoli_ARA_M3_50K,-0,-0,160.175,DIA_100X_EMPTY_1x1_200ms,,,
8,93,12.1458891515873,1131,46.5309312091764,1056.85764809903,1133.57029177719,NaN,NaN,NaN,NaN,NaN,NaN,NaN,NaN,NaN,NaN,NaN,NaN,NaN,NaN,NaN,971.730238346642,0.823272173631545,93.4512471198482,11.8941885233341,10.2916693391008,1.59255122756475,0.0122823574783314,0.0056685983269501,4,1.00352024247436,7774.03750455633,0,18006.1326259947,1,1,1,1,2018-10-04T18:06:17.497,20181004_ecoli_ARA_M3_50K,-0,-0,160.175,DIA_100X_EMPTY_1x1_200ms,,,
9,258,12.8809950465248,3324,26.8971299830071,1192.69314079422,455.275571600481,NaN,NaN,NaN,NaN,NaN,NaN,NaN,NaN,NaN,NaN,NaN,NaN,NaN,NaN,NaN,2786.46149044984,0.669204243976834,259.645595703246,12.1793721823929,10.6808432352403,1.24253680475256,0.0545749560853683,0.00622244969040963,9,1.00452577122108,23263.867911045,0,17617.6058965102,1,1,1,1,2018-10-04T18:06:17.497,20181004_ecoli_ARA_M3_50K,-0,-0,160.175,DIA_100X_EMPTY_1x1_200ms,,,
10,86,12.6382845239768,1088,49.4815056434399,1212.89522058824,721.845588235294,NaN,NaN,NaN,NaN,NaN,NaN,NaN,NaN,NaN,NaN,NaN,NaN,NaN,NaN,NaN,923.173153741982,0.833077024974305,87.2440507308681,11.9184787649115,10.4929897878676,1.73711441471812,0.0138101394332555,0.00582971012120174,3,1.01033320601828,7544.39126154842,1,18078.8023897059,1,1,1,1,2018-10-04T18:06:17.497,20181004_ecoli_ARA_M3_50K,-0,-0,160.175,DIA_100X_EMPTY_1x1_200ms,,,
11,121,13.4378719824656,1626,48.4243201794981,1189.92988929889,566.629151291513,NaN,NaN,NaN,NaN,NaN,NaN,NaN,NaN,NaN,NaN,NaN,NaN,NaN,NaN,NaN,1348.32172727355,0.745169159479509,121.555575801132,12.5189415152505,11.010871023457,1.63343174059499,0.0208944942178248,0.0058420592625922,7,1.01135993551238,11574.656658725,0,18554.3179581796,1,1,1,1,2018-10-04T18:06:17.497,20181004_ecoli_ARA_M3_50K,-0,-0,160.175,DIA_100X_EMPTY_1x1_200ms,,,
12,76,11.4997047744656,874,48.7043185349912,1241.49542334096,931.924485125858,NaN,NaN,NaN,NaN,NaN,NaN,NaN,NaN,NaN,NaN,NaN,NaN,NaN,NaN,NaN,779.327274029195,0.879624274735214,76.9023638094038,11.3395153895795,10.0514432091519,1.59662848436625,0.00862062628919942,0.00437892517430904,0,1.00458944289681,6102.19971213371,0,18620.2688787185,1,1,1,1,2018-10-04T18:06:17.497,20181004_ecoli_ARA_M3_50K,-0,-0,160.175,DIA_100X_EMPTY_1x1_200ms,,,
13,81,12.5351428762927,1015,49.4446098801747,1278.17142857143,672.68275862069,NaN,NaN,NaN,NaN,NaN,NaN,NaN,NaN,NaN,NaN,NaN,NaN,NaN,NaN,NaN,864.230351382974,0.943822624662771,80.8014006979222,11.6361416612107,10.603155163457,1.77893115768711,0.0071719171411233,0.00341241086030838,3,1.00118054130501,7134.75401141256,1,18453.99408867,1,1,1,1,2018-10-04T18:06:17.497,20181004_ecoli_ARA_M3_50K,-0,-0,160.175,DIA_100X_EMPTY_1x1_200ms,,,
14,33,9.20009916847892,304,46.2760683396244,1451.00328947368,440.782894736842,NaN,NaN,NaN,NaN,NaN,NaN,NaN,NaN,NaN,NaN,NaN,NaN,NaN,NaN,NaN,325.056591748271,0.939922630747623,32.874048591929,12.6831056538931,9.59616180726015,2.70553552701936,0.0173845140423564,0.00912914163151334,1,1.00647148088612,2377.59675144888,0,17470.9572368421,1,1,1,1,2018-10-04T18:06:17.497,20181004_ecoli_ARA_M3_50K,-0,-0,160.175,DIA_100X_EMPTY_1x1_200ms,,,
15,162,12.767049464901,2069,43.8605740460744,1787.29579507008,26.2440792653456,NaN,NaN,NaN,NaN,NaN,NaN,NaN,NaN,NaN,NaN,NaN,NaN,NaN,NaN,NaN,1722.91782809927,0.795942953251079,163.113120208794,12.2399953502249,10.4824729608789,1.585244026658,0.017943681409852,0.00557341101567924,7,1.00284490577266,14076.8757883692,0,17696.2619623006,1,1,1,1,2018-10-04T18:06:17.497,20181004_ecoli_ARA_M3_50K,-0,-0,160.175,DIA_100X_EMPTY_1x1_200ms,,,
1,74,12.0395113507516,892,48.7752636483045,98.8744394618834,2025.75448430493,NaN,NaN,NaN,NaN,NaN,NaN,NaN,NaN,NaN,NaN,NaN,NaN,NaN,NaN,NaN,NaN,NaN,NaN,NaN,NaN,NaN,NaN,NaN,NaN,NaN,NaN,0,18684.0538116592,1,1,1,3,2018-10-04T18:06:22.247,20181004_ecoli_ARA_M3_50K,-1000,-0,160.175,DIA_100X_EMPTY_1x1_200ms,,,
2,230,13.8526965818087,3188,30.0242309054232,729.49278544542,1695.86511919699,NaN,NaN,NaN,NaN,NaN,NaN,NaN,NaN,NaN,NaN,NaN,NaN,NaN,NaN,NaN,2646.75318702436,0.606418832510829,232.63800080772,12.7688587754348,11.337987191195,1.34206968723665,0.0179647027256784,0.00560732196158638,9,1.01233011105892,23487.8066118211,0,17339.6254705144,1,1,1,3,2018-10-04T18:06:22.247,20181004_ecoli_ARA_M3_50K,-1000,-0,160.175,DIA_100X_EMPTY_1x1_200ms,,,
3,97,13.6699555365697,1326,47.30987011665,692.985671191554,806.367269984917,NaN,NaN,NaN,NaN,NaN,NaN,NaN,NaN,NaN,NaN,NaN,NaN,NaN,NaN,NaN,1104.09877888808,0.923766976808382,97.9051165566891,12.2444646416005,11.1311554433414,1.84131037055355,0.0368037930994504,0.00896263357977728,3,1.00873538763579,9527.42997197346,1,18193.7375565611,1,1,1,3,2018-10-04T18:06:22.247,20181004_ecoli_ARA_M3_50K,-1000,-0,160.175,DIA_100X_EMPTY_1x1_200ms,,,
4,15,5.15876745901128,78,-49.9986863620506,729.974358974359,2043.64102564103,NaN,NaN,NaN,NaN,NaN,NaN,NaN,NaN,NaN,NaN,NaN,NaN,NaN,NaN,NaN,NaN,NaN,NaN,NaN,NaN,NaN,NaN,NaN,NaN,NaN,NaN,1,17884.641025641,1,1,1,3,2018-10-04T18:06:22.247,20181004_ecoli_ARA_M3_50K,-1000,-0,160.175,DIA_100X_EMPTY_1x1_200ms,,,
5,553,13.6154303181222,7530,-49.9989484473724,973.274767596282,1919.78313413015,NaN,NaN,NaN,NaN,NaN,NaN,NaN,NaN,NaN,NaN,NaN,NaN,NaN,NaN,NaN,NaN,NaN,NaN,NaN,NaN,NaN,NaN,NaN,NaN,NaN,NaN,1,17918.1863213811,1,1,1,3,2018-10-04T18:06:22.247,20181004_ecoli_ARA_M3_50K,-1000,-0,160.175,DIA_100X_EMPTY_1x1_200ms,,,
6,98,13.1951850555059,1294,49.1453103181189,783.174652241113,776.663833075734,NaN,NaN,NaN,NaN,NaN,NaN,NaN,NaN,NaN,NaN,NaN,NaN,NaN,NaN,NaN,1117.59833742946,0.884864705144669,99.6696991887173,12.6819865380852,11.0864037793043,1.77263206384227,0.0263533697004926,0.0116433562662487,4,1.01003840167367,9621.31454298902,1,18355.0448222566,1,1,1,3,2018-10-04T18:06:22.247,20181004_ecoli_ARA_M3_50K,-1000,-0,160.175,DIA_100X_EMPTY_1x1_200ms,,,
7,174,14.3205316397062,2492,49.8228025899571,1020.8378812199,1124.15088282504,NaN,NaN,NaN,NaN,NaN,NaN,NaN,NaN,NaN,NaN,NaN,NaN,NaN,NaN,NaN,2072.78545194167,0.671073913205696,176.859749328905,13.0345965764535,11.6173058562349,1.68902276884367,0.0213201110299017,0.00683268648467798,4,1.01950666310308,18746.911682544,0,17760.0898876404,1,1,1,3,2018-10-04T18:06:22.247,20181004_ecoli_ARA_M3_50K,-1000,-0,160.175,DIA_100X_EMPTY_1x1_200ms,,,
8,178,12.9662450392373,2308,10.057556342256,1094.61221837088,1483.61091854419,NaN,NaN,NaN,NaN,NaN,NaN,NaN,NaN,NaN,NaN,NaN,NaN,NaN,NaN,NaN,1919.3375311093,0.680615773113085,178.709783223924,12.8479173924923,10.6699824819325,1.4879727091854,0.0231745626559339,0.00694277532887004,8,1.00892386066747,15979.589634484,0,18252.6668110919,1,1,1,3,2018-10-04T18:06:22.247,20181004_ecoli_ARA_M3_50K,-1000,-0,160.175,DIA_100X_EMPTY_1x1_200ms,,,
9,72,11.4435683620377,824,48.799374323993,1053.84587378641,1635.42233009709,NaN,NaN,NaN,NaN,NaN,NaN,NaN,NaN,NaN,NaN,NaN,NaN,NaN,NaN,NaN,739.620583508079,0.909542148729015,72.6289613623518,11.8658453437875,10.0621563725317,1.7883521527539,0.0111536918817958,0.00503668931728786,3,1.00127629074686,5775.39695339766,0,19221.4381067961,1,1,1,3,2018-10-04T18:06:22.247,20181004_ecoli_ARA_M3_50K,-1000,-0,160.175,DIA_100X_EMPTY_1x1_200ms,,,
10,60,12.2450249641556,735,49.4097589346982,1202.82448979592,172.740136054422,NaN,NaN,NaN,NaN,NaN,NaN,NaN,NaN,NaN,NaN,NaN,NaN,NaN,NaN,NaN,650.060956741112,0.901516956620624,60.5280471832778,11.9183705565151,10.5729718388474,2.12323421637322,0.0147884268986625,0.00673388461925504,1,1.00878477060433,5314.23425865506,0,16868.1537414966,1,1,1,3,2018-10-04T18:06:22.247,20181004_ecoli_ARA_M3_50K,-1000,-0,160.175,DIA_100X_EMPTY_1x1_200ms,,,
11,174,12.9526423397112,2254,49.7912822221555,1774.18145519077,1779.27684117125,NaN,NaN,NaN,NaN,NaN,NaN,NaN,NaN,NaN,NaN,NaN,NaN,NaN,NaN,NaN,1841.8208749889,0.759380845586683,173.611194127488,12.2006641885862,10.5284801155851,1.39453566951205,0.0124710253731871,0.00402437047006629,4,1.00506958524334,15114.6803879192,0,18711.2999112689,1,1,1,3,2018-10-04T18:06:22.247,20181004_ecoli_ARA_M3_50K,-1000,-0,160.175,DIA_100X_EMPTY_1x1_200ms,,,
12,152,12.4091752988458,1887,49.5695325204313,1779.1483836778,284.344992050874,NaN,NaN,NaN,NaN,NaN,NaN,NaN,NaN,NaN,NaN,NaN,NaN,NaN,NaN,NaN,1594.93926442863,0.699670326496768,152.725444358071,11.7856949752419,10.3939720053209,1.29559737474492,0.0183311319318086,0.00616334687158169,3,1.00833381784701,12958.7873811214,0,18369.9040805511,1,1,1,3,2018-10-04T18:06:22.247,20181004_ecoli_ARA_M3_50K,-1000,-0,160.175,DIA_100X_EMPTY_1x1_200ms,,,
13,74,12.5155866659514,927,49.6519997291099,2027.11866235167,1203.04530744337,NaN,NaN,NaN,NaN,NaN,NaN,NaN,NaN,NaN,NaN,NaN,NaN,NaN,NaN,NaN,NaN,NaN,NaN,NaN,NaN,NaN,NaN,NaN,NaN,NaN,NaN,0,18486.811218986,1,1,1,3,2018-10-04T18:06:22.247,20181004_ecoli_ARA_M3_50K,-1000,-0,160.175,DIA_100X_EMPTY_1x1_200ms,,,
1,74,14.8160450589075,1097,49.4969592857592,611.968094804011,830.641750227894,NaN,NaN,NaN,NaN,NaN,NaN,NaN,NaN,NaN,NaN,NaN,NaN,NaN,NaN,NaN,913.656748857124,0.904522810488963,74.1704993374569,14.0739474433657,12.1869907075618,2.29092105724478,0.0172225088725555,0.00734211971674107,3,1.00446039040119,8651.95086046789,0,16712.7192342753,1,1,1,10,2018-10-04T18:06:38.664,20181004_ecoli_ARA_M3_50K,-1500,866,160.175,DIA_100X_EMPTY_1x1_200ms,,,
2,80,12.0630390294063,965,49.1858863674299,750.183419689119,1297.79585492228,NaN,NaN,NaN,NaN,NaN,NaN,NaN,NaN,NaN,NaN,NaN,NaN,NaN,NaN,NaN,846.588656092894,0.899587336384485,80.1903437525627,11.8754709235355,10.3952911117578,1.84728008672833,0.0137733857147097,0.00544403200726032,3,1.00238948547364,6805.89537215507,0,16968.0352331606,1,1,1,10,2018-10-04T18:06:38.664,20181004_ecoli_ARA_M3_50K,-1500,866,160.175,DIA_100X_EMPTY_1x1_200ms,,,
3,118,12.0643247476912,1424,49.573938667086,807.678370786517,68.7584269662921,NaN,NaN,NaN,NaN,NaN,NaN,NaN,NaN,NaN,NaN,NaN,NaN,NaN,NaN,NaN,1259.25290042912,0.863611210808409,118.852722995298,12.0522624752289,10.5040766002107,1.50403199857458,0.0187210512861877,0.00783966278487925,5,1.00279588120484,10299.4676495702,0,18640.5365168539,1,1,1,10,2018-10-04T18:06:38.664,20181004_ecoli_ARA_M3_50K,-1500,866,160.175,DIA_100X_EMPTY_1x1_200ms,,,
4,142,13.5409355500685,1924,49.7199299801623,783.814449064449,1499.50155925156,NaN,NaN,NaN,NaN,NaN,NaN,NaN,NaN,NaN,NaN,NaN,NaN,NaN,NaN,NaN,1655.23190857641,0.840696900768754,143.963870931607,14.205806297184,11.419863458607,1.85430081242823,0.0146755499764309,0.00518045815295963,6,1.00334972256857,14745.6940767941,0,18207.3206860707,1,1,1,10,2018-10-04T18:06:38.664,20181004_ecoli_ARA_M3_50K,-1500,866,160.175,DIA_100X_EMPTY_1x1_200ms,,,
5,142,14.4378034869802,2051,49.5382434484687,953.058995611897,1857.44953681131,NaN,NaN,NaN,NaN,NaN,NaN,NaN,NaN,NaN,NaN,NaN,NaN,NaN,NaN,NaN,1680.23073408507,0.857624767749475,141.673796354836,13.9373254164992,11.7955697138332,1.79977323185004,0.00990881042466847,0.00362148115890444,10,1.00131609204539,15481.6504072533,0,17149.9707459776,1,1,1,10,2018-10-04T18:06:38.664,20181004_ecoli_ARA_M3_50K,-1500,866,160.175,DIA_100X_EMPTY_1x1_200ms,,,
6,137,12.7557829333687,1748,-25.5166704800852,1317.66304347826,1610.14931350114,NaN,NaN,NaN,NaN,NaN,NaN,NaN,NaN,NaN,NaN,NaN,NaN,NaN,NaN,NaN,NaN,NaN,NaN,NaN,NaN,NaN,NaN,NaN,NaN,NaN,NaN,0,17241.1533180778,1,1,1,10,2018-10-04T18:06:38.664,20181004_ecoli_ARA_M3_50K,-1500,866,160.175,DIA_100X_EMPTY_1x1_200ms,,,
1,287,13.2414321551789,3801,7.8239982752503,24.0310444619837,648.994738226782,NaN,NaN,NaN,NaN,NaN,NaN,NaN,NaN,NaN,NaN,NaN,NaN,NaN,NaN,NaN,3162.62318208243,0.622777388126897,289.019474038219,12.2461434295233,10.9093283082247,1.07519265079544,0.0152724567076325,0.00434923206054788,11,1.0053019771695,27015.5000840799,0,18374.3575374901,1,1,1,11,2018-10-04T18:06:40.994,20181004_ecoli_ARA_M3_50K,-2000,-0,160.175,DIA_100X_EMPTY_1x1_200ms,,,
2,226,12.3340028345144,2787,35.0908995425944,129.982059562253,90.2368137782562,NaN,NaN,NaN,NaN,NaN,NaN,NaN,NaN,NaN,NaN,NaN,NaN,NaN,NaN,NaN,2331.7164789054,0.608326467858495,226.269732505653,12.6792423419351,10.2342176731035,1.24853427220659,0.0213312924539364,0.00502959243951955,14,1.00655791367127,18613.3971725172,0,20716.0172228202,1,1,1,11,2018-10-04T18:06:40.994,20181004_ecoli_ARA_M3_50K,-2000,-0,160.175,DIA_100X_EMPTY_1x1_200ms,,,
3,159,15.1244933757296,2406,48.4154531472183,629.193266832918,1426.55818786367,NaN,NaN,NaN,NaN,NaN,NaN,NaN,NaN,NaN,NaN,NaN,NaN,NaN,NaN,NaN,1999.93373341345,0.705360923508763,160.847050436667,14.8151794729143,12.3190946617932,2.03342802111592,0.0190185529514453,0.00564942818400287,4,1.01638652518942,19171.6974861627,0,17284.3154613466,1,1,1,11,2018-10-04T18:06:40.994,20181004_ecoli_ARA_M3_50K,-2000,-0,160.175,DIA_100X_EMPTY_1x1_200ms,,,
4,198,12.6981822401778,2515,49.5730751815706,1586.53121272366,1082.60954274354,NaN,NaN,NaN,NaN,NaN,NaN,NaN,NaN,NaN,NaN,NaN,NaN,NaN,NaN,NaN,2128.51888606325,0.452217725378023,205.852076248339,11.4881552121533,10.2841699413138,1.21825399980394,0.0158033320918138,0.00552009155858754,7,1.03626479279035,17099.5082933278,0,18995.7693836978,1,1,1,11,2018-10-04T18:06:40.994,20181004_ecoli_ARA_M3_50K,-2000,-0,160.175,DIA_100X_EMPTY_1x1_200ms,,,
5,61,7.76011870511087,475,-49.4002860184862,1609.15789473684,1617.56210526316,NaN,NaN,NaN,NaN,NaN,NaN,NaN,NaN,NaN,NaN,NaN,NaN,NaN,NaN,NaN,600.011379093458,0.664025001698653,67.3291519956686,11.6216106208685,8.74428151917236,2.1840754275914,0.0448587530279166,0.0149116989620258,4,1.0503194888,4043.34955237103,0,23816.7810526316,1,1,1,11,2018-10-04T18:06:40.994,20181004_ecoli_ARA_M3_50K,-2000,-0,160.175,DIA_100X_EMPTY_1x1_200ms,,,
6,211,13.4961433106698,2848,49.6556038594424,1753.78125,1042.26931179775,NaN,NaN,NaN,NaN,NaN,NaN,NaN,NaN,NaN,NaN,NaN,NaN,NaN,NaN,NaN,2316.3948347847,0.695881018779224,212.94100178717,11.7910226449769,10.8301252535934,1.2031564476552,0.0338408310876198,0.00652284578352335,7,1.0130345896108,19616.2565626744,0,18701.391502809,1,1,1,11,2018-10-04T18:06:40.994,20181004_ecoli_ARA_M3_50K,-2000,-0,160.175,DIA_100X_EMPTY_1x1_200ms,,,
7,96,11.5169754917598,1106,42.2961821475445,1702.85081374322,1850.01537070524,NaN,NaN,NaN,NaN,NaN,NaN,NaN,NaN,NaN,NaN,NaN,NaN,NaN,NaN,NaN,981.378175219873,0.792908080419594,97.5911399618785,11.7514534396865,9.97615374105861,1.54311196431487,0.0175808249610385,0.00617645868484711,6,1.00592491651293,7628.27847995591,0,21921.0433996383,1,1,1,11,2018-10-04T18:06:40.994,20181004_ecoli_ARA_M3_50K,-2000,-0,160.175,DIA_100X_EMPTY_1x1_200ms,,,
1,86,12.798874852197,1101,46.9769417047467,326.666666666667,211.602179836512,NaN,NaN,NaN,NaN,NaN,NaN,NaN,NaN,NaN,NaN,NaN,NaN,NaN,NaN,NaN,917.863349060446,0.825026905438132,86.748667485732,11.9988829014838,10.4380364273688,1.79155236188199,0.0165747730016256,0.00648347145097862,3,1.01003279929012,7423.18544456695,0,19403.421435059,1,1,1,25,2018-10-04T18:07:13.647,20181004_ecoli_ARA_M3_50K,1500,-2598,160.175,DIA_100X_EMPTY_1x1_200ms,,,
2,74,12.3244453490032,912,47.223841505128,526.921052631579,438.561403508772,NaN,NaN,NaN,NaN,NaN,NaN,NaN,NaN,NaN,NaN,NaN,NaN,NaN,NaN,NaN,773.519747798685,0.888287165085558,73.5267595212829,12.016407687726,10.3878266752572,1.86898407616834,0.00915543191123535,0.00344456664496166,4,1.00173892042401,6231.38661065948,0,18126.2083333333,1,1,1,25,2018-10-04T18:07:13.647,20181004_ecoli_ARA_M3_50K,1500,-2598,160.175,DIA_100X_EMPTY_1x1_200ms,,,
3,100,12.9703718210233,1298,48.7638724091664,679.52157164869,1924.33204930663,NaN,NaN,NaN,NaN,NaN,NaN,NaN,NaN,NaN,NaN,NaN,NaN,NaN,NaN,NaN,1083.56310720962,0.867542439316216,100.887727162026,11.7651731988738,10.638809913688,1.70492457643828,0.0155443306212192,0.00557296546845352,4,1.00674678116708,8968.38653938458,1,18137.9098613251,1,1,1,25,2018-10-04T18:07:13.647,20181004_ecoli_ARA_M3_50K,1500,-2598,160.175,DIA_100X_EMPTY_1x1_200ms,,,
4,98,12.4820489654763,1224,-7.97559312756809,719.113562091503,2014.18055555556,NaN,NaN,NaN,NaN,NaN,NaN,NaN,NaN,NaN,NaN,NaN,NaN,NaN,NaN,NaN,NaN,NaN,NaN,NaN,NaN,NaN,NaN,NaN,NaN,NaN,NaN,1,17501.3202614379,1,1,1,25,2018-10-04T18:07:13.647,20181004_ecoli_ARA_M3_50K,1500,-2598,160.175,DIA_100X_EMPTY_1x1_200ms,,,
5,167,14.0680410366391,2349,49.8949751739172,1027.97062579821,1131.35419327373,NaN,NaN,NaN,NaN,NaN,NaN,NaN,NaN,NaN,NaN,NaN,NaN,NaN,NaN,NaN,1884.30322146356,0.818846618449659,166.659580228696,13.0207539584511,11.2226868375509,1.53183629893981,0.0125213963278764,0.00611794514916327,6,1.00513010199568,16485.9452683274,0,17438.2111536824,1,1,1,25,2018-10-04T18:07:13.647,20181004_ecoli_ARA_M3_50K,1500,-2598,160.175,DIA_100X_EMPTY_1x1_200ms,,,
6,18,7.60946413304386,137,-49.7827987424645,991.525547445255,141.445255474453,NaN,NaN,NaN,NaN,NaN,NaN,NaN,NaN,NaN,NaN,NaN,NaN,NaN,NaN,NaN,167.805473746011,0.999699749684683,17.6646193634286,12.2146542813382,9.09940863623155,3.32938990726793,0.0076575010105812,0.00372395241074493,1,1.00029763817514,1148.73671696895,2,19150.3065693431,1,1,1,25,2018-10-04T18:07:13.647,20181004_ecoli_ARA_M3_50K,1500,-2598,160.175,DIA_100X_EMPTY_1x1_200ms,,,
7,12,6.49405324667086,78,-49.9998006816806,992.076923076923,131.487179487179,NaN,NaN,NaN,NaN,NaN,NaN,NaN,NaN,NaN,NaN,NaN,NaN,NaN,NaN,NaN,132.999973616327,0.999729093690366,NaN,NaN,NaN,NaN,NaN,NaN,NaN,NaN,NaN,2,18528.858974359,1,1,1,25,2018-10-04T18:07:13.647,20181004_ecoli_ARA_M3_50K,1500,-2598,160.175,DIA_100X_EMPTY_1x1_200ms,,,
8,14,10.0342514868773,142,-49.998426969501,1003.81690140845,129.021126760563,NaN,NaN,NaN,NaN,NaN,NaN,NaN,NaN,NaN,NaN,NaN,NaN,NaN,NaN,NaN,164.996753272165,0.999859066649097,16.5445828794357,12.5201694663703,9.37975316183395,3.52241737833033,0.0219077677697502,0.0118000987055519,0,1.00264541798159,1143.21660224046,2,18768.0704225352,1,1,1,25,2018-10-04T18:07:13.647,20181004_ecoli_ARA_M3_50K,1500,-2598,160.175,DIA_100X_EMPTY_1x1_200ms,,,
9,101,12.9722877258894,1311,47.9280655995613,1068.16781083143,38.9382151029748,NaN,NaN,NaN,NaN,NaN,NaN,NaN,NaN,NaN,NaN,NaN,NaN,NaN,NaN,NaN,1117.56305528194,0.837075204127665,102.517562588054,12.2178193579098,10.8091658744229,1.65847014626066,0.0229115048839639,0.0077654053628581,2,1.00890725787811,9407.46294418644,1,19512.0144927536,1,1,1,25,2018-10-04T18:07:13.647,20181004_ecoli_ARA_M3_50K,1500,-2598,160.175,DIA_100X_EMPTY_1x1_200ms,,,
10,146,13.7540649220223,2009,49.6590429170824,1123.28173220508,724.26381284221,NaN,NaN,NaN,NaN,NaN,NaN,NaN,NaN,NaN,NaN,NaN,NaN,NaN,NaN,NaN,1624.08555612224,0.844039487533049,145.476667215534,12.7436413275557,11.0895064006291,1.71077868907708,0.0110956788748334,0.00367051462885496,6,1.0015203434843,14051.0136690975,1,17399.3364858138,1,1,1,25,2018-10-04T18:07:13.647,20181004_ecoli_ARA_M3_50K,1500,-2598,160.175,DIA_100X_EMPTY_1x1_200ms,,,
11,111,12.4145146264853,1378,49.5822177102342,1165.64876632801,75.0464441219158,NaN,NaN,NaN,NaN,NaN,NaN,NaN,NaN,NaN,NaN,NaN,NaN,NaN,NaN,NaN,1179.97742560876,0.809649805728579,112.533829682961,11.7967808438869,10.3993442362977,1.49483450719473,0.0188358395864651,0.00497733112258164,6,1.0062297655668,9558.39313091432,1,19905.6306240929,1,1,1,25,2018-10-04T18:07:13.647,20181004_ecoli_ARA_M3_50K,1500,-2598,160.175,DIA_100X_EMPTY_1x1_200ms,,,
12,293,14.8773582504684,4360,29.6127201718118,1258.05986238532,1554.17362385321,NaN,NaN,NaN,NaN,NaN,NaN,NaN,NaN,NaN,NaN,NaN,NaN,NaN,NaN,NaN,3517.54278681882,0.6535980415217,294.519736455243,13.7329753623406,11.9098960175165,1.50338064754563,0.0190181889275155,0.00558207601121784,14,1.0067830317924,32811.0572120069,0,17581.8417431193,1,1,1,25,2018-10-04T18:07:13.647,20181004_ecoli_ARA_M3_50K,1500,-2598,160.175,DIA_100X_EMPTY_1x1_200ms,,,
13,155,14.5835026982498,2260,49.6483270688569,1266.52831858407,781.548672566372,NaN,NaN,NaN,NaN,NaN,NaN,NaN,NaN,NaN,NaN,NaN,NaN,NaN,NaN,NaN,1813.02284987382,0.611583843964106,157.799135225672,13.0867277834261,11.4104679649789,1.61149025418971,0.0151765075283445,0.00553489078032283,7,1.023138352471,16136.2053566171,1,17036.6132743363,1,1,1,25,2018-10-04T18:07:13.647,20181004_ecoli_ARA_M3_50K,1500,-2598,160.175,DIA_100X_EMPTY_1x1_200ms,,,
14,85,12.3093013052472,1047,48.5343265770459,1551.25692454632,825.853868194842,NaN,NaN,NaN,NaN,NaN,NaN,NaN,NaN,NaN,NaN,NaN,NaN,NaN,NaN,NaN,886.455726373137,0.833129025132769,85.3625039305271,12.1387365507414,10.3032712679013,1.62724983372566,0.00928696727069859,0.00380514971925383,3,1.00678827731754,7117.16928012029,0,18309.2005730659,1,1,1,25,2018-10-04T18:07:13.647,20181004_ecoli_ARA_M3_50K,1500,-2598,160.175,DIA_100X_EMPTY_1x1_200ms,,,
15,96,12.4077366531761,1192,46.8036009916201,1680.65604026846,1853.30285234899,NaN,NaN,NaN,NaN,NaN,NaN,NaN,NaN,NaN,NaN,NaN,NaN,NaN,NaN,NaN,1004.19282470743,0.77336262356814,95.6384607396843,12.03042913387,10.4162354099177,1.55552943341529,0.0130899829663536,0.0046208929505881,1,1.00975574263012,8149.74522405028,0,19217.3020134228,1,1,1,25,2018-10-04T18:07:13.647,20181004_ecoli_ARA_M3_50K,1500,-2598,160.175,DIA_100X_EMPTY_1x1_200ms,,,
16,167,13.9632937728703,2333,49.9587418241137,1778.40805829404,1234.77411058723,NaN,NaN,NaN,NaN,NaN,NaN,NaN,NaN,NaN,NaN,NaN,NaN,NaN,NaN,NaN,1883.57364924678,0.714424737620114,168.074233740856,12.6894609830092,11.1265279548872,1.6198503660859,0.0217480424316962,0.00464456931411722,9,1.00632843012264,16342.1934881449,1,18349.5250750107,1,1,1,25,2018-10-04T18:07:13.647,20181004_ecoli_ARA_M3_50K,1500,-2598,160.175,DIA_100X_EMPTY_1x1_200ms,,,
17,212,13.1840095025733,2796,-21.936216858163,1946.37660944206,1555.73676680973,NaN,NaN,NaN,NaN,NaN,NaN,NaN,NaN,NaN,NaN,NaN,NaN,NaN,NaN,NaN,NaN,NaN,NaN,NaN,NaN,NaN,NaN,NaN,NaN,NaN,NaN,0,19345.5064377682,1,1,1,25,2018-10-04T18:07:13.647,20181004_ecoli_ARA_M3_50K,1500,-2598,160.175,DIA_100X_EMPTY_1x1_200ms,,,
18,129,13.102714350254,1691,47.5959063989724,1887.45062093436,1143.02779420461,NaN,NaN,NaN,NaN,NaN,NaN,NaN,NaN,NaN,NaN,NaN,NaN,NaN,NaN,NaN,1392.21757316525,0.815015927964811,129.539803389817,12.4083556960715,10.6787432368009,1.6341978689454,0.0302524460743375,0.00812895068193834,2,1.00934005107053,11602.0144909373,1,18663.1709047901,1,1,1,25,2018-10-04T18:07:13.647,20181004_ecoli_ARA_M3_50K,1500,-2598,160.175,DIA_100X_EMPTY_1x1_200ms,,,
19,70,14.4949168934836,1015,46.6070735633381,1865.0236453202,324.71921182266,NaN,NaN,NaN,NaN,NaN,NaN,NaN,NaN,NaN,NaN,NaN,NaN,NaN,NaN,NaN,812.261716302023,0.918772200530331,68.6924150330829,13.7348603839894,11.6935858891854,2.20830000757673,0.0160636626413681,0.00605177647240991,4,1.00257711756304,7377.24295553545,0,19284.9625615764,1,1,1,25,2018-10-04T18:07:13.647,20181004_ecoli_ARA_M3_50K,1500,-2598,160.175,DIA_100X_EMPTY_1x1_200ms,,,
20,171,12.5371419859591,2145,49.18630613516,1971.80372960373,270.972027972028,NaN,NaN,NaN,NaN,NaN,NaN,NaN,NaN,NaN,NaN,NaN,NaN,NaN,NaN,NaN,NaN,NaN,NaN,NaN,NaN,NaN,NaN,NaN,NaN,NaN,NaN,1,19555.9244755245,1,1,1,25,2018-10-04T18:07:13.647,20181004_ecoli_ARA_M3_50K,1500,-2598,160.175,DIA_100X_EMPTY_1x1_200ms,,,
21,83,12.786022069997,1062,47.1163313854336,2010.89265536723,1051.18549905838,NaN,NaN,NaN,NaN,NaN,NaN,NaN,NaN,NaN,NaN,NaN,NaN,NaN,NaN,NaN,NaN,NaN,NaN,NaN,NaN,NaN,NaN,NaN,NaN,NaN,NaN,0,19447.2984934087,1,1,1,25,2018-10-04T18:07:13.647,20181004_ecoli_ARA_M3_50K,1500,-2598,160.175,DIA_100X_EMPTY_1x1_200ms,,,
22,58,12.1068140575157,703,40.0272682481534,2021.55903271693,595.827880512091,NaN,NaN,NaN,NaN,NaN,NaN,NaN,NaN,NaN,NaN,NaN,NaN,NaN,NaN,NaN,NaN,NaN,NaN,NaN,NaN,NaN,NaN,NaN,NaN,NaN,NaN,0,18905.5519203414,1,1,1,25,2018-10-04T18:07:13.647,20181004_ecoli_ARA_M3_50K,1500,-2598,160.175,DIA_100X_EMPTY_1x1_200ms,,,
23,51,9.76154341834735,499,-5.04221536954945,2028.15831663327,304.478957915832,NaN,NaN,NaN,NaN,NaN,NaN,NaN,NaN,NaN,NaN,NaN,NaN,NaN,NaN,NaN,NaN,NaN,NaN,NaN,NaN,NaN,NaN,NaN,NaN,NaN,NaN,1,23224.120240481,1,1,1,25,2018-10-04T18:07:13.647,20181004_ecoli_ARA_M3_50K,1500,-2598,160.175,DIA_100X_EMPTY_1x1_200ms,,,
1,59,12.1513731101185,718,49.5830789715616,347.901114206128,89.5877437325905,NaN,NaN,NaN,NaN,NaN,NaN,NaN,NaN,NaN,NaN,NaN,NaN,NaN,NaN,NaN,628.206823741761,0.9204038153606,59.3851367558628,12.1476746558612,10.4653518675664,1.92359790487608,0.0169919221417623,0.00575988041383121,3,1.00308578166307,5108.28726607885,0,18958.1838440111,1,1,1,26,2018-10-04T18:07:15.967,20181004_ecoli_ARA_M3_50K,500,-2598,160.175,DIA_100X_EMPTY_1x1_200ms,,,
2,117,13.446372808158,1573,49.747730047534,466.254291163382,767.935791481246,NaN,NaN,NaN,NaN,NaN,NaN,NaN,NaN,NaN,NaN,NaN,NaN,NaN,NaN,NaN,1328.12574327793,0.666772856235641,121.100283543462,14.1362329600677,10.8296949284466,1.9086711791623,0.0544817310128092,0.0142668451346596,4,1.0413023459022,11154.946375967,1,18329.2809917355,1,1,1,26,2018-10-04T18:07:15.967,20181004_ecoli_ARA_M3_50K,500,-2598,160.175,DIA_100X_EMPTY_1x1_200ms,,,
3,149,14.1798956052707,2113,49.6667891782338,557.658305726455,677.918125887364,NaN,NaN,NaN,NaN,NaN,NaN,NaN,NaN,NaN,NaN,NaN,NaN,NaN,NaN,NaN,1754.42992810306,0.621840117759969,153.413000876054,13.2186003132875,11.3079205355456,1.69936332319073,0.0388849662215436,0.0096947704744602,8,1.02007019454978,15406.9808340358,1,18065.4003786086,1,1,1,26,2018-10-04T18:07:15.967,20181004_ecoli_ARA_M3_50K,500,-2598,160.175,DIA_100X_EMPTY_1x1_200ms,,,
4,91,13.7450315731804,1251,47.3327211248011,741.314948041567,1453.40367705835,NaN,NaN,NaN,NaN,NaN,NaN,NaN,NaN,NaN,NaN,NaN,NaN,NaN,NaN,NaN,1038.01581074206,0.824639303954049,90.9627713072043,13.4582844996987,11.2866408432483,2.01464227684196,0.0153580565383655,0.00605615631583273,3,1.01371259431101,9100.87135463894,1,17835.9608313349,1,1,1,26,2018-10-04T18:07:15.967,20181004_ecoli_ARA_M3_50K,500,-2598,160.175,DIA_100X_EMPTY_1x1_200ms,,,
5,80,13.8906034741956,1111,47.901216779787,753.234923492349,1378.38703870387,NaN,NaN,NaN,NaN,NaN,NaN,NaN,NaN,NaN,NaN,NaN,NaN,NaN,NaN,NaN,931.633014740398,0.912909360238983,78.9476000854843,13.0971385267127,11.6053233597482,2.15603330128211,0.0131663997779839,0.00525254119697019,5,1.00177096186298,8351.09271539244,0,18476.0099009901,1,1,1,26,2018-10-04T18:07:15.967,20181004_ecoli_ARA_M3_50K,500,-2598,160.175,DIA_100X_EMPTY_1x1_200ms,,,
6,98,13.6779847257901,1341,49.0956292240524,824.442953020134,1406.00894854586,NaN,NaN,NaN,NaN,NaN,NaN,NaN,NaN,NaN,NaN,NaN,NaN,NaN,NaN,NaN,1122.68585766994,0.880279540454254,96.5377901247277,13.750371210484,11.5194396273092,2.03666257006529,0.00756081533917878,0.00369901085539774,2,1.00184426942591,10061.2036656576,1,17829.927665921,1,1,1,26,2018-10-04T18:07:15.967,20181004_ecoli_ARA_M3_50K,500,-2598,160.175,DIA_100X_EMPTY_1x1_200ms,,,
7,60,11.7144766362657,703,49.7396345419836,814.492176386913,1208.94879089616,NaN,NaN,NaN,NaN,NaN,NaN,NaN,NaN,NaN,NaN,NaN,NaN,NaN,NaN,NaN,643.059239536051,0.936715580398635,60.9126695311799,11.5581311918789,10.3759592530306,2.05874021070004,0.00942730800370046,0.00577233427264493,2,1.00298743778697,5150.55500606734,1,19421.0170697013,1,1,1,26,2018-10-04T18:07:15.967,20181004_ecoli_ARA_M3_50K,500,-2598,160.175,DIA_100X_EMPTY_1x1_200ms,,,
8,144,13.6747653525273,1970,49.6743629004041,859.96192893401,1241.97918781726,NaN,NaN,NaN,NaN,NaN,NaN,NaN,NaN,NaN,NaN,NaN,NaN,NaN,NaN,NaN,1681.07606526397,0.783221156714998,145.655632951766,13.2505243780585,11.4792474989959,1.55269629459109,0.0188903524865423,0.00485843799151536,9,1.00389677078687,15074.5378093379,1,18502.9680203046,1,1,1,26,2018-10-04T18:07:15.967,20181004_ecoli_ARA_M3_50K,500,-2598,160.175,DIA_100X_EMPTY_1x1_200ms,,,
9,23,11.6304550886866,268,-45.375205312712,827.149253731343,831.503731343284,NaN,NaN,NaN,NaN,NaN,NaN,NaN,NaN,NaN,NaN,NaN,NaN,NaN,NaN,NaN,266.654923378391,0.992478467320483,23.4636885617085,14.7397369675595,10.814378119289,3.86802070912949,0.0534388767213968,0.0248202807706996,1,1.02580249676892,2155.20838324822,0,16034.5447761194,1,1,1,26,2018-10-04T18:07:15.967,20181004_ecoli_ARA_M3_50K,500,-2598,160.175,DIA_100X_EMPTY_1x1_200ms,,,
10,29,9.31474661423637,286,-7.92154020565612,932.185314685315,6.73076923076923,NaN,NaN,NaN,NaN,NaN,NaN,NaN,NaN,NaN,NaN,NaN,NaN,NaN,NaN,NaN,NaN,NaN,NaN,NaN,NaN,NaN,NaN,NaN,NaN,NaN,NaN,0,18435.0944055944,1,1,1,26,2018-10-04T18:07:15.967,20181004_ecoli_ARA_M3_50K,500,-2598,160.175,DIA_100X_EMPTY_1x1_200ms,,,
11,124,14.3513229087102,1780,48.2638838839354,1086.69887640449,1922.12247191011,NaN,NaN,NaN,NaN,NaN,NaN,NaN,NaN,NaN,NaN,NaN,NaN,NaN,NaN,NaN,1431.34437328585,0.872724873187526,123.761882557573,13.4603843764215,11.4980416126897,1.85125743466742,0.0158671048835738,0.00664683106535842,5,1.0036842826298,12850.6335790858,0,18120.7146067416,1,1,1,26,2018-10-04T18:07:15.967,20181004_ecoli_ARA_M3_50K,500,-2598,160.175,DIA_100X_EMPTY_1x1_200ms,,,
12,49,13.3273266055984,658,41.470268132793,1239.12158054711,1466.08510638298,NaN,NaN,NaN,NaN,NaN,NaN,NaN,NaN,NaN,NaN,NaN,NaN,NaN,NaN,NaN,569.043891907557,0.878476044671298,51.5476926949927,14.4070076733405,10.7305701509865,2.32791159757679,0.0842712906329421,0.0205602089462682,1,1.02856808578894,4661.70415323108,1,18020.6504559271,1,1,1,26,2018-10-04T18:07:15.967,20181004_ecoli_ARA_M3_50K,500,-2598,160.175,DIA_100X_EMPTY_1x1_200ms,,,
13,326,13.4290550959677,4378,21.2965351726092,1419.03746002741,1468.87185929648,NaN,NaN,NaN,NaN,NaN,NaN,NaN,NaN,NaN,NaN,NaN,NaN,NaN,NaN,NaN,3636.62301858656,0.569472646273081,329.797274310069,13.9564604656154,10.9746353209391,1.19064384634373,0.0608953837533807,0.0074227487553959,13,1.00782234764236,31197.3093296032,1,18359.4470077661,1,1,1,26,2018-10-04T18:07:15.967,20181004_ecoli_ARA_M3_50K,500,-2598,160.175,DIA_100X_EMPTY_1x1_200ms,,,
14,185,14.031384327507,2597,49.9410106129458,1460.9021948402,139.514054678475,NaN,NaN,NaN,NaN,NaN,NaN,NaN,NaN,NaN,NaN,NaN,NaN,NaN,NaN,NaN,2091.88333284813,0.763760024012198,186.331312898909,12.4618398274798,11.1669963695891,1.39676278212546,0.0184723638010173,0.00618242198322585,7,1.00514714616616,18249.3951640021,1,17862.3226800154,1,1,1,26,2018-10-04T18:07:15.967,20181004_ecoli_ARA_M3_50K,500,-2598,160.175,DIA_100X_EMPTY_1x1_200ms,,,
15,57,11.3516801516024,647,49.0016169816792,1468.73106646059,371.564142194745,NaN,NaN,NaN,NaN,NaN,NaN,NaN,NaN,NaN,NaN,NaN,NaN,NaN,NaN,NaN,575.910054492924,0.882349924819787,57.0996526758896,12.0375568143815,9.84567237515395,2.13531356104252,0.0163887456907318,0.0051642642284373,2,1.00659094066678,4347.24491417646,0,18425.6306027821,1,1,1,26,2018-10-04T18:07:15.967,20181004_ecoli_ARA_M3_50K,500,-2598,160.175,DIA_100X_EMPTY_1x1_200ms,,,
16,70,11.4958610539229,804,49.5461683538045,1496.85447761194,848.129353233831,NaN,NaN,NaN,NaN,NaN,NaN,NaN,NaN,NaN,NaN,NaN,NaN,NaN,NaN,NaN,699.088192485892,0.917336025698278,69.0702638665219,11.5431878539034,9.98779321360477,1.75632146378512,0.00739967263518441,0.00303029624534379,2,1.00061420915656,5411.53013025386,0,18010.1467661692,1,1,1,26,2018-10-04T18:07:15.967,20181004_ecoli_ARA_M3_50K,500,-2598,160.175,DIA_100X_EMPTY_1x1_200ms,,,
17,178,13.241503689398,2357,49.9074296975348,1641.1302503182,130.127280441239,NaN,NaN,NaN,NaN,NaN,NaN,NaN,NaN,NaN,NaN,NaN,NaN,NaN,NaN,NaN,1939.92213492774,0.745469371228157,179.93599012935,12.083050427357,10.7190275794868,1.42719408162864,0.0148429181676735,0.00466730862650316,8,1.00539296574478,16237.4825012261,1,18398.6941026729,1,1,1,26,2018-10-04T18:07:15.967,20181004_ecoli_ARA_M3_50K,500,-2598,160.175,DIA_100X_EMPTY_1x1_200ms,,,
18,137,12.5603192187069,1721,49.8062801464448,1607.62754212667,975.260894828588,NaN,NaN,NaN,NaN,NaN,NaN,NaN,NaN,NaN,NaN,NaN,NaN,NaN,NaN,NaN,1455.44012029444,0.843454767790134,135.516767051861,12.0087432342797,10.6692544881833,1.49340975558404,0.0187390916589105,0.00489177427171435,7,1.00312868256873,12115.7711706036,1,18933.9936083672,1,1,1,26,2018-10-04T18:07:15.967,20181004_ecoli_ARA_M3_50K,500,-2598,160.175,DIA_100X_EMPTY_1x1_200ms,,,
19,136,12.6057190153693,1716,49.6373022303466,1683.8817016317,864.974358974359,NaN,NaN,NaN,NaN,NaN,NaN,NaN,NaN,NaN,NaN,NaN,NaN,NaN,NaN,NaN,1430.88055660289,0.749652906291034,137.346953815776,11.4617895928275,10.3024771687557,1.63744242620304,0.0189564141549086,0.00620087517160733,6,1.0112399584488,11449.6506207419,1,18718.1258741259,1,1,1,26,2018-10-04T18:07:15.967,20181004_ecoli_ARA_M3_50K,500,-2598,160.175,DIA_100X_EMPTY_1x1_200ms,,,
20,76,12.7294668372514,967,46.3924323857539,1722.7145811789,1788.79110651499,NaN,NaN,NaN,NaN,NaN,NaN,NaN,NaN,NaN,NaN,NaN,NaN,NaN,NaN,NaN,805.71266583489,0.850496924945546,75.871457021334,11.8728354493864,10.4321697982168,1.99469902719347,0.021849790792867,0.00951511351521831,1,1.01034238019481,6485.11377883113,0,20040.1365046536,1,1,1,26,2018-10-04T18:07:15.967,20181004_ecoli_ARA_M3_50K,500,-2598,160.175,DIA_100X_EMPTY_1x1_200ms,,,
21,103,12.5502011837315,1293,47.9789923301021,1749.45784996133,809.811291569992,NaN,NaN,NaN,NaN,NaN,NaN,NaN,NaN,NaN,NaN,NaN,NaN,NaN,NaN,NaN,1072.28382688962,0.864183244489268,103.06791185945,11.5665759874226,10.3208641188299,1.54697600959597,0.0195514012020431,0.00685618774243188,4,1.007240590848,8622.74373829885,1,19219.4555297757,1,1,1,26,2018-10-04T18:07:15.967,20181004_ecoli_ARA_M3_50K,500,-2598,160.175,DIA_100X_EMPTY_1x1_200ms,,,
22,108,12.5384798888866,1355,41.3216749855139,1841.01180811808,858.346863468635,NaN,NaN,NaN,NaN,NaN,NaN,NaN,NaN,NaN,NaN,NaN,NaN,NaN,NaN,NaN,1138.899632628,0.837555991612601,108.44864720622,11.9103075961381,10.4067425533211,1.6863899160595,0.0183286114374023,0.00675232257564451,4,1.00939520850687,9224.51714058237,1,19183.9704797048,1,1,1,26,2018-10-04T18:07:15.967,20181004_ecoli_ARA_M3_50K,500,-2598,160.175,DIA_100X_EMPTY_1x1_200ms,,,
23,56,11.8420002739927,663,49.4942282665417,1833.60331825038,1337.29411764706,NaN,NaN,NaN,NaN,NaN,NaN,NaN,NaN,NaN,NaN,NaN,NaN,NaN,NaN,NaN,563.604686549772,0.925680257741101,54.9485824629063,11.7244044401649,9.98836263993981,2.33863130881706,0.0148397751655021,0.00759794418558278,2,1.00228950658665,4305.61286111907,1,19433.2247360483,1,1,1,26,2018-10-04T18:07:15.967,20181004_ecoli_ARA_M3_50K,500,-2598,160.175,DIA_100X_EMPTY_1x1_200ms,,,
24,138,13.7899189520654,1904,49.8234441159112,1884.44117647059,1491.90493697479,NaN,NaN,NaN,NaN,NaN,NaN,NaN,NaN,NaN,NaN,NaN,NaN,NaN,NaN,NaN,1549.76351158775,0.879469657131622,137.58138936167,12.6394431260105,11.1614492787828,1.65669236108361,0.0179227686203059,0.00428812914736327,8,1.00157913529096,13461.4162088287,0,18640.6097689076,1,1,1,26,2018-10-04T18:07:15.967,20181004_ecoli_ARA_M3_50K,500,-2598,160.175,DIA_100X_EMPTY_1x1_200ms,,,
25,54,12.6114170733933,681,48.1933753535872,1884.1248164464,1316.15859030837,NaN,NaN,NaN,NaN,NaN,NaN,NaN,NaN,NaN,NaN,NaN,NaN,NaN,NaN,NaN,569.770868224754,0.928199573739952,54.0548488264252,11.7711342762217,10.3636027228719,2.25275846594146,0.0127662519113954,0.00782261988733626,1,1.01123514136609,4559.80269947101,1,19397.0073421439,1,1,1,26,2018-10-04T18:07:15.967,20181004_ecoli_ARA_M3_50K,500,-2598,160.175,DIA_100X_EMPTY_1x1_200ms,,,
1,173,13.7020082601691,2372,49.3179113262561,386.082209106239,875.83347386172,NaN,NaN,NaN,NaN,NaN,NaN,NaN,NaN,NaN,NaN,NaN,NaN,NaN,NaN,NaN,1979.41436235043,0.678450514277031,175.106053198833,12.6718822762868,11.2520938544651,1.43533692395039,0.0157061824131297,0.00615348954645738,8,1.01190645325431,17412.3638129688,0,17739.0754637437,1,1,1,28,2018-10-04T18:07:20.581,20181004_ecoli_ARA_M3_50K,-1500,-2598,160.175,DIA_100X_EMPTY_1x1_200ms,,,
2,23,10.9659902315722,253,33.4203903326098,612.221343873518,420.501976284585,NaN,NaN,NaN,NaN,NaN,NaN,NaN,NaN,NaN,NaN,NaN,NaN,NaN,NaN,NaN,223.796167353898,0.999830735281373,22.0597322645753,12.9077938366431,9.78080463145781,3.36862330221596,0.0160153069798097,0.00782052075762493,1,1.00215705932363,1657.44561394907,0,18048.8577075099,1,1,1,28,2018-10-04T18:07:20.581,20181004_ecoli_ARA_M3_50K,-1500,-2598,160.175,DIA_100X_EMPTY_1x1_200ms,,,
3,67,13.4401381120082,900,48.0347331776384,796.184444444444,2026.21666666667,NaN,NaN,NaN,NaN,NaN,NaN,NaN,NaN,NaN,NaN,NaN,NaN,NaN,NaN,NaN,NaN,NaN,NaN,NaN,NaN,NaN,NaN,NaN,NaN,NaN,NaN,0,17832.8522222222,1,1,1,28,2018-10-04T18:07:20.581,20181004_ecoli_ARA_M3_50K,-1500,-2598,160.175,DIA_100X_EMPTY_1x1_200ms,,,
4,229,12.8330437682997,2940,49.8214661395497,906.430612244898,601.737755102041,NaN,NaN,NaN,NaN,NaN,NaN,NaN,NaN,NaN,NaN,NaN,NaN,NaN,NaN,NaN,2461.78028623558,0.523601731609657,232.271487175501,12.1390837845094,10.566789463985,1.10012967172603,0.0132525346160954,0.00609920561121221,9,1.01824285620786,20369.1023760722,0,17561.318707483,1,1,1,28,2018-10-04T18:07:20.581,20181004_ecoli_ARA_M3_50K,-1500,-2598,160.175,DIA_100X_EMPTY_1x1_200ms,,,
5,67,12.9534019167326,867,49.5994429655029,1206.86505190311,1853.10265282584,NaN,NaN,NaN,NaN,NaN,NaN,NaN,NaN,NaN,NaN,NaN,NaN,NaN,NaN,NaN,747.194367296708,0.917185218572743,66.5401704124192,12.3752555674724,11.0704134541624,2.05922547848839,0.0123159266323423,0.0049424806002714,2,1.00426119187038,6404.7395281432,1,17035.032295271,1,1,1,28,2018-10-04T18:07:20.581,20181004_ecoli_ARA_M3_50K,-1500,-2598,160.175,DIA_100X_EMPTY_1x1_200ms,,,
6,71,12.2116699855713,868,49.6264219747318,1265.9965437788,1816.91705069124,NaN,NaN,NaN,NaN,NaN,NaN,NaN,NaN,NaN,NaN,NaN,NaN,NaN,NaN,NaN,756.798295736147,0.922088982301684,71.2948744536119,11.9907235971519,10.5136316156177,1.82257821275273,0.00748287437922113,0.00278438721050824,4,1.00127952622873,6189.47341054836,1,17304.1497695853,1,1,1,28,2018-10-04T18:07:20.581,20181004_ecoli_ARA_M3_50K,-1500,-2598,160.175,DIA_100X_EMPTY_1x1_200ms,,,
7,242,13.016400975886,3150,-36.7571890745572,1622.23523809524,224.888888888889,NaN,NaN,NaN,NaN,NaN,NaN,NaN,NaN,NaN,NaN,NaN,NaN,NaN,NaN,NaN,2635.67607390806,0.577492267894533,244.568832339991,12.6221192891233,10.7299030844729,1.84929368089757,0.0242117872426344,0.00873579282494238,12,1.01050496790787,22114.7783067401,0,19129.3968253968,1,1,1,28,2018-10-04T18:07:20.581,20181004_ecoli_ARA_M3_50K,-1500,-2598,160.175,DIA_100X_EMPTY_1x1_200ms,,,
8,39,7.88745890447414,308,26.7273598159104,1601.24350649351,91.8279220779221,NaN,NaN,NaN,NaN,NaN,NaN,NaN,NaN,NaN,NaN,NaN,NaN,NaN,NaN,NaN,360.066802120421,0.876121298822685,40.3323931514306,11.2062900694546,8.70806593641246,2.55006983663597,0.0253182023646086,0.0088345301364589,1,1.00858901053926,2402.07902472013,0,23124.762987013,1,1,1,28,2018-10-04T18:07:20.581,20181004_ecoli_ARA_M3_50K,-1500,-2598,160.175,DIA_100X_EMPTY_1x1_200ms,,,
1,124,11.2319389318786,1393,49.6293369625882,426.992821249103,105.43287867911,NaN,NaN,NaN,NaN,NaN,NaN,NaN,NaN,NaN,NaN,NaN,NaN,NaN,NaN,NaN,1228.55631395325,0.820862054916681,124.777417678991,11.2954872444076,9.78757602004775,1.28855711096255,0.014694230284971,0.00515567481532026,4,1.00317221135104,9388.06680448269,0,19955.2663316583,1,1,1,29,2018-10-04T18:07:22.916,20181004_ecoli_ARA_M3_50K,-2000,-1732,160.175,DIA_100X_EMPTY_1x1_200ms,,,
2,263,15.0173483691568,3950,49.5616001528078,1498.52987341772,1173.2,NaN,NaN,NaN,NaN,NaN,NaN,NaN,NaN,NaN,NaN,NaN,NaN,NaN,NaN,NaN,3165.49705160727,0.383360679056776,274.039993903183,12.7472926677785,11.5152532312654,1.256636492023,0.0149979840124674,0.00534596420010731,11,1.04347786192428,28539.7928431129,0,17915.7759493671,1,1,1,29,2018-10-04T18:07:22.916,20181004_ecoli_ARA_M3_50K,-2000,-1732,160.175,DIA_100X_EMPTY_1x1_200ms,,,
3,60,12.2981911413092,738,-49.9999999798888,1430.9593495935,1981.09214092141,NaN,NaN,NaN,NaN,NaN,NaN,NaN,NaN,NaN,NaN,NaN,NaN,NaN,NaN,NaN,744.142618381706,0.666588574504268,77.1205742506184,11.3040694547111,9.33098335851238,2.24788373438316,0.132441215820339,0.0396356000211425,2,1.45488534075202,5273.69447475635,1,19962.1639566396,1,1,1,29,2018-10-04T18:07:22.916,20181004_ecoli_ARA_M3_50K,-2000,-1732,160.175,DIA_100X_EMPTY_1x1_200ms,,,
4,33,9.81808992105688,330,-12.2553281183127,1420.73333333333,1986.65454545455,NaN,NaN,NaN,NaN,NaN,NaN,NaN,NaN,NaN,NaN,NaN,NaN,NaN,NaN,NaN,357.006911815053,0.898685691760498,35.7357440830759,12.8609925685597,9.68948979138776,2.72050975863042,0.020338190382388,0.00729655374767009,2,1.00527529683236,2635.08439849443,1,18947.996969697,1,1,1,29,2018-10-04T18:07:22.916,20181004_ecoli_ARA_M3_50K,-2000,-1732,160.175,DIA_100X_EMPTY_1x1_200ms,,,
5,355,13.2898828578454,4720,-47.3751991944398,1721.79788135593,414.695127118644,NaN,NaN,NaN,NaN,NaN,NaN,NaN,NaN,NaN,NaN,NaN,NaN,NaN,NaN,NaN,3836.83635272287,0.421080083895699,361.402710585945,12.0555715181845,10.5888009498206,0.944551645638682,0.0161416977891003,0.00502438807431797,15,1.01907255164236,31825.4721771203,0,18424.8415254237,1,1,1,29,2018-10-04T18:07:22.916,20181004_ecoli_ARA_M3_50K,-2000,-1732,160.175,DIA_100X_EMPTY_1x1_200ms,,,
6,268,14.3552072280047,3847,36.8396723884782,1749.38939433325,1262.18429945412,NaN,NaN,NaN,NaN,NaN,NaN,NaN,NaN,NaN,NaN,NaN,NaN,NaN,NaN,NaN,3029.5694196344,0.657922369762875,269.721486624865,12.9809274074032,11.1837149920778,1.42935300192121,0.0157905325046845,0.00729724513231247,10,1.01356974289213,26495.83483455,0,18139.0137769691,1,1,1,29,2018-10-04T18:07:22.916,20181004_ecoli_ARA_M3_50K,-2000,-1732,160.175,DIA_100X_EMPTY_1x1_200ms,,,
7,87,14.4326316760329,1256,-49.9999729903584,1757.31608280255,51.296974522293,NaN,NaN,NaN,NaN,NaN,NaN,NaN,NaN,NaN,NaN,NaN,NaN,NaN,NaN,NaN,NaN,NaN,NaN,NaN,NaN,NaN,NaN,NaN,NaN,NaN,NaN,0,16070.9729299363,1,1,1,29,2018-10-04T18:07:22.916,20181004_ecoli_ARA_M3_50K,-2000,-1732,160.175,DIA_100X_EMPTY_1x1_200ms,,,
1,40,11.9321938362373,478,1.63982012693283,15.571129707113,1876.26150627615,NaN,NaN,NaN,NaN,NaN,NaN,NaN,NaN,NaN,NaN,NaN,NaN,NaN,NaN,NaN,NaN,NaN,NaN,NaN,NaN,NaN,NaN,NaN,NaN,NaN,NaN,0,17149.6924686192,1,1,1,42,2018-10-04T18:07:53.144,20181004_ecoli_ARA_M3_50K,-2500,2598,160.175,DIA_100X_EMPTY_1x1_200ms,,,
2,97,10.3501263459287,1006,41.4254332880048,59.5884691848907,665.587475149105,NaN,NaN,NaN,NaN,NaN,NaN,NaN,NaN,NaN,NaN,NaN,NaN,NaN,NaN,NaN,1038.11216829885,0.839121224054006,100.461895757781,12.0788833953767,10.2080455365796,1.70184320247919,0.0263201173953606,0.00845802404088905,6,1.00229265395575,8221.98060528203,1,23749.5964214712,1,1,1,42,2018-10-04T18:07:53.144,20181004_ecoli_ARA_M3_50K,-2500,2598,160.175,DIA_100X_EMPTY_1x1_200ms,,,
3,102,11.8720643948802,1212,49.0161652394807,67.8770627062706,650.606435643564,NaN,NaN,NaN,NaN,NaN,NaN,NaN,NaN,NaN,NaN,NaN,NaN,NaN,NaN,NaN,1178.90065658995,0.859364747702934,104.804892764382,12.8923716208176,11.0798968253228,2.06631539481285,0.0228548679502902,0.00537792537188422,6,1.00248010815268,10105.1524990968,1,22420.3135313531,1,1,1,42,2018-10-04T18:07:53.144,20181004_ecoli_ARA_M3_50K,-2500,2598,160.175,DIA_100X_EMPTY_1x1_200ms,,,
4,63,12.8519306573425,810,49.6382364760903,37.1481481481481,251.711111111111,NaN,NaN,NaN,NaN,NaN,NaN,NaN,NaN,NaN,NaN,NaN,NaN,NaN,NaN,NaN,696.128653576003,0.965363521351772,62.6997589974333,12.5497888478403,10.8824217642931,2.26047409140197,0.00916563528977616,0.00354167068367698,2,1.00064550976795,5831.8569166003,0,17835.1419753086,1,1,1,42,2018-10-04T18:07:53.144,20181004_ecoli_ARA_M3_50K,-2500,2598,160.175,DIA_100X_EMPTY_1x1_200ms,,,
5,171,16.5390371032524,2829,49.692517075441,179.69423824673,1733.96111700247,NaN,NaN,NaN,NaN,NaN,NaN,NaN,NaN,NaN,NaN,NaN,NaN,NaN,NaN,NaN,2263.20515488239,0.648058399605616,173.538970475067,14.6190633889105,12.978902377623,1.76815930614699,0.0287995134734608,0.00891242196923222,6,1.02426307145951,22959.5213435696,0,17329.5804171085,1,1,1,42,2018-10-04T18:07:53.144,20181004_ecoli_ARA_M3_50K,-2500,2598,160.175,DIA_100X_EMPTY_1x1_200ms,,,
6,206,13.6186698046722,2806,48.0486950067245,224.497861724875,868.256236635781,NaN,NaN,NaN,NaN,NaN,NaN,NaN,NaN,NaN,NaN,NaN,NaN,NaN,NaN,NaN,2303.57663231896,0.576589735681925,209.063308316597,12.4896306991818,10.9547202994139,1.35808354923503,0.0232805023102523,0.00712760281555619,9,1.01872680640417,19704.7208549846,1,18289.3025659301,1,1,1,42,2018-10-04T18:07:53.144,20181004_ecoli_ARA_M3_50K,-2500,2598,160.175,DIA_100X_EMPTY_1x1_200ms,,,
7,117,13.5875815992073,1590,49.5928714388027,232.375471698113,603.123270440252,NaN,NaN,NaN,NaN,NaN,NaN,NaN,NaN,NaN,NaN,NaN,NaN,NaN,NaN,NaN,1309.35440216013,0.886797251440532,116.797934487395,12.4470481216077,11.1067926486907,1.72615815666962,0.0135594270679545,0.00472782373034843,6,1.00241244025695,11316.2458012808,0,17625.7647798742,1,1,1,42,2018-10-04T18:07:53.144,20181004_ecoli_ARA_M3_50K,-2500,2598,160.175,DIA_100X_EMPTY_1x1_200ms,,,
8,79,12.1430500519673,960,48.9231611833728,241.909375,386.453125,NaN,NaN,NaN,NaN,NaN,NaN,NaN,NaN,NaN,NaN,NaN,NaN,NaN,NaN,NaN,830.853002647,0.8981849672028,78.8068351520481,12.1606688115993,10.4557021595364,1.69385865635691,0.0146918904656321,0.00566035231843412,3,1.00326577280004,6766.43906392488,1,18894.3270833333,1,1,1,42,2018-10-04T18:07:53.144,20181004_ecoli_ARA_M3_50K,-2500,2598,160.175,DIA_100X_EMPTY_1x1_200ms,,,
9,74,11.7510180395039,870,49.4730534665726,293.291954022988,325.358620689655,NaN,NaN,NaN,NaN,NaN,NaN,NaN,NaN,NaN,NaN,NaN,NaN,NaN,NaN,NaN,839.178302318443,0.851980117136472,76.0813934137474,12.5282585074172,10.9062607855227,1.8754662285175,0.0110189816425204,0.00561899400390726,3,1.00906153555674,7107.55281639426,2,21535.0586206897,1,1,1,42,2018-10-04T18:07:53.144,20181004_ecoli_ARA_M3_50K,-2500,2598,160.175,DIA_100X_EMPTY_1x1_200ms,,,
10,149,12.5558159673178,1872,49.541698918904,321.615918803419,309.090277777778,NaN,NaN,NaN,NaN,NaN,NaN,NaN,NaN,NaN,NaN,NaN,NaN,NaN,NaN,NaN,1743.83504333981,0.727832817578239,153.453233571027,12.7224457832626,11.2750074239034,1.62380932672962,0.0217736985336734,0.00792333721919781,4,1.01617960661497,15321.4404910034,1,20062.9770299145,1,1,1,42,2018-10-04T18:07:53.144,20181004_ecoli_ARA_M3_50K,-2500,2598,160.175,DIA_100X_EMPTY_1x1_200ms,,,
11,128,14.7365071841998,1887,47.4396873931073,339.856385797562,987.411234764176,NaN,NaN,NaN,NaN,NaN,NaN,NaN,NaN,NaN,NaN,NaN,NaN,NaN,NaN,NaN,1549.0134041181,0.767184125394595,127.671429615744,14.5510835013809,12.0251205766925,2.20456710047919,0.0230484855560276,0.00694530520841086,6,1.01369438955336,14499.8157069143,2,17456.8887122417,1,1,1,42,2018-10-04T18:07:53.144,20181004_ecoli_ARA_M3_50K,-2500,2598,160.175,DIA_100X_EMPTY_1x1_200ms,,,
12,142,13.0514832533069,1854,49.877893177875,343.088996763754,1496.23031283711,NaN,NaN,NaN,NaN,NaN,NaN,NaN,NaN,NaN,NaN,NaN,NaN,NaN,NaN,NaN,1545.46794899066,0.680089332722979,144.185893730749,11.3359297055742,10.660389669197,1.29582298763652,0.0128510182320404,0.00614198247934848,4,1.0139718109078,12869.4152606596,0,17861.4859762675,1,1,1,42,2018-10-04T18:07:53.144,20181004_ecoli_ARA_M3_50K,-2500,2598,160.175,DIA_100X_EMPTY_1x1_200ms,,,
13,127,13.2452399022979,1683,49.4037578703368,331.620320855615,1585.14319667261,NaN,NaN,NaN,NaN,NaN,NaN,NaN,NaN,NaN,NaN,NaN,NaN,NaN,NaN,NaN,1388.03456914089,0.862763979427411,126.833643827983,12.251870040349,10.8882844909864,1.4885650260991,0.0121810867496839,0.00499736429129845,4,1.00390905306485,11809.8197801752,0,18314.2626262626,1,1,1,42,2018-10-04T18:07:53.144,20181004_ecoli_ARA_M3_50K,-2500,2598,160.175,DIA_100X_EMPTY_1x1_200ms,,,
14,121,13.4001236622677,1622,47.1551591380811,409.987669543773,1081.28668310727,NaN,NaN,NaN,NaN,NaN,NaN,NaN,NaN,NaN,NaN,NaN,NaN,NaN,NaN,NaN,1360.11324910044,0.870338180287066,122.034479624348,12.8550354351933,11.0703606264793,1.7214628722451,0.0134519696356012,0.003768183215913,6,1.0031140571744,11746.1616206435,2,18231.6547472256,1,1,1,42,2018-10-04T18:07:53.144,20181004_ecoli_ARA_M3_50K,-2500,2598,160.175,DIA_100X_EMPTY_1x1_200ms,,,
15,164,13.3364227397261,2188,49.7621369301788,405.545246800731,1176.52742230347,NaN,NaN,NaN,NaN,NaN,NaN,NaN,NaN,NaN,NaN,NaN,NaN,NaN,NaN,NaN,1826.60734712149,0.846963755893612,165.114027644974,12.4361954289584,10.9763201296842,1.70078904385835,0.0256285794704339,0.0078108459297672,6,1.00439481972264,15623.8256029337,1,19073.8267824497,1,1,1,42,2018-10-04T18:07:53.144,20181004_ecoli_ARA_M3_50K,-2500,2598,160.175,DIA_100X_EMPTY_1x1_200ms,,,
16,118,13.413484664177,1583,49.8008649097112,541.13771320278,732.397978521794,NaN,NaN,NaN,NaN,NaN,NaN,NaN,NaN,NaN,NaN,NaN,NaN,NaN,NaN,NaN,1313.92540763468,0.880527335008984,118.096075306019,12.4665007100804,11.0447165249211,1.72830756909478,0.00975478690754615,0.00370179326408713,4,1.00254748102035,11314.4772535242,1,17921.0056854075,1,1,1,42,2018-10-04T18:07:53.144,20181004_ecoli_ARA_M3_50K,-2500,2598,160.175,DIA_100X_EMPTY_1x1_200ms,,,
17,204,14.4883280709712,2956,49.9466988232096,609.618403247632,162.699594046008,NaN,NaN,NaN,NaN,NaN,NaN,NaN,NaN,NaN,NaN,NaN,NaN,NaN,NaN,NaN,2377.3370266564,0.803327520659577,203.23751476399,13.5850621582648,11.6135189010277,1.538956024068,0.0265904242475522,0.00686547396627877,11,1.00400689682361,21528.8791130239,0,18159.5199594046,1,1,1,42,2018-10-04T18:07:53.144,20181004_ecoli_ARA_M3_50K,-2500,2598,160.175,DIA_100X_EMPTY_1x1_200ms,,,
18,63,12.4398246064397,785,48.1669550703443,618.569426751592,1505.40636942675,NaN,NaN,NaN,NaN,NaN,NaN,NaN,NaN,NaN,NaN,NaN,NaN,NaN,NaN,NaN,674.753587498994,0.908562649115709,63.9386269277722,12.0821898797918,10.390005236586,1.93994715622225,0.0168644375761692,0.00590134847031006,3,1.00445587601405,5421.06631393474,0,18645.3337579618,1,1,1,42,2018-10-04T18:07:53.144,20181004_ecoli_ARA_M3_50K,-2500,2598,160.175,DIA_100X_EMPTY_1x1_200ms,,,
19,115,14.3268782981039,1648,49.1952309839444,656.668689320388,711.158980582524,NaN,NaN,NaN,NaN,NaN,NaN,NaN,NaN,NaN,NaN,NaN,NaN,NaN,NaN,NaN,1351.84271387222,0.889564763203128,113.991565552654,13.1758725355802,11.7606412268538,1.98008995756119,0.016649270224252,0.00640982138562285,6,1.00279584109767,12382.9637791038,1,17285.630461165,1,1,1,42,2018-10-04T18:07:53.144,20181004_ecoli_ARA_M3_50K,-2500,2598,160.175,DIA_100X_EMPTY_1x1_200ms,,,
20,165,14.0149381428809,2313,49.5508122735503,811.032857760484,559.050583657588,NaN,NaN,NaN,NaN,NaN,NaN,NaN,NaN,NaN,NaN,NaN,NaN,NaN,NaN,NaN,1919.39244546199,0.802770118259242,165.819731019465,13.638552365383,11.4975206324765,1.6617000331843,0.0200040990820043,0.00635859647703494,4,1.00451434749976,17216.0883566782,0,18168.7038478167,1,1,1,42,2018-10-04T18:07:53.144,20181004_ecoli_ARA_M3_50K,-2500,2598,160.175,DIA_100X_EMPTY_1x1_200ms,,,
21,196,13.4536543631651,2638,49.2569777196397,954.740712661107,1838.19143290371,NaN,NaN,NaN,NaN,NaN,NaN,NaN,NaN,NaN,NaN,NaN,NaN,NaN,NaN,NaN,2266.29903084393,0.777245576830056,198.01106611954,14.0538995757576,11.3785948163664,1.73309439343987,0.0375233938139903,0.00739319745730004,9,1.00898394060386,20135.23065813,1,18463.0951478393,1,1,1,42,2018-10-04T18:07:53.144,20181004_ecoli_ARA_M3_50K,-2500,2598,160.175,DIA_100X_EMPTY_1x1_200ms,,,
22,64,12.792782000968,820,48.7328634857882,955.15,956.457317073171,NaN,NaN,NaN,NaN,NaN,NaN,NaN,NaN,NaN,NaN,NaN,NaN,NaN,NaN,NaN,694.765919355268,0.913502620333465,64.2570479852585,12.0438606165845,10.6896326482631,1.90768117966658,0.0147508064020412,0.00587191423451101,2,1.00132195320826,5766.81756918596,0,19151.9451219512,1,1,1,42,2018-10-04T18:07:53.144,20181004_ecoli_ARA_M3_50K,-2500,2598,160.175,DIA_100X_EMPTY_1x1_200ms,,,
23,97,12.2062516848741,1184,46.6491261043584,981.099662162162,1911.00929054054,NaN,NaN,NaN,NaN,NaN,NaN,NaN,NaN,NaN,NaN,NaN,NaN,NaN,NaN,NaN,1006.78869899447,0.902224398539303,96.7954038832321,12.5602416906786,10.3238899936472,1.65994585738607,0.00761836848249944,0.00304622716257526,6,1.00076416212955,8102.72975063785,1,18796.8885135135,1,1,1,42,2018-10-04T18:07:53.144,20181004_ecoli_ARA_M3_50K,-2500,2598,160.175,DIA_100X_EMPTY_1x1_200ms,,,
24,85,13.695535338075,1165,44.421069637548,1170.72789699571,126.55364806867,NaN,NaN,NaN,NaN,NaN,NaN,NaN,NaN,NaN,NaN,NaN,NaN,NaN,NaN,NaN,950.362795623947,0.827921241112652,85.7756805103655,12.6739624692817,10.9899653130053,1.70890558927507,0.0164658630173467,0.00638838991918004,3,1.00611962813089,8136.66989487152,0,19419.2386266094,1,1,1,42,2018-10-04T18:07:53.144,20181004_ecoli_ARA_M3_50K,-2500,2598,160.175,DIA_100X_EMPTY_1x1_200ms,,,
25,58,12.8441787226743,745,49.2331650826082,1300.87651006711,327.646979865772,NaN,NaN,NaN,NaN,NaN,NaN,NaN,NaN,NaN,NaN,NaN,NaN,NaN,NaN,NaN,627.058049896741,0.895017640760856,58.511373824482,12.2150610427714,10.4579984093862,2.28360900950931,0.0110137938381371,0.00659928522389791,1,1.00527311612618,5026.05595807148,0,18868.6697986577,1,1,1,42,2018-10-04T18:07:53.144,20181004_ecoli_ARA_M3_50K,-2500,2598,160.175,DIA_100X_EMPTY_1x1_200ms,,,
26,64,12.5464711489653,803,48.5898503126866,1309.11706102117,710.926525529265,NaN,NaN,NaN,NaN,NaN,NaN,NaN,NaN,NaN,NaN,NaN,NaN,NaN,NaN,NaN,687.293347278746,0.930024829527664,64.941146555796,11.7246332613981,10.4245685565187,1.91557281908886,0.0169505164622875,0.00498081254025595,5,1.00263445644394,5542.75921825893,1,18223.6214196762,1,1,1,42,2018-10-04T18:07:53.144,20181004_ecoli_ARA_M3_50K,-2500,2598,160.175,DIA_100X_EMPTY_1x1_200ms,,,
27,59,12.9739161408461,766,49.3856972936717,1345.37075718016,759.271540469974,NaN,NaN,NaN,NaN,NaN,NaN,NaN,NaN,NaN,NaN,NaN,NaN,NaN,NaN,NaN,650.745172897985,0.935717646997333,59.1737461899883,12.3422286257864,10.8589975772971,1.99507548228914,0.0129236579236948,0.00686157266657209,1,1.0021046913516,5480.22536443102,1,17875.6253263708,1,1,1,42,2018-10-04T18:07:53.144,20181004_ecoli_ARA_M3_50K,-2500,2598,160.175,DIA_100X_EMPTY_1x1_200ms,,,
28,83,11.4232513745803,949,42.2135349088865,1372.51001053741,217.190727081138,NaN,NaN,NaN,NaN,NaN,NaN,NaN,NaN,NaN,NaN,NaN,NaN,NaN,NaN,NaN,840.23731246236,0.827783446699028,84.226935287178,11.6825928595946,9.88526576944689,1.61505266216182,0.0170040596597553,0.00652909639215592,3,1.00536743726624,6464.24160256519,0,19168.6628029505,1,1,1,42,2018-10-04T18:07:53.144,20181004_ecoli_ARA_M3_50K,-2500,2598,160.175,DIA_100X_EMPTY_1x1_200ms,,,
29,86,14.3544329187207,1235,47.5721182002167,1710.3951417004,1403.8032388664,NaN,NaN,NaN,NaN,NaN,NaN,NaN,NaN,NaN,NaN,NaN,NaN,NaN,NaN,NaN,987.823012482006,0.85970620752429,86.0016758342286,13.406080908274,11.358195767391,1.99007339523363,0.0153403269535862,0.00645977835674553,5,1.00574201591774,8713.95865506723,0,18318.6744939271,1,1,1,42,2018-10-04T18:07:53.144,20181004_ecoli_ARA_M3_50K,-2500,2598,160.175,DIA_100X_EMPTY_1x1_200ms,,,
30,76,12.80268524859,974,48.9163333971312,1855.97330595483,1806.41786447639,NaN,NaN,NaN,NaN,NaN,NaN,NaN,NaN,NaN,NaN,NaN,NaN,NaN,NaN,NaN,805.846051090891,0.897718933558246,75.8612917634733,12.0254066774014,10.5291228829548,1.78206707116321,0.0114640494384657,0.00529975493567985,2,1.00272446772322,6605.32975338987,0,18573.31724846,1,1,1,42,2018-10-04T18:07:53.144,20181004_ecoli_ARA_M3_50K,-2500,2598,160.175,DIA_100X_EMPTY_1x1_200ms,,,
31,58,13.0113496499459,755,47.1844058049174,1957.3298013245,26.353642384106,NaN,NaN,NaN,NaN,NaN,NaN,NaN,NaN,NaN,NaN,NaN,NaN,NaN,NaN,NaN,NaN,NaN,NaN,NaN,NaN,NaN,NaN,NaN,NaN,NaN,NaN,0,18856.7443708609,1,1,1,42,2018-10-04T18:07:53.144,20181004_ecoli_ARA_M3_50K,-2500,2598,160.175,DIA_100X_EMPTY_1x1_200ms,,,
32,31,4.93017822391473,154,-49.9995374319001,1984.02597402597,387.779220779221,NaN,NaN,NaN,NaN,NaN,NaN,NaN,NaN,NaN,NaN,NaN,NaN,NaN,NaN,NaN,293.814254999055,0.920896855262563,NaN,NaN,NaN,NaN,NaN,NaN,NaN,NaN,NaN,1,25073.3506493507,1,1,1,42,2018-10-04T18:07:53.144,20181004_ecoli_ARA_M3_50K,-2500,2598,160.175,DIA_100X_EMPTY_1x1_200ms,,,
33,16,3.92740720097174,63,-49.9997340854148,1984.5873015873,416.063492063492,NaN,NaN,NaN,NaN,NaN,NaN,NaN,NaN,NaN,NaN,NaN,NaN,NaN,NaN,NaN,165.999013864549,0.999867814030011,NaN,NaN,NaN,NaN,NaN,NaN,NaN,NaN,NaN,1,25378.0793650794,1,1,1,42,2018-10-04T18:07:53.144,20181004_ecoli_ARA_M3_50K,-2500,2598,160.175,DIA_100X_EMPTY_1x1_200ms,,,
1,127,13.2752260550055,1688,49.8320228320976,934.007701421801,657.499407582938,NaN,NaN,NaN,NaN,NaN,NaN,NaN,NaN,NaN,NaN,NaN,NaN,NaN,NaN,NaN,1401.45757962737,0.836608418056461,127.953714453786,12.3501156829375,10.870743756025,1.56527467402472,0.0158509733264923,0.00541684600969815,3,1.00322682293382,11875.75683854,0,18261.5426540284,1,1,1,54,2018-10-04T18:08:21.389,20181004_ecoli_ARA_M3_50K,2500,-2598,160.175,DIA_100X_EMPTY_1x1_200ms,,,
2,147,14.960833976244,2200,49.7258990827405,944.507272727273,517.627272727273,NaN,NaN,NaN,NaN,NaN,NaN,NaN,NaN,NaN,NaN,NaN,NaN,NaN,NaN,NaN,1832.34448661081,0.851715512344751,148.17712537334,14.2463314103136,12.3059013613255,1.93616681626203,0.0141855418373995,0.00643064437193241,3,1.0057768791045,17623.7330525644,0,17334.5663636364,1,1,1,54,2018-10-04T18:08:21.389,20181004_ecoli_ARA_M3_50K,2500,-2598,160.175,DIA_100X_EMPTY_1x1_200ms,,,
3,308,12.9865665576818,4000,35.0903809983652,1038.0065,367.6505,NaN,NaN,NaN,NaN,NaN,NaN,NaN,NaN,NaN,NaN,NaN,NaN,NaN,NaN,NaN,3298.8159354397,0.59812691706152,310.86139150712,12.0120604467912,10.5813110377121,1.04870101510604,0.0265906635660568,0.00601259633000731,14,1.0101130388569,27336.0417698701,0,18675.74225,1,1,1,54,2018-10-04T18:08:21.389,20181004_ecoli_ARA_M3_50K,2500,-2598,160.175,DIA_100X_EMPTY_1x1_200ms,,,
4,70,13.0692010038944,916,48.0288075946076,1082.07751091703,659.920305676856,NaN,NaN,NaN,NaN,NaN,NaN,NaN,NaN,NaN,NaN,NaN,NaN,NaN,NaN,NaN,773.191540338966,0.913853632804017,70.6589767004469,12.075513057134,10.8212686383089,1.8688056643917,0.0135143952673916,0.00481730739588793,1,1.00354733066766,6498.50686480617,0,17784.5906113537,1,1,1,54,2018-10-04T18:08:21.389,20181004_ecoli_ARA_M3_50K,2500,-2598,160.175,DIA_100X_EMPTY_1x1_200ms,,,
5,79,13.9743044827631,1104,49.3773350673592,1113.16576086957,938.319746376812,NaN,NaN,NaN,NaN,NaN,NaN,NaN,NaN,NaN,NaN,NaN,NaN,NaN,NaN,NaN,917.592071150323,0.93921725157397,78.5507864536161,12.9274237871559,11.4740805493771,2.26080842582303,0.012031686693604,0.00500666423876171,2,1.00519734074837,8122.24728549235,0,18480.2699275362,1,1,1,54,2018-10-04T18:08:21.389,20181004_ecoli_ARA_M3_50K,2500,-2598,160.175,DIA_100X_EMPTY_1x1_200ms,,,
6,39,11.975742789886,468,46.100476677713,1195.52136752137,19.3162393162393,NaN,NaN,NaN,NaN,NaN,NaN,NaN,NaN,NaN,NaN,NaN,NaN,NaN,NaN,NaN,NaN,NaN,NaN,NaN,NaN,NaN,NaN,NaN,NaN,NaN,NaN,0,18406.6217948718,1,1,1,54,2018-10-04T18:08:21.389,20181004_ecoli_ARA_M3_50K,2500,-2598,160.175,DIA_100X_EMPTY_1x1_200ms,,,
7,110,13.2365711885808,1456,49.2348109595273,1282.78502747253,292.620879120879,NaN,NaN,NaN,NaN,NaN,NaN,NaN,NaN,NaN,NaN,NaN,NaN,NaN,NaN,NaN,1216.76401367184,0.845115730727735,110.174809530989,11.8803319330148,10.9637497024868,1.60930525806445,0.0137690802002696,0.0051065297861761,1,1.00531660915699,10401.3668561004,0,17871.043956044,1,1,1,54,2018-10-04T18:08:21.389,20181004_ecoli_ARA_M3_50K,2500,-2598,160.175,DIA_100X_EMPTY_1x1_200ms,,,
8,100,13.2801705258841,1328,33.4974768856179,1333.88102409639,1120.68072289157,NaN,NaN,NaN,NaN,NaN,NaN,NaN,NaN,NaN,NaN,NaN,NaN,NaN,NaN,NaN,1122.94115720633,0.692986422605973,102.161303694725,12.511223716006,10.9073190256886,1.56794433248201,0.0245606575711248,0.00733474508106167,2,1.02775971690769,9545.80018906231,0,17412.5700301205,1,1,1,54,2018-10-04T18:08:21.389,20181004_ecoli_ARA_M3_50K,2500,-2598,160.175,DIA_100X_EMPTY_1x1_200ms,,,
9,286,13.9464521885081,3990,30.6675761150678,1569.42681704261,603.072932330827,NaN,NaN,NaN,NaN,NaN,NaN,NaN,NaN,NaN,NaN,NaN,NaN,NaN,NaN,NaN,3208.5731138703,0.636211346070897,288.591880187382,12.6481511762258,11.0683117719207,1.2709837761664,0.017639930277858,0.00583179994160396,10,1.00790955526482,27767.4984740261,0,18327.2889724311,1,1,1,54,2018-10-04T18:08:21.389,20181004_ecoli_ARA_M3_50K,2500,-2598,160.175,DIA_100X_EMPTY_1x1_200ms,,,
10,46,6.53955179107753,301,48.384420211003,2043.66445182724,353.568106312292,NaN,NaN,NaN,NaN,NaN,NaN,NaN,NaN,NaN,NaN,NaN,NaN,NaN,NaN,NaN,NaN,NaN,NaN,NaN,NaN,NaN,NaN,NaN,NaN,NaN,NaN,0,19008.950166113,1,1,1,54,2018-10-04T18:08:21.389,20181004_ecoli_ARA_M3_50K,2500,-2598,160.175,DIA_100X_EMPTY_1x1_200ms,,,
1,20,8.45162406183777,170,-49.9290261191466,7.28823529411765,1063.68823529412,NaN,NaN,NaN,NaN,NaN,NaN,NaN,NaN,NaN,NaN,NaN,NaN,NaN,NaN,NaN,NaN,NaN,NaN,NaN,NaN,NaN,NaN,NaN,NaN,NaN,NaN,1,20384.5823529412,1,1,1,57,2018-10-04T18:08:28.571,20181004_ecoli_ARA_M3_50K,4000,-0,160.175,DIA_100X_EMPTY_1x1_200ms,,,
2,179,13.4791423522608,2413,48.8324579524153,88.3924575217572,1115.14421881475,NaN,NaN,NaN,NaN,NaN,NaN,NaN,NaN,NaN,NaN,NaN,NaN,NaN,NaN,NaN,1960.89166160945,0.778201269438948,180.782618556668,12.5002211731294,10.7802706440128,1.49446004277543,0.0177846284594457,0.0063462792221209,8,1.00901827585517,16500.8335095525,1,19027.5801906341,1,1,1,57,2018-10-04T18:08:28.571,20181004_ecoli_ARA_M3_50K,4000,-0,160.175,DIA_100X_EMPTY_1x1_200ms,,,
3,84,12.4998454428255,1050,48.3963541268683,206.072380952381,154.781904761905,NaN,NaN,NaN,NaN,NaN,NaN,NaN,NaN,NaN,NaN,NaN,NaN,NaN,NaN,NaN,876.645486668913,0.879524000877278,83.9191934487001,11.6930496530702,10.322952918812,1.69866807539496,0.0139628429213158,0.00520196042829066,3,1.00150291971015,7023.58876975169,1,20583.9438095238,1,1,1,57,2018-10-04T18:08:28.571,20181004_ecoli_ARA_M3_50K,4000,-0,160.175,DIA_100X_EMPTY_1x1_200ms,,,
4,91,11.7041631157846,1065,36.7418865631329,243.254460093897,127.565258215962,NaN,NaN,NaN,NaN,NaN,NaN,NaN,NaN,NaN,NaN,NaN,NaN,NaN,NaN,NaN,931.271698242998,0.794920132833724,91.4645136203528,11.7942142649376,10.07777285661,1.83465901406535,0.0151880422013079,0.00511753579942115,3,1.01095126686702,7295.77852363512,1,21412.1981220657,1,1,1,57,2018-10-04T18:08:28.571,20181004_ecoli_ARA_M3_50K,4000,-0,160.175,DIA_100X_EMPTY_1x1_200ms,,,
5,99,14.4776621648749,1434,49.6024729557401,257.599023709902,726.306834030683,NaN,NaN,NaN,NaN,NaN,NaN,NaN,NaN,NaN,NaN,NaN,NaN,NaN,NaN,NaN,1156.90751373373,0.894535072263637,98.5658696810489,13.0751508765077,11.6345388527155,1.93610164988563,0.0126725803357688,0.00418509925682458,4,1.0038298222072,10478.8780945092,1,18508.0334728033,1,1,1,57,2018-10-04T18:08:28.571,20181004_ecoli_ARA_M3_50K,4000,-0,160.175,DIA_100X_EMPTY_1x1_200ms,,,
6,98,14.9014986364486,1461,48.1675811411888,346.446954140999,685.70636550308,NaN,NaN,NaN,NaN,NaN,NaN,NaN,NaN,NaN,NaN,NaN,NaN,NaN,NaN,NaN,1171.50794983257,0.966158073331119,97.5826283865201,13.5948418964086,11.896449172365,2.22270442673181,0.00991050861791826,0.00400891065259035,5,1.00057332315584,10846.6867957823,1,18195.7871321013,1,1,1,57,2018-10-04T18:08:28.571,20181004_ecoli_ARA_M3_50K,4000,-0,160.175,DIA_100X_EMPTY_1x1_200ms,,,
7,223,15.1534925576014,3380,49.4779577807386,451.537573964497,1309.09733727811,NaN,NaN,NaN,NaN,NaN,NaN,NaN,NaN,NaN,NaN,NaN,NaN,NaN,NaN,NaN,2721.00575045435,0.72515305721553,224.724838307693,13.2569525730097,12.0478552657583,1.41570793832642,0.0253047501945139,0.00628660900846205,8,1.00747170511288,25618.8977982334,1,19018.8183431953,1,1,1,57,2018-10-04T18:08:28.571,20181004_ecoli_ARA_M3_50K,4000,-0,160.175,DIA_100X_EMPTY_1x1_200ms,,,
8,61,12.1852228336209,744,48.6822955985014,401.73252688172,1304.52688172043,NaN,NaN,NaN,NaN,NaN,NaN,NaN,NaN,NaN,NaN,NaN,NaN,NaN,NaN,NaN,655.648805087553,0.899894865529658,62.5035832527141,12.0846851588563,10.3306405711705,2.00184949705201,0.0125584365452957,0.00443955725294956,1,1.00478467593349,5239.01087829914,1,22542.5672043011,1,1,1,57,2018-10-04T18:08:28.571,20181004_ecoli_ARA_M3_50K,4000,-0,160.175,DIA_100X_EMPTY_1x1_200ms,,,
9,111,13.9280767768256,1547,49.3931887162922,617.643180349063,741.199095022624,NaN,NaN,NaN,NaN,NaN,NaN,NaN,NaN,NaN,NaN,NaN,NaN,NaN,NaN,NaN,1255.91697067944,0.867249551253483,111.670424855536,12.8211535631424,11.121614360191,1.86181428073256,0.0115316568618127,0.00464643346547719,2,1.00384127431067,10848.3506313137,0,18172.8287007111,1,1,1,57,2018-10-04T18:08:28.571,20181004_ecoli_ARA_M3_50K,4000,-0,160.175,DIA_100X_EMPTY_1x1_200ms,,,
10,81,12.7822666287516,1036,49.1112951778407,702.066602316602,256.107142857143,NaN,NaN,NaN,NaN,NaN,NaN,NaN,NaN,NaN,NaN,NaN,NaN,NaN,NaN,NaN,861.171984827988,0.851695655096035,80.9059752864468,11.9666002054551,10.558862971537,1.64932871830946,0.0196139735248651,0.00761762317218768,3,1.00657945711962,7084.42792888432,0,18174.6148648649,1,1,1,57,2018-10-04T18:08:28.571,20181004_ecoli_ARA_M3_50K,4000,-0,160.175,DIA_100X_EMPTY_1x1_200ms,,,
11,88,14.9869564634212,1319,48.4886366053632,844.754359363154,1711.34723275208,NaN,NaN,NaN,NaN,NaN,NaN,NaN,NaN,NaN,NaN,NaN,NaN,NaN,NaN,NaN,1044.00195258561,0.894196200259024,87.0272618649194,15.0349335447475,11.8653038004408,2.3425740751992,0.0168259288659748,0.00507465138987006,3,1.00564573464473,9622.83248759607,0,17546.6391205459,1,1,1,57,2018-10-04T18:08:28.571,20181004_ecoli_ARA_M3_50K,4000,-0,160.175,DIA_100X_EMPTY_1x1_200ms,,,
12,174,13.4049526587955,2333,49.3519446253406,1016.4556365195,172.058722674668,NaN,NaN,NaN,NaN,NaN,NaN,NaN,NaN,NaN,NaN,NaN,NaN,NaN,NaN,NaN,1903.15715432191,0.775067636179967,175.595150583837,11.9942349794051,10.7571974023921,1.56527703683708,0.025102591009164,0.00653830881159047,8,1.00659328826396,15958.8163061879,1,20435.1363051865,1,1,1,57,2018-10-04T18:08:28.571,20181004_ecoli_ARA_M3_50K,4000,-0,160.175,DIA_100X_EMPTY_1x1_200ms,,,
13,159,15.0794866761507,2401,49.9172080143406,1063.02707205331,985.714702207414,NaN,NaN,NaN,NaN,NaN,NaN,NaN,NaN,NaN,NaN,NaN,NaN,NaN,NaN,NaN,1888.57573501122,0.683877197767386,160.890415424916,13.0184446879184,11.6635143778953,1.5104498706547,0.0261031833700225,0.0065643252862343,9,1.01191616662356,17190.1201639864,0,17921.0495626822,1,1,1,57,2018-10-04T18:08:28.571,20181004_ecoli_ARA_M3_50K,4000,-0,160.175,DIA_100X_EMPTY_1x1_200ms,,,
14,135,14.7270436650824,1988,47.5090067239627,1156.62726358149,172.926056338028,NaN,NaN,NaN,NaN,NaN,NaN,NaN,NaN,NaN,NaN,NaN,NaN,NaN,NaN,NaN,1781.33568541762,0.744729363440589,138.48042733119,14.7621975554163,12.7795118273841,1.94834877787185,0.023338341664156,0.00731862440228259,5,1.01997996234735,17762.6110009773,2,20844.3596579477,1,1,1,57,2018-10-04T18:08:28.571,20181004_ecoli_ARA_M3_50K,4000,-0,160.175,DIA_100X_EMPTY_1x1_200ms,,,
15,258,16.3383041892348,4216,48.1998260527732,1259.82779886148,156.288187855787,NaN,NaN,NaN,NaN,NaN,NaN,NaN,NaN,NaN,NaN,NaN,NaN,NaN,NaN,NaN,3632.74632745663,0.591796124215316,265.584757174492,16.0753745287667,13.5651598922911,2.06857761878683,0.0964075923184483,0.0114191512895041,10,1.02339700968755,38383.3486971093,2,21218.1638994307,1,1,1,57,2018-10-04T18:08:28.571,20181004_ecoli_ARA_M3_50K,4000,-0,160.175,DIA_100X_EMPTY_1x1_200ms,,,
16,151,16.2951130727486,2462,49.8280605928396,1299.33590576767,188.857839155158,NaN,NaN,NaN,NaN,NaN,NaN,NaN,NaN,NaN,NaN,NaN,NaN,NaN,NaN,NaN,2099.32589492529,0.868298227848057,153.231376203732,16.525750112222,13.6030664234569,2.23718105078313,0.0210338783434702,0.00632327664542129,7,1.00343205473087,22269.5386951365,1,21183.9337936637,1,1,1,57,2018-10-04T18:08:28.571,20181004_ecoli_ARA_M3_50K,4000,-0,160.175,DIA_100X_EMPTY_1x1_200ms,,,
17,91,13.9128350137723,1268,42.756699437371,1561.77365930599,355.165615141956,NaN,NaN,NaN,NaN,NaN,NaN,NaN,NaN,NaN,NaN,NaN,NaN,NaN,NaN,NaN,1046.93190432139,0.85167326783267,91.5846978430107,14.0953414380654,11.298392758196,1.74533924509564,0.0117253182362694,0.00353312388136755,5,1.00320806865885,9182.18701314941,2,18789.5386435331,1,1,1,57,2018-10-04T18:08:28.571,20181004_ecoli_ARA_M3_50K,4000,-0,160.175,DIA_100X_EMPTY_1x1_200ms,,,
18,59,11.3027774774243,667,49.5621847223263,1590.93403298351,304.262368815592,NaN,NaN,NaN,NaN,NaN,NaN,NaN,NaN,NaN,NaN,NaN,NaN,NaN,NaN,NaN,651.265388185125,0.936053043878171,60.3724093213832,12.218165489563,10.6735742917033,1.91138521787595,0.0106048051458268,0.00565259594471323,2,1.00292640436272,5401.91994513687,2,21387.4392803598,1,1,1,57,2018-10-04T18:08:28.571,20181004_ecoli_ARA_M3_50K,4000,-0,160.175,DIA_100X_EMPTY_1x1_200ms,,,
19,353,13.1445360734416,4640,-48.1149284476602,1678.58318965517,175.455603448276,NaN,NaN,NaN,NaN,NaN,NaN,NaN,NaN,NaN,NaN,NaN,NaN,NaN,NaN,NaN,NaN,NaN,NaN,NaN,NaN,NaN,NaN,NaN,NaN,NaN,NaN,3,20034.7506465517,1,1,1,57,2018-10-04T18:08:28.571,20181004_ecoli_ARA_M3_50K,4000,-0,160.175,DIA_100X_EMPTY_1x1_200ms,,,
20,59,12.4274603764685,733,49.0019001454969,1632.08731241473,255.732605729877,NaN,NaN,NaN,NaN,NaN,NaN,NaN,NaN,NaN,NaN,NaN,NaN,NaN,NaN,NaN,621.191117192108,0.914507938210582,58.7055923710341,12.1301050243327,10.4472823165382,1.90330864477716,0.0214652359371975,0.00796411885667339,1,1.00374967653725,5032.41001093225,1,20670.8908594816,1,1,1,57,2018-10-04T18:08:28.571,20181004_ecoli_ARA_M3_50K,4000,-0,160.175,DIA_100X_EMPTY_1x1_200ms,,,
21,152,15.5166108659699,2359,47.699640055742,1972.88427299703,29.992369648156,NaN,NaN,NaN,NaN,NaN,NaN,NaN,NaN,NaN,NaN,NaN,NaN,NaN,NaN,NaN,NaN,NaN,NaN,NaN,NaN,NaN,NaN,NaN,NaN,NaN,NaN,0,18714.0576515473,1,1,1,57,2018-10-04T18:08:28.571,20181004_ecoli_ARA_M3_50K,4000,-0,160.175,DIA_100X_EMPTY_1x1_200ms,,,
